0 0.283600146875 0.043059210937499995 0.28142909375 0.0458552625 0.2858004390625 0.0529605265625 0.2880665203125 0.050219298437500004 0.283600146875 0.043059210937499995
0 0.123081140625 0.543366228125 0.12022660781250001 0.5483004390625 0.1275292390625 0.556820175 0.13037280625 0.5518092109375 0.123081140625 0.543366228125
0 0.06525950312499999 0.42431469374999997 0.069115496875 0.42110745625 0.0654970765625 0.4095668859375 0.06175073125 0.4125822375 0.06525950312499999 0.42431469374999997
0 0.38055555625 0.49805372812500004 0.38358918124999997 0.501151315625 0.3883954671875 0.49095394687500005 0.38523391875 0.487966009375 0.38055555625 0.49805372812500004
1 0.0765716375 0.5811129390625001 0.0805738296875 0.58042763125 0.0798428359375 0.5717653515625 0.07580409375 0.5723958328125 0.0765716375 0.5811129390625001
0 0.9673245609375 0.8227521937500001 0.9719298249999999 0.8192160093749999 0.9680190062499999 0.8057017546875 0.9630482453125 0.8088815796875 0.9673245609375 0.8227521937500001
0 0.882383040625 0.4873629390625 0.88678728125 0.48368969375 0.882383040625 0.46940789531249993 0.8777960531250001 0.4728618421875 0.882383040625 0.4873629390625
0 0.87580409375 0.4919956140625 0.88040935625 0.48837719375 0.8759320171875 0.47384868437499994 0.8713633046875 0.47735745625000003 0.87580409375 0.4919956140625
0 0.8757309937500001 0.4650767546875 0.8792763156250001 0.462033990625 0.8754934203125 0.45041118437499994 0.8717653515625001 0.45342653437499997 0.8757309937500001 0.4650767546875
1 0.856688596875 0.4103344296875 0.8627741234374999 0.4053179828125 0.8563779234375 0.3859100875 0.8503106718750001 0.3908442984375 0.856688596875 0.4103344296875
1 0.8432931281249999 0.3641447375 0.8463633046875 0.3614309203125 0.8440058484374999 0.3546052625 0.8407894734375001 0.3572094296875 0.8432931281249999 0.3641447375
1 0.8494517546875 0.38440241249999996 0.8547331874999999 0.38001644687499997 0.8486476609375 0.36162280625 0.843421053125 0.365570175 0.8494517546875 0.38440241249999996
0 0.8353435671874999 0.36647478125 0.8392543859374999 0.3631578953125 0.8354166671875 0.3521655703125 0.8313779234374999 0.35540021875 0.8353435671874999 0.36647478125
0 0.8348866953125 0.3432017546875 0.838578215625 0.3396381578125 0.8350511703124999 0.329331140625 0.8311769 0.3329769734375 0.8348866953125 0.3432017546875
0 0.8183662281249999 0.31979166718749996 0.8220211984375 0.31677631562499997 0.8183479531250001 0.30545504375 0.814473684375 0.3083333328125 0.8183662281249999 0.31979166718749996
1 0.8080391078125 0.2673656796875 0.8107456140625 0.265323465625 0.8083698828125 0.2578399125 0.8055007312500001 0.2599232453125 0.8080391078125 0.2673656796875
0 0.8087536546875 0.2937774125 0.81335891875 0.2896107453125 0.8080957609375 0.27521929843750004 0.8031981 0.279276315625 0.8087536546875 0.2937774125
0 0.7650767546874999 0.154331140625 0.769170321875 0.151233553125 0.7654970765625 0.1405427625 0.7614766078125 0.1435307015625 0.7650767546874999 0.154331140625
0 0.7552814328124999 0.12576754375000002 0.7592105265625 0.12269736875 0.7546600875 0.10995065781249999 0.75071271875 0.11334978124999999 0.7552814328124999 0.12576754375000002
0 0.745632309375 0.1162828953125 0.749634503125 0.112801534375 0.7451023390625 0.1006030703125 0.7409904968750001 0.1041392546875 0.745632309375 0.1162828953125
0 0.737079678125 0.0920504390625 0.7411915203125 0.088678728125 0.7375548249999999 0.0778782890625 0.7334612578125 0.0810032890625 0.737079678125 0.0920504390625
0 0.7569261703125 0.148492325 0.7614948828125 0.1450932015625 0.7564692984375 0.13103070156250002 0.7520467843749999 0.1341008765625 0.7569261703125 0.148492325
1 0.2790935671875 0.0439692984375 0.275402046875 0.0376096484375 0.2662828953125 0.049588815625 0.2700475140625 0.055921053124999995 0.2790935671875 0.0439692984375
0 0.3599963453125 0.0611293859375 0.3626461984375 0.0646107453125 0.368274853125 0.05553728125 0.3657711984375 0.0521929828125 0.3599963453125 0.0611293859375
0 0.75933845 0.9807565796875 0.7552631578125 0.982373903125 0.7577485375 0.9955866234374999 0.76171418125 0.9941337718750001 0.75933845 0.9807565796875
0 0.9458516078124999 0.7166118421875 0.950365496875 0.7127192984375 0.9464546781250001 0.6993421046875 0.9417763156250001 0.7032072375 0.9458516078124999 0.7166118421875
0 0.970723684375 0.9262609656249999 0.9668475875 0.9293256578125 0.971527778125 0.9431743421875 0.9753289468749999 0.9399671046875 0.970723684375 0.9262609656249999
0 0.9294042390625 0.9568256578125001 0.9319261703124999 0.9630208328125001 0.9396929828125 0.9558388156250001 0.9372441515625001 0.9497807015624999 0.9294042390625 0.9568256578125001
0 0.5748903515625 0.0783168859375 0.5764437140625 0.08429276249999999 0.5861476609375 0.07870065781249999 0.5847404968750001 0.072998903125 0.5748903515625 0.0783168859375
0 0.0689692984375 0.8661732453125 0.0655519 0.8697642546875001 0.0701571640625 0.88048245625 0.0735928359375 0.8773026312500001 0.0689692984375 0.8661732453125
0 0.449689328125 0 0.44809941562500005 0.001864034375 0.45074926875 0.005866228124999999 0.45588450312499995 0 0.449689328125 0
0 0.4584795328125 0.041721490625 0.4560672515625 0.0368421046875 0.448775584375 0.043366228125 0.45107821562500006 0.048629385937500005 0.4584795328125 0.041721490625
1 0.302704678125 0.013377193749999999 0.30656067187499997 0.016803728125 0.315625 0.000027412500000000002 0.31019736875000004 0 0.302704678125 0.013377193749999999
0 0.298081140625 0.014528509375000002 0.294846490625 0.0099780703125 0.287346490625 0.02038103125 0.2906981 0.0252467109375 0.298081140625 0.014528509375000002
0 0.41023391875000004 0.4506030703125 0.40710891875 0.45561951718750004 0.41593567187499997 0.46609100937500003 0.4188596484375 0.4607730265625 0.41023391875000004 0.4506030703125
0 0.12079678437500001 0.1533717109375 0.1247076015625 0.14915021875 0.1193165203125 0.1368421046875 0.115314328125 0.140625 0.12079678437500001 0.1533717109375
0 0.2859466375 0 0.284758771875 0.00381030625 0.28899853750000004 0.0049890343750000005 0.2908625734375 0 0.2859466375 0
0 0.7973684203125 0.26381578906250003 0.8013523390625 0.2609649125 0.7980628656250001 0.250356359375 0.7939510234375 0.2532894734375 0.7973684203125 0.26381578906250003
0 0.782510965625 0.223135965625 0.786366959375 0.2194078953125 0.78199926875 0.2077302625 0.7779422515625 0.211293859375 0.782510965625 0.223135965625
0 0.8815606718750001 0.5119243421874999 0.8856542390625 0.5091557015625 0.8827119890624999 0.49753289531249995 0.878435671875 0.5005756578125 0.8815606718750001 0.5119243421874999
1 0.8419225140625001 0.678179825 0.840277778125 0.6798793859375001 0.8434576015624999 0.6865405703125 0.8451206140625 0.684758771875 0.8419225140625001 0.678179825
0 0.07383040937499999 0.883251096875 0.07083333281250001 0.8874177624999999 0.075383771875 0.8966282890624999 0.078563596875 0.8922971484375 0.07383040937499999 0.883251096875
0 0.8290570171875 0.3495065796875 0.83360745625 0.34599780625 0.8289656437499999 0.3313870609375 0.82426900625 0.3346217109375 0.8290570171875 0.3495065796875
0 0.8974780703125 0.5399671046875001 0.9019736843749999 0.5364309203125 0.8973684203125 0.5216008765625 0.8928179828125 0.5248629390625 0.8974780703125 0.5399671046875001
0 0.71644736875 0.03048245625 0.7197002921875 0.0275767546875 0.7162828953125 0.018393640625 0.712938596875 0.021573465625 0.71644736875 0.03048245625
0 0.8286184203125 0.32796052656249997 0.8326754390625 0.324671053125 0.8288559937500001 0.31332236875 0.8245979531250001 0.31636513125 0.8286184203125 0.32796052656249997
0 0.8864766078124999 0.5263706140625 0.890716375 0.523382675 0.8874451750000001 0.5123355265625 0.883260234375 0.5151315796875 0.8864766078124999 0.5263706140625
0 1 0.889364034375 0.9990131578125 0.8866228062499999 0.9953033625 0.88983004375 0.9990862578125 0.9016721484374999 1 0.9007593203125 1 0.889364034375
0 0.7716374265625 0.1728892546875 0.77585891875 0.16984649062499999 0.7720211984375001 0.15849780625 0.76800073125 0.1615953953125 0.7716374265625 0.1728892546875
1 0.9522843562500001 0.0302083328125 0.9499269 0.031688596875 0.9515899125 0.0375 0.95394736875 0.0359100875 0.9522843562500001 0.0302083328125
0 0.7258771937499999 0.0389254390625 0.730025584375 0.0358278515625 0.7260782156250001 0.024013157812499998 0.7219298249999999 0.0270559203125 0.7258771937499999 0.0389254390625
0 0.23278508750000002 0.5061677625 0.22839912343750002 0.5030153515625 0.22342836250000003 0.5185855265625 0.22781432812500002 0.5217653515625 0.23278508750000002 0.5061677625
0 0.8997222218750001 0.5735964906250001 0.9039327484375 0.571096490625 0.9004020468749999 0.557510965625 0.8961915203125 0.560010965625 0.8997222218750001 0.5735964906250001
0 0.8521381578125 0.42113486875 0.8565789468749999 0.4185307015625 0.8531432750000001 0.40540021875 0.8486659359375001 0.40800438593750005 0.8521381578125 0.42113486875
1 0.81789108125 0.297313596875 0.82425073125 0.2920778515625 0.8160087718750001 0.269133771875 0.8096125734375 0.27428728125 0.81789108125 0.297313596875
0 0.784740496875 0.025548245312500002 0.788669590625 0.0209429828125 0.7829678359375001 0.0098958328125 0.77887426875 0.014610745312500001 0.784740496875 0.025548245312500002
0 0.2927905703125 0 0.2924707609375 0.000411184375 0.2953033625 0.0036458328125000003 0.2973190796875 0 0.2927905703125 0
0 0.932383040625 0.696463815625 0.9368055562500001 0.69287280625 0.9338267546875001 0.681661184375 0.929221490625 0.6853070171875 0.932383040625 0.696463815625
0 0.9501096484374999 0.7625 0.9544956140625 0.7584978062500001 0.950365496875 0.7450383765625 0.945668859375 0.748793859375 0.9501096484374999 0.7625
0 0.9919042390625 0.903563596875 0.9953216375 0.9004660093749999 0.9920869890624999 0.8895285093749999 0.9885416671874999 0.8923519734375001 0.9919042390625 0.903563596875
0 0.2654422515625 0.16332236875 0.26776315781250004 0.1692708328125 0.27728435625 0.16006030625 0.274908625 0.154385965625 0.2654422515625 0.16332236875
0 0.22668128593749998 0.4224780703125 0.22887426875 0.4165844296875 0.2193713453125 0.408278509375 0.21721491249999997 0.4141995609375 0.22668128593749998 0.4224780703125
0 0.0607821640625 0.20446820156249998 0.061257309375 0.1983278515625 0.052357456250000003 0.196546053125 0.0517361109375 0.20265899062499998 0.0607821640625 0.20446820156249998
0 0.2940917390625 0.008665021875 0.2912554828125 0.0050328953125 0.28516081875 0.015323465625 0.2879696640625 0.018834978125 0.2940917390625 0.008665021875
0 0.28982090625 0.0353618421875 0.287828946875 0.03832236875 0.2924342109375 0.0453125 0.2947002921875 0.0423245609375 0.28982090625 0.0353618421875
0 0.28671418125 0.0380208328125 0.2837902046875 0.041721490625 0.288706140625 0.0506578953125 0.291776315625 0.046902412500000004 0.28671418125 0.0380208328125
0 0.28099415156249996 0.044956140625 0.27892909375 0.0478892546875 0.283150584375 0.056003289062499996 0.285489765625 0.0531524125 0.28099415156249996 0.044956140625
0 0.0666483921875 0.9314967109375001 0.063614765625 0.9275767546875 0.056176899999999995 0.9408442984375001 0.059173976562499994 0.9446546046875 0.0666483921875 0.9314967109375001
0 0.322222221875 0.2688870609375 0.3243786546875 0.2736567984375 0.33220029218749997 0.2649945171875 0.3299159359375 0.26047149062499997 0.322222221875 0.2688870609375
0 0.306688596875 0.28511513125 0.30387426875 0.2880482453125 0.3083150578125 0.2984375 0.311293859375 0.295668859375 0.306688596875 0.28511513125
0 0.2765899125 0.229632675 0.2743238296875 0.22428728125 0.26546052656249997 0.2328125 0.26763523437500003 0.2380756578125 0.2765899125 0.229632675
0 0.280043859375 0.2344024125 0.2779239765625 0.230153509375 0.2705829671875 0.2380756578125 0.27269736875 0.242489034375 0.280043859375 0.2344024125
0 0.9548976609375 0.898876096875 0.95084064375 0.9013980265624999 0.9540570171875 0.912801534375 0.9580043859374999 0.9101425437499999 0.9548976609375 0.898876096875
0 1 0.9162280703125001 0.998793859375 0.9125274125 0.9941337718750001 0.9173245609375 0.9990679828125 0.9348684203125 1 0.9337171046874999 1 0.9162280703125001
0 0.9874634500000001 0.888760965625 0.9918128656249999 0.8853070171875 0.9893274859375 0.8752192984375 0.984795321875 0.8787006578125001 0.9874634500000001 0.888760965625
0 0.9900584796875 0.8736019734375 0.9944809937500001 0.8700932015625 0.990643275 0.8572916671874999 0.9860745609375 0.8608004390625 0.9900584796875 0.8736019734375
0 0.9824195906250001 0.8735745609375 0.9866045328125 0.8701754390625001 0.9827119890624999 0.857456140625 0.9783077484374999 0.8608552625 0.9824195906250001 0.8735745609375
0 0.98040935625 0.8388432015625 0.9846491234375 0.8359100875 0.9813231 0.8234649125000001 0.9769371343750001 0.8263980265624999 0.98040935625 0.8388432015625
0 0.960635965625 0.7995888156250001 0.9648574562500001 0.7968475875000001 0.9614217843749999 0.78366228125 0.9570942984374999 0.78618969375 0.960635965625 0.7995888156250001
0 0.934393275 0.67741228125 0.9391995609375 0.6740953953125 0.9354714906250001 0.6604989031249999 0.9305007312500001 0.6639802625 0.934393275 0.67741228125
0 0.276864034375 0.047478070312499995 0.2743603796875 0.0510690796875 0.2791849421875 0.0596217109375 0.28194444375 0.05633223750000001 0.276864034375 0.047478070312499995
0 0.9393092109375001 0.693311403125 0.943274853125 0.690296053125 0.9407894734375001 0.68040021875 0.9366045328125001 0.68352521875 0.9393092109375001 0.693311403125
0 0.0696454671875 0.23001644687499997 0.066739765625 0.2329495609375 0.0701754390625 0.241831140625 0.0732090640625 0.2390625 0.0696454671875 0.23001644687499997
1 0.815204678125 0.0216282890625 0.8142178359375001 0.018393640625 0.8103801171875 0.0220942984375 0.8113852343750001 0.0252192984375 0.815204678125 0.0216282890625
0 0.29455409375 0.0072094296875 0.2987024859375 0.012033990625000001 0.30544590625 0 0.298757309375 0.000054825000000000004 0.29455409375 0.0072094296875
0 0.9556103796875 0.751096490625 0.9608187140625001 0.746875 0.9560489765625 0.7311129390625 0.95073099375 0.7352604171875 0.9556103796875 0.751096490625
0 0.8673976609375 0.4642817984375 0.8713815796875 0.4610197375 0.8678179828125 0.45071271875 0.8639071640625 0.45367324531250003 0.8673976609375 0.4642817984375
0 0.3711111109375 0.0565570171875 0.373903509375 0.060553728125 0.3798263890625 0.0509292765625 0.3772112578125 0.0471792765625 0.3711111109375 0.0565570171875
0 0.91948099375 0.648903509375 0.9243421046875 0.6453399125 0.9204495609375 0.6296600875 0.9154057015625 0.6328947375 0.91948099375 0.648903509375
0 0.9237573093749999 0.6345394734375 0.928179825 0.631661184375 0.924981725 0.6196546046875 0.9205409359375001 0.6224232453125 0.9237573093749999 0.6345394734375
0 0.9238304093749999 0.6653782890625 0.9286549703125001 0.662116228125 0.9252741234374999 0.649588815625 0.9205683484374999 0.65275219375 0.9238304093749999 0.6653782890625
0 0.9300621343750001 0.66006030625 0.9341557015624999 0.6568256578125 0.9304459062499999 0.6429824562500001 0.9261513156250001 0.6462993421875 0.9300621343750001 0.66006030625
0 0.9411732453124999 0.72727521875 0.945356359375 0.723719846875 0.941831140625 0.712033990625 0.937554825 0.7154331140625 0.9411732453124999 0.72727521875
0 0.7427448828125 0.0920504390625 0.746509503125 0.088733553125 0.7431469296875 0.0787554828125 0.7392909359375001 0.08168859687499999 0.7427448828125 0.0920504390625
0 0.7702668125 0.1872532890625 0.7740862578125001 0.1844572375 0.7707529234375 0.17428728124999998 0.7670687140625 0.17730263125 0.7702668125 0.1872532890625
0 0.7828764625 0.20249451718749997 0.7870248531249999 0.198739034375 0.7825840640624999 0.18681469374999998 0.7783808484375 0.1904605265625 0.7828764625 0.20249451718749997
0 0.7970394734374999 0.2423793859375 0.8009137421875 0.23892543906250002 0.797277046875 0.22839912343750002 0.793274853125 0.231661184375 0.7970394734374999 0.2423793859375
0 0.8409173984375 0.38262061406250003 0.8446271937500001 0.3795778515625 0.8414473687499999 0.3693530703125 0.8375731 0.372286184375 0.8409173984375 0.38262061406250003
0 0.847222221875 0.40227521875 0.8516264625 0.398492325 0.847350146875 0.38525219375 0.84298245625 0.388760965625 0.847222221875 0.40227521875
1 0.8669590640625 0.4372807015625 0.8719846484374999 0.43275767500000006 0.8658077484375 0.414007675 0.8608187140625001 0.4178179828125 0.8669590640625 0.4372807015625
1 0.8618238296875 0.4486567984375 0.8675804093749999 0.44427083281249996 0.8615131578125 0.4243969296875 0.8557675437500001 0.42850877187499997 0.8618238296875 0.4486567984375
0 0.8943896203125 0.5556469296875 0.89917763125 0.552768640625 0.8957602343750001 0.5392269734374999 0.8909173984375001 0.5420778515625 0.8943896203125 0.5556469296875
0 0.91021564375 0.5853070171875 0.9143457609375 0.5820175437499999 0.910581140625 0.5684484656250001 0.9062682750000001 0.571463815625 0.91021564375 0.5853070171875
0 0.9041301171875 0.588706140625 0.9080592109375001 0.58514254375 0.9049159359375001 0.5748355265625 0.90080409375 0.5783442984375 0.9041301171875 0.588706140625
0 0.9093201750000001 0.60849780625 0.91337719375 0.60540021875 0.910489765625 0.5943530703125 0.9064327484374999 0.5970394734375 0.9093201750000001 0.60849780625
1 0.9173611109375001 0.6103070171875 0.9232821640625 0.6061951750000001 0.9178545328125001 0.58508771875 0.91180555625 0.5889802625 0.9173611109375001 0.6103070171875
0 0.9135416671875 0.626260965625 0.91790935625 0.6231359656250001 0.9144005843749999 0.6107456140624999 0.9100237578125 0.6138322375 0.9135416671875 0.626260965625
1 0.9044590640625 0.564473684375 0.9104714906250001 0.5603070171875 0.9046600874999999 0.53985745625 0.898793859375 0.54375 0.9044590640625 0.564473684375
0 0.7259868421875 0.062225876562500004 0.729989034375 0.0595668859375 0.726955409375 0.0498629390625 0.722953215625 0.052576754687500005 0.7259868421875 0.062225876562500004
0 0.9623720765625 0.775383771875 0.9667032156250001 0.7724232453125001 0.9628837718750001 0.758168859375 0.95858918125 0.7611293859375 0.9623720765625 0.775383771875
1 0.9697368421875 0.7982182015625 0.97262426875 0.79608004375 0.9705409359375 0.7884594296875 0.9675255843749999 0.7905427625 0.9697368421875 0.7982182015625
0 0.9745065796875 0.8220394734375001 0.9787828953125001 0.8192160093749999 0.9752923984375 0.80701754375 0.9708333328125001 0.8099780703125001 0.9745065796875 0.8220394734375001
0 0.9755482453125 0.8490405703125001 0.9797697375000001 0.8462171046875 0.9759685671874999 0.8327576750000001 0.9717836249999999 0.835526315625 0.9755482453125 0.8490405703125001
0 0.8324013156250001 0.46217105312499995 0.828453946875 0.4655975875 0.8326206140625001 0.476891446875 0.83665935625 0.4731907890625 0.8324013156250001 0.46217105312499995
1 0.8036001468749999 0.3607456140625 0.7959795328125 0.3662280703125 0.8096125734375 0.4145833328125 0.81794590625 0.40868969374999997 0.8036001468749999 0.3607456140625
0 0.773830409375 0.2978344296875 0.7709795328125 0.2997258765625 0.773081140625 0.3071820171875 0.77587719375 0.305126096875 0.773830409375 0.2978344296875
0 0.22790570156249998 0.5045230265625 0.2244517546875 0.5014254390625 0.21947002968749998 0.5146244515625 0.2231542390625 0.51800986875 0.22790570156249998 0.5045230265625
0 0.880884503125 0.179331140625 0.8773026312500001 0.17828947343749998 0.876260965625 0.189391446875 0.8799214187500001 0.19022478125 0.880884503125 0.179331140625
0 0.90391081875 0.20586622812500002 0.9047331875 0.1994243421875 0.898053728125 0.19584155625 0.89704495625 0.20236842031250002 0.90391081875 0.20586622812500002
0 0.3607821640625 0.1012883765625 0.35665204687499996 0.10106907968750001 0.3560307015625 0.11447368437500001 0.3604349421875 0.11474780625 0.3607821640625 0.1012883765625
1 1 0.9048245609375 0.998848684375 0.9008223687499999 0.9970760234375 0.9028782890624999 0.9990314328125001 0.90866228125 1 0.907469846875 1 0.9048245609375
1 0.8927448828125 0.5227796046875001 0.898135965625 0.5178179828125 0.8917872812500001 0.496647478125 0.8861951749999999 0.5013541671875 0.8927448828125 0.5227796046875001