0 0.0900219296875 0.1155975875 0.0888523390625 0.12195723750000001 0.09893823125 0.12699287343750001 0.1002540203125 0.12019736875 0.0900219296875 0.1155975875
0 0.038066520312500005 0.28834978125 0.038066520312500005 0.282401315625 0.028088449999999997 0.28201754375 0.0279970765625 0.2881030703125 0.038066520312500005 0.28834978125
0 0.0598866953125 0.290296053125 0.0599616234375 0.28316063593749996 0.048629385937500005 0.28253837656249997 0.0484649125 0.289501096875 0.0598866953125 0.290296053125
0 0.026224415625000004 0.299643640625 0.0262975140625 0.29331140312500004 0.017001096875 0.292801534375 0.016922514062499998 0.29901315781250004 0.026224415625000004 0.299643640625
0 0.0842288015625 0.2927905703125 0.0846491234375 0.2860745609375 0.07576754375 0.28519736875 0.07536549687500001 0.2915296046875 0.0842288015625 0.2927905703125
0 0.0904057015625 0.3044682015625 0.090570175 0.297998903125 0.0794956140625 0.2971217109375 0.07898391875 0.303453946875 0.0904057015625 0.3044682015625
0 0.1052083328125 0.2948190796875 0.105884503125 0.287966009375 0.0947368421875 0.2865679828125 0.09413377187500001 0.293448465625 0.1052083328125 0.2948190796875
0 0.11264619843749998 0.3060032890625 0.1129934203125 0.29925986875 0.1034173984375 0.298135965625 0.10299707656249998 0.30485197343750003 0.11264619843749998 0.3060032890625
0 0.1227887421875 0.2978892546875 0.123135965625 0.29065241249999996 0.11290204687500001 0.2896107453125 0.112481725 0.2967379390625 0.1227887421875 0.2978892546875
0 0.13581871406249998 0.30878563593749997 0.13598684218749998 0.3018092109375 0.124579678125 0.3006578953125 0.1243969296875 0.307510965625 0.13581871406249998 0.30878563593749997
0 0.14948830468750002 0.30063048281250004 0.14994517499999999 0.293804825 0.13989400624999998 0.2926809203125 0.139418859375 0.2994791671875 0.14948830468750002 0.30063048281250004
0 0.1654422515625 0.2990405703125 0.16566155 0.29331140312500004 0.15710891875 0.2927357453125 0.1568347953125 0.2985471484375 0.1654422515625 0.2990405703125
0 0.1522295328125 0.309676534375 0.15263157968750002 0.30309758750000004 0.1420687140625 0.3018092109375 0.1415752921875 0.30852521875 0.1522295328125 0.309676534375
0 0.1778508765625 0.3025767546875 0.17801535156249998 0.29610745625 0.168384503125 0.29533991249999997 0.168293128125 0.3020833328125 0.1778508765625 0.3025767546875
0 0.19247076093749999 0.3020559203125 0.192653509375 0.295723684375 0.181652046875 0.294956140625 0.18132310000000001 0.3014254390625 0.19247076093749999 0.3020559203125
1 0.1865497078125 0.3109375 0.18673245624999998 0.3052357453125 0.1795394734375 0.3047258765625 0.1792013890625 0.3104358546875 0.1865497078125 0.3109375
0 0.20608552656249998 0.30561951718749997 0.2061769 0.2982730265625 0.1946454671875 0.29766995625 0.19449926875 0.304989034375 0.20608552656249998 0.30561951718749997
0 0.21860380156249998 0.3040844296875 0.2188596484375 0.2978892546875 0.207437865625 0.29703947343750003 0.20716374218750003 0.303179825 0.21860380156249998 0.3040844296875
0 0.22275219375000002 0.3165296046875 0.222971490625 0.31025219375 0.21281067187499997 0.3096217109375 0.21260964843750002 0.316008771875 0.22275219375000002 0.3165296046875
0 0.233991228125 0.30627741249999996 0.2342653515625 0.3001918859375 0.2256030703125 0.2993969296875 0.22540204687499998 0.30542763125 0.233991228125 0.30627741249999996
1 0.17764985312499998 0.28481359687499996 0.177796053125 0.2817434203125 0.1729349421875 0.281551534375 0.1728618421875 0.28449287343749996 0.17764985312499998 0.28481359687499996
1 0.1982090640625 0.3474780703125 0.1978252921875 0.3577028515625 0.234795321875 0.36115679843750004 0.2352887421875 0.3505756578125 0.1982090640625 0.3474780703125
1 0.23333333281250002 0.3641995609375 0.23289473749999998 0.3724232453125 0.24926900624999998 0.37423245625 0.24967105312500001 0.3661732453125 0.23333333281250002 0.3641995609375
0 0.264400584375 0.35699013125 0.2642543859375 0.362966009375 0.2734466375 0.36362390312500004 0.2736842109375 0.3576754390625 0.264400584375 0.35699013125
1 0.267562134375 0.3666940796875 0.26721491249999996 0.374698465625 0.28198099375 0.37617872812500003 0.28225511718749996 0.36803728125 0.267562134375 0.3666940796875
0 0.3642178359375 0.37415021875 0.36339546718750004 0.3809758765625 0.37406798281250003 0.38333333281250004 0.3747624265625 0.3766447375 0.3642178359375 0.37415021875
1 0.20122441562499999 0.408991228125 0.20096856718749997 0.419106359375 0.24287280625 0.42069627187499997 0.24298245624999998 0.41011513125 0.20122441562499999 0.408991228125
0 0.3844846484375 0.1806743421875 0.3887975140625 0.18045504375000002 0.3884320171875 0.164418859375 0.38426535156249997 0.16452850937500002 0.3844846484375 0.1806743421875
0 0.43273026249999996 0.27461622812500003 0.43263888906250003 0.28157894687499996 0.44371345 0.2818530703125 0.4438231 0.27497258750000003 0.43273026249999996 0.27461622812500003
0 0.2502923984375 0.30874451718749996 0.25071271875 0.30224780625 0.24161184218749998 0.30112390312500004 0.2412097953125 0.307401315625 0.2502923984375 0.30874451718749996
1 0.26076388906250003 0.30734649062499997 0.26105628593749997 0.3022203953125 0.25447733906250003 0.3015350875 0.2541849421875 0.306716009375 0.26076388906250003 0.30734649062499997
0 0.2705665203125 0.3099808109375 0.27096125781249997 0.3037828953125 0.2619883046875 0.3026315796875 0.2615862578125 0.3088267546875 0.2705665203125 0.3099808109375
0 0.28527046718750004 0.310992325 0.28539839218749996 0.3044682015625 0.2741648390625 0.30386513125 0.27404970781250004 0.31036184218749996 0.28527046718750004 0.310992325
0 0.303760965625 0.31231085468750003 0.30392909375 0.3056743421875 0.2923611109375 0.305071271875 0.29226973749999996 0.31181469375000004 0.303760965625 0.31231085468750003
0 0.327668128125 0.31644736875 0.3279422515625 0.310581140625 0.31895102343750004 0.309813596875 0.3186769 0.3154879390625 0.327668128125 0.31644736875
1 0.33859649062499997 0.3154879390625 0.3390350875 0.31019736875000004 0.33277229531249997 0.30932839843750004 0.332383040625 0.3146107453125 0.33859649062499997 0.3154879390625
1 0.35235745625 0.315953946875 0.352722953125 0.3104440796875 0.34656432812500004 0.3096217109375 0.3461988296875 0.3151315796875 0.35235745625 0.315953946875
0 0.365186403125 0.32039473749999997 0.3655957609375 0.3136266453125 0.355025584375 0.312554825 0.35475511718749997 0.3195394734375 0.365186403125 0.32039473749999997
1 0.3782711984375 0.32014802656249997 0.37847222187499996 0.31463815781250004 0.372258771875 0.31403508750000003 0.3720942984375 0.3196820171875 0.3782711984375 0.32014802656249997
0 0.3779970765625 0.333963815625 0.3783442984375 0.3278508765625 0.36949926875 0.3270833328125 0.3693165203125 0.33314144687499997 0.3779970765625 0.333963815625
0 0.403545321875 0.32245065781250004 0.40381944374999995 0.3161458328125 0.3944261703125 0.315570175 0.3942434203125 0.32184758750000003 0.403545321875 0.32245065781250004
1 0.455062134375 0.337938596875 0.455007309375 0.3294956140625 0.43868786562500006 0.32941337656249997 0.43863304062499997 0.3377741234375 0.455062134375 0.337938596875
0 0.4608004390625 0.3251644734375 0.4607638890625 0.31885964843750003 0.4498538015625 0.31872258750000004 0.44990862500000006 0.3250822375 0.4608004390625 0.3251644734375
1 0.479331140625 0.33626644687499996 0.47900219374999997 0.325438596875 0.4612207609375 0.3264802625 0.4615314328125 0.33739035156249997 0.479331140625 0.33626644687499996
1 0.4901315796875 0.32428728125 0.4900584796875 0.31570723749999996 0.47565789531249997 0.3161458328125 0.47576754374999997 0.3247807015625 0.4901315796875 0.32428728125
0 0.49932200312499997 0.33569353125 0.4991447375 0.3284703953125 0.48834064374999997 0.3291118421875 0.48851608124999996 0.3363980265625 0.49932200312499997 0.33569353125
1 0.5193530703125 0.290158990625 0.5190606718749999 0.282401315625 0.5029057015625 0.283278509375 0.503143275 0.291036184375 0.5193530703125 0.290158990625
0 0.5104166671875 0.322231359375 0.51012426875 0.31650219375 0.5015533624999999 0.3171080046875 0.5017543859375 0.3227796046875 0.5104166671875 0.322231359375
0 0.5131578953125 0.33415570156249996 0.512883771875 0.327768640625 0.5044407890625 0.32864583281250004 0.5046966375 0.3349506578125 0.5131578953125 0.33415570156249996
0 0.5247076015625 0.32245065781250004 0.524597953125 0.3161458328125 0.5146564328125 0.31677631562499997 0.51480263125 0.3229166671875 0.5247076015625 0.32245065781250004
0 0.527796053125 0.3319078953125 0.5275950296875 0.32571271875 0.5184941515625 0.32639254375000004 0.5187317250000001 0.3328125 0.527796053125 0.3319078953125
0 0.5396564328125 0.32124451718749997 0.539491959375 0.31488486875 0.5296290203125 0.3156880484375 0.5299524859375 0.3219846484375 0.5396564328125 0.32124451718749997
0 0.5396929828125 0.33048245625 0.5395650578125 0.32412280625 0.5286915203125 0.324671053125 0.5288925437499999 0.3311677625 0.5396929828125 0.33048245625
0 0.55316155 0.330126096875 0.5529970765625001 0.323081140625 0.5423611109375 0.323382675 0.542525584375 0.33042763124999996 0.55316155 0.330126096875
1 0.3168530703125 0.25938322343750003 0.3168530703125 0.26207236875 0.3201937140625 0.2619517546875 0.3201553359375 0.2591995609375 0.3168530703125 0.25938322343750003
1 0.3750310671875 0.284364034375 0.375089546875 0.2872697375 0.37925986875 0.286918859375 0.3791301171875 0.284018640625 0.3750310671875 0.284364034375
1 0.38413377187500003 0.2821600875 0.38413377187500003 0.28489309218750003 0.3877192984375 0.2848958328125 0.3876571640625 0.28207236875 0.38413377187500003 0.2821600875
1 0.43205409375 0.2877604171875 0.43205409375 0.290614034375 0.4351553359375 0.290614034375 0.43516081875 0.287856359375 0.43205409375 0.2877604171875
1 0.4534777046875 0.3053070171875 0.4534777046875 0.30890076718750004 0.4585508046875 0.30868969375 0.458481359375 0.3052028515625 0.4534777046875 0.3053070171875
1 0.485544590625 0.303481359375 0.4856122078125 0.30604714843749997 0.4897002921875 0.305836075 0.4897002921875 0.3033004390625 0.485544590625 0.303481359375
1 0.4979075296875 0.2942434203125 0.498044590625 0.297341009375 0.5022112578125 0.297313596875 0.5021655703125 0.2940953953125 0.4979075296875 0.2942434203125
1 0.5134685671875 0.2962171046875 0.513706140625 0.29923245625 0.5169225140625 0.2987116234375 0.516703215625 0.295723684375 0.5134685671875 0.2962171046875
0 0.5400840640625 0.40680098750000004 0.539382309375 0.4135416671875 0.5492891078125 0.41578673281249995 0.5498720765625 0.409375 0.5400840640625 0.40680098750000004
0 0.6062682749999999 0.1072642546875 0.6100694437499999 0.107456140625 0.6100511703125 0.09427083281250001 0.6063596484375 0.094161184375 0.6062682749999999 0.1072642546875
0 0.600052996875 0.10746162343750001 0.6047423249999999 0.1077055921875 0.6047843562499999 0.0939418859375 0.6002558484375 0.09369791718750001 0.600052996875 0.10746162343750001
0 0.59451754375 0.10849780625000001 0.5986293859375 0.10863486874999999 0.598830409375 0.0936677625 0.59451754375 0.0935032890625 0.59451754375 0.10849780625000001
0 0.581445540625 0.10498629374999999 0.585590278125 0.105112390625 0.58575840625 0.0881167765625 0.5813596484375 0.087856359375 0.581445540625 0.10498629374999999
0 0.655829678125 0.0275493421875 0.6515533625 0.02743969375 0.651918859375 0.042077851562500004 0.656195175 0.0419956140625 0.655829678125 0.0275493421875
0 0.6546783625 0.05079495625 0.65069444375 0.0506304828125 0.6505116953125001 0.065981359375 0.6547331875 0.065953946875 0.6546783625 0.05079495625
0 0.6544956140625 0.0697395828125 0.649908625 0.06973684218750001 0.649908625 0.0845394734375 0.6546728796875 0.08471491249999999 0.6544956140625 0.0697395828125
0 0.6544590640625 0.0938870609375 0.649616228125 0.0938870609375 0.6494700296875 0.10959429843749999 0.6545687140625 0.109676534375 0.6544590640625 0.0938870609375
0 0.6546783625 0.1157346484375 0.6502375734375 0.115625 0.650365496875 0.1310855265625 0.6548793859375001 0.1312225875 0.6546783625 0.1157346484375
0 0.587043128125 0.108223684375 0.5895120609375 0.10807565781249999 0.589400584375 0.099698465625 0.5869152046874999 0.09978070156249999 0.587043128125 0.108223684375
0 0.5912463453125001 0.10852521875000001 0.5939144734374999 0.10863486874999999 0.5940058484375 0.100301534375 0.5913925437499999 0.10019188593749999 0.5912463453125001 0.10852521875000001
0 0.6192799703125 0.1376096484375 0.6189510234375 0.1452850875 0.6297331875000001 0.1463541671875 0.630043859375 0.1388157890625 0.6192799703125 0.1376096484375
1 0.678106725 0.15550986875 0.6786366953125 0.1455592109375 0.662902046875 0.144106359375 0.6625 0.15389254375 0.678106725 0.15550986875
0 0.6898574562500001 0.1571546046875 0.690241228125 0.14986293906249998 0.6798793859375001 0.1483278515625 0.679367690625 0.155866228125 0.6898574562500001 0.1571546046875
0 0.7130482453125 0.1595120609375 0.7133040937499999 0.15205592031249998 0.7027960531249999 0.151096490625 0.7025584796875 0.15863486875 0.7130482453125 0.1595120609375
0 0.730018275 0.16097861875 0.730018275 0.1538569078125 0.719206871875 0.1532565796875 0.7190350875 0.1602055921875 0.730018275 0.16097861875
0 0.56875 0.31875 0.568421053125 0.312856359375 0.559375 0.3135416671875 0.5595394734375 0.31959978125 0.56875 0.31875
0 0.584685671875 0.3174616234375 0.584466375 0.3104166671875 0.5735562859375001 0.31107456093749997 0.5736842109375 0.3181469296875 0.584685671875 0.3174616234375
0 0.605116959375 0.326864034375 0.6048793859375 0.32050438593749997 0.5947368421875 0.32110745625 0.594901315625 0.327658990625 0.605116959375 0.326864034375
0 0.619846490625 0.3267543859375 0.619689328125 0.3206304828125 0.6099013156249999 0.320934759375 0.6100328953124999 0.32730263125 0.619846490625 0.3267543859375
0 0.6399671046875001 0.3263706140625 0.6400767546874999 0.31959978125 0.6298428359375 0.3189144734375 0.6297149125 0.32576754375 0.6399671046875001 0.3263706140625
0 0.6406981 0.3142543859375 0.640570175 0.308168859375 0.6302814328124999 0.3080592109375 0.6302997078125 0.3143366234375 0.6406981 0.3142543859375
0 0.65073099375 0.316008771875 0.65087719375 0.31008771875 0.6424524859375 0.3095394734375 0.6422697375 0.315570175 0.65073099375 0.316008771875
1 0.4322002921875 0.33969298281250004 0.43263888906250003 0.32724780625 0.3838267546875 0.3225054828125 0.383114034375 0.33514254375 0.4322002921875 0.33969298281250004
1 0.3576937140625 0.332428728125 0.35824195937500003 0.3192708328125 0.30862573125 0.314364034375 0.3078764625 0.327001096875 0.3576937140625 0.332428728125
0 0.6591739765625 0.3302357453125 0.6598135968750001 0.32406798281250004 0.6497076015625 0.32176535156249997 0.6490497078125 0.32793311406250003 0.6591739765625 0.3302357453125
0 0.663742690625 0.3208881578125 0.663742690625 0.313760965625 0.6529970765625001 0.313651315625 0.6529970765625001 0.3208059203125 0.663742690625 0.3208881578125
0 0.6783625734375 0.32406798281250004 0.67889254375 0.31792763125 0.6688596484375 0.315953946875 0.668366228125 0.3220394734375 0.6783625734375 0.32406798281250004
1 0.6989766078125 0.34229714843750003 0.7001096484375 0.3303453953125 0.66491228125 0.3216557015625 0.6634868421875 0.33399122812500004 0.6989766078125 0.34229714843750003
0 0.7091191515624999 0.3314418859375 0.709703946875 0.3247807015625 0.6993786546874999 0.32184758750000003 0.6986293859375 0.3287280703125 0.7091191515624999 0.3314418859375
0 0.717671784375 0.3443804828125 0.7182565796875 0.33821271875000003 0.7092288015625 0.3360745609375 0.70860745625 0.342543859375 0.717671784375 0.3443804828125
0 0.7234100875 0.33577302656249997 0.7239948828125 0.32955043906250003 0.7139985375 0.32705592031249997 0.71332236875 0.3333607453125 0.7234100875 0.33577302656249997
1 0.753609284375 0.3559868421875 0.7545321640625 0.343804825 0.72732090625 0.33747258750000003 0.7260416671875001 0.35002741249999997 0.753609284375 0.3559868421875
0 0.73834064375 0.3396381578125 0.7389619890625 0.3333333328125 0.7288011703125 0.330948465625 0.72816155 0.337554825 0.73834064375 0.3396381578125
0 0.7511641078125 0.3429194078125 0.7517543859375 0.3365405703125 0.741721490625 0.334018640625 0.740972221875 0.340570175 0.7511641078125 0.3429194078125
0 0.76487573125 0.3458607453125 0.7654422515625 0.3396107453125 0.7550621343749999 0.3372532890625 0.7544773390625 0.3437225875 0.76487573125 0.3458607453125
0 0.76642909375 0.358114034375 0.7669590640624999 0.351864034375 0.7576206140624999 0.350054825 0.7571271937499999 0.3563596484375 0.76642909375 0.358114034375
1 0.777649853125 0.3482182015625 0.7780336250000001 0.34306469375000004 0.7721673984375 0.342242325 0.771820175 0.3474780703125 0.777649853125 0.3482182015625
0 0.7887975140625 0.35084978125 0.7891447375 0.3443256578125 0.7790570171875 0.3427631578125 0.7786184203125 0.3493969296875 0.7887975140625 0.35084978125
0 0.7983004390625 0.362445175 0.7985745609375 0.3560581140625 0.788687865625 0.3547971484375 0.7884137421874999 0.361403509375 0.7983004390625 0.362445175
0 0.8009320171875001 0.35298793906250003 0.8013706140625001 0.34616228125 0.79133771875 0.34481907968750003 0.790902778125 0.351436403125 0.8009320171875001 0.35298793906250003
0 0.8142361109375 0.36493969375 0.814400584375 0.3576754390625 0.8032346484374999 0.356661184375 0.8029970765625001 0.36398026250000004 0.8142361109375 0.36493969375
1 0.817525584375 0.35509868437500003 0.8181469296874999 0.3466557015625 0.8041118421875 0.34446271875 0.8036001468749999 0.3529331140625 0.817525584375 0.35509868437500003
0 0.8233187140625 0.1718475875 0.8236293859374999 0.1646929828125 0.8140716375 0.163623903125 0.8137207609375 0.170635965625 0.8233187140625 0.1718475875
0 0.93821271875 0.336239034375 0.9424342109375001 0.33519736875 0.94131944375 0.321463815625 0.9370120609375 0.322190240625 0.93821271875 0.336239034375
1 0.898214546875 0.3289446265625 0.9021710531249999 0.3289446265625 0.9021747078125 0.3213541671875 0.8981176906250001 0.32149122812500003 0.898214546875 0.3289446265625
1 0.8811403515625 0.3276315796875 0.88522478125 0.3278782890625 0.88552814375 0.31950657968749996 0.881304825 0.31924342031249997 0.8811403515625 0.3276315796875
1 0.8327850874999999 0.3680921046875 0.8335526312500001 0.359758771875 0.8194078953125 0.3567982453125 0.8186220765625001 0.3653508765625 0.8327850874999999 0.3680921046875
0 0.8282711984375 0.3568530703125 0.828125 0.3512883765625 0.8208735375 0.35109100937500004 0.8208516078124999 0.356606359375 0.8282711984375 0.3568530703125
0 0.839510234375 0.3580317984375 0.83983918125 0.352028509375 0.8309941515625001 0.351151315625 0.830811403125 0.3572916671875 0.839510234375 0.3580317984375
0 0.846875 0.3697094296875 0.847222221875 0.36332236875 0.8376827484374999 0.3618695171875 0.8372258765625 0.368393640625 0.846875 0.3697094296875
0 0.8526498531250001 0.360471490625 0.8529422515625 0.3545230265625 0.844078946875 0.3532072375 0.843695175 0.35929276250000003 0.8526498531250001 0.360471490625
0 0.7468932749999999 0.10827850937500001 0.742580409375 0.1084155703125 0.7427448828125 0.12383223750000001 0.7470211984375 0.123766446875 0.7468932749999999 0.10827850937500001
0 0.7416118421875 0.08045504375 0.7458333328125 0.08009868437499999 0.7450657890625 0.06428179843750001 0.741008771875 0.06439144687500001 0.7416118421875 0.08045504375
0 0.75853435625 0.07765899062500001 0.7547514625 0.07727521875 0.7544590640625 0.087938596875 0.758278509375 0.08826754375 0.75853435625 0.07765899062500001
0 0.7291666671875 0.18056469375 0.7291483921874999 0.17428728124999998 0.7201571640625 0.173848684375 0.7200950296874999 0.180438596875 0.7291666671875 0.18056469375
0 0.7596673984375 0.10794956093750001 0.7548245609374999 0.1078125 0.7546418125 0.1234649125 0.7595394734375 0.1235471484375 0.7596673984375 0.10794956093750001
0 0.7267726609375 0.0416118421875 0.7268274859375 0.048026315624999996 0.73510599375 0.047861842187499996 0.7349963453125 0.0416940796875 0.7267726609375 0.0416118421875
0 0.7142543859375 0.0401041671875 0.7140899125 0.0471491234375 0.7250731 0.0477796046875 0.7251827484375 0.0407346484375 0.7142543859375 0.0401041671875
0 0.7103070171875 0.046271929687500005 0.7107638890625 0.039418859375 0.6997624265625 0.0375 0.6993238296875 0.04443530625 0.7103070171875 0.046271929687500005
0 0.694152046875 0.0294133765625 0.68974780625 0.0287554828125 0.688706140625 0.043256579687500005 0.6931597218750001 0.0439720390625 0.694152046875 0.0294133765625
0 0.6887262421875 0.0296381578125 0.68433845 0.0294133765625 0.6840643281250001 0.0436677625 0.688669590625 0.043832237499999996 0.6887262421875 0.0296381578125
0 0.7177631578125 0.0135690796875 0.721893275 0.015213815624999998 0.7238486843749999 0.0013980265625 0.7197551171875001 0 0.7177631578125 0.0135690796875
0 0.7674890343749999 0.163760965625 0.7697733921875 0.1572094296875 0.7598866953125001 0.1487116234375 0.757456140625 0.1553453953125 0.7674890343749999 0.163760965625
0 0.781341375 0.1674067984375 0.78198099375 0.159731359375 0.770760234375 0.1577302625 0.7700475140624999 0.1656524125 0.781341375 0.1674067984375
0 0.7736951750000001 0.1850219296875 0.7741045328125 0.178426534375 0.7626644734375 0.17691885937500001 0.7622441515625 0.18352521875 0.7736951750000001 0.1850219296875
0 0.7902046781250001 0.1826480265625 0.785508040625 0.18300438593749999 0.7860928359375 0.19893092031249998 0.7908991234375 0.1983278515625 0.7902046781250001 0.1826480265625
0 0.7928362578125 0.1877467109375 0.7930738296875 0.2044956140625 0.79760599375 0.2045778515625 0.7974780703125 0.187938596875 0.7928362578125 0.1877467109375
0 0.7286001468750001 0.0270559203125 0.7327119890625 0.026617324999999997 0.7322185671875 0.0135142546875 0.728070175 0.013843201562499999 0.7286001468750001 0.0270559203125
0 0.7340460531249999 0.028974781249999998 0.7385416671875 0.029221490625000002 0.7382949562500001 0.01430646875 0.7341374265625 0.0140625 0.7340460531249999 0.028974781249999998
0 0.738578215625 0.030153509375 0.7430190062500001 0.030263157812500004 0.74298245625 0.0157620609375 0.738742690625 0.015460526562499998 0.738578215625 0.030153509375
0 0.7487024859375 0.017626096875 0.7443347953125 0.0176809203125 0.7447368421875 0.032428728125 0.7490606718749999 0.03222861875 0.7487024859375 0.017626096875
0 0.7534173984375 0.0338267546875 0.7579130109375 0.0338815796875 0.7578216375 0.0193256578125 0.753581871875 0.019216009375000002 0.7534173984375 0.0338267546875
0 0.7953947375 0.042680920312499995 0.798044590625 0.037171053125 0.7898940062500001 0.027165570312499998 0.78671418125 0.0325932015625 0.7953947375 0.042680920312499995
0 0.6697916671875 0 0.6698282156250001 0.001891446875 0.6736842109375 0.0018366234374999999 0.6736641078125001 0 0.6697916671875 0
1 0.5737792390625 0.29853344375 0.5741447375 0.29542763125 0.568908990625 0.294514803125 0.5686641078125 0.2976206140625 0.5737792390625 0.29853344375
1 0.594188596875 0.2982730265625 0.5938961984375 0.2959155703125 0.5900219296875 0.29679276250000003 0.5903143281250001 0.29923245625 0.594188596875 0.2982730265625
1 0.586348684375 0.2923245609375 0.5862097953125 0.289602521875 0.58107090625 0.2901891453125 0.5812171046875 0.29305372812499997 0.586348684375 0.2923245609375
1 0.6000731 0.28042763125 0.603545321875 0.2802083328125 0.6032730265625 0.270413925 0.5997441515624999 0.270668859375 0.6000731 0.28042763125
1 0.6314510234374999 0.28525219375 0.6312682749999999 0.2826206140625 0.6264437140625 0.28319627187499996 0.6266264625 0.285882675 0.6314510234374999 0.28525219375
1 0.628508771875 0.28889802656249997 0.6282346484375 0.28643914531250003 0.6232456140625 0.287828946875 0.6235745609375 0.290268640625 0.628508771875 0.28889802656249997
1 0.6394005843749999 0.29290021875 0.6391264624999999 0.290268640625 0.634027778125 0.2912828953125 0.6342288015624999 0.2939418859375 0.6394005843749999 0.29290021875
1 0.63357090625 0.293421053125 0.6334612578125001 0.29087171093749997 0.628545321875 0.2912554828125 0.6286366953125 0.2938870609375 0.63357090625 0.293421053125
1 0.6688888890625 0.3028618421875 0.6686586250000001 0.3002467109375 0.6635233921875 0.3009868421875 0.663706140625 0.3036732453125 0.6688888890625 0.3028618421875
1 0.6942434203125 0.3060307015625 0.6943530703125 0.30254934218749996 0.688651315625 0.3021107453125 0.6884868421875 0.30553728125 0.6942434203125 0.3060307015625
1 0.7174250734375 0.3224533984375 0.7177631578125 0.3200932015625 0.713609284375 0.3184155703125 0.71321271875 0.32083333281250004 0.7174250734375 0.3224533984375
1 0.7648391812499999 0.326973684375 0.7640899125 0.324643640625 0.759740496875 0.3271655703125 0.760471490625 0.3296052625 0.7648391812499999 0.326973684375
1 0.77632858125 0.3283278515625 0.775741959375 0.3258305921875 0.77256030625 0.3271518640625 0.7730994156250001 0.32971491249999996 0.77632858125 0.3283278515625
1 0.78196271875 0.3286184203125 0.7813779234375 0.3264254390625 0.7769736843749999 0.328481359375 0.7775950296875 0.330811403125 0.78196271875 0.3286184203125
0 0.5822185671875 0.32864583281250004 0.5819261703125 0.32173793906250003 0.5697916671875001 0.3225328953125 0.5700475140625 0.3294956140625 0.5822185671875 0.32864583281250004
0 0.859312865625 0.370268640625 0.8595394734375 0.364418859375 0.8504751468749999 0.36334978125 0.8502010234374999 0.3692982453125 0.859312865625 0.370268640625
0 0.8642726609375 0.360882675 0.8646198828125 0.35496162343750004 0.85625 0.35389254375 0.855939328125 0.36006030624999996 0.8642726609375 0.360882675
0 0.8697002921875001 0.3728070171875 0.869956140625 0.3670778515625 0.86253655 0.366091009375 0.8621893281249999 0.371875 0.8697002921875001 0.3728070171875
0 0.8812975140624999 0.36351699531250004 0.8813413750000001 0.3575383765625 0.87256944375 0.35701754375 0.8724232453124999 0.3631578953125 0.8812975140624999 0.36351699531250004
0 0.881304825 0.3736842109375 0.8815058484374999 0.3682291671875 0.873921784375 0.367242325 0.8735855265625 0.37296874999999996 0.881304825 0.3736842109375
0 0.9029970765625001 0.36573464843750003 0.9034173984375 0.358963815625 0.8939327484374999 0.357510965625 0.893419225 0.36449835468749997 0.9029970765625001 0.36573464843750003
0 0.9086988296875 0.377001096875 0.908936403125 0.37146381562499997 0.9013157890624999 0.3705592109375 0.9009868421875 0.37606907968750003 0.9086988296875 0.377001096875
0 0.9242507312500001 0.37881030625 0.9244517546875001 0.37275219375 0.9154239765625001 0.3717653515625 0.9151498531250001 0.3779331140625 0.9242507312500001 0.37881030625
0 0.9363852343750001 0.3813322375 0.9367507312500001 0.375411184375 0.927814328125 0.37425986875 0.9275036546875001 0.3802083328125 0.9363852343750001 0.3813322375
0 0.9473318718750001 0.3837719296875 0.9477887421875 0.37730263124999996 0.9388157890625 0.37587719375 0.93832236875 0.3823190796875 0.9473318718750001 0.3837719296875
0 0.981231725 0.387883771875 0.9815204671875 0.38180921093750003 0.97266081875 0.3807291671875 0.972350146875 0.38678728125 0.981231725 0.387883771875
0 0.9932383046875 0.379221490625 0.9934393281249999 0.373766446875 0.9853070171875 0.3729440796875 0.9850146203125 0.378453946875 0.9932383046875 0.379221490625
0 1 0.3810581140625 0.9999725875 0.37388980312500003 0.9970394734375001 0.373848684375 0.996893275 0.380948465625 1 0.3810581140625
0 1 0.38355263125 0.9928545328125 0.3834429828125 0.992653509375 0.38988486875 1 0.3900767546875 1 0.38355263125
1 0.35224780624999996 0.704385965625 0.3474415203125 0.7033442984375 0.34521381562500003 0.725866228125 0.349945175 0.7268914468750001 0.35224780624999996 0.704385965625
1 0.3545504390625 0.6639802625 0.34850146249999997 0.66326754375 0.3467470765625 0.69443530625 0.3528435671875 0.6952686406249999 0.3545504390625 0.6639802625
0 0.37328216406250003 0.7233004390625 0.37346491249999997 0.7171052625 0.3619334796875 0.7162828953125 0.36171418125 0.7224506578125001 0.37328216406250003 0.7233004390625
0 0.36971856718749996 0.733196271875 0.369919590625 0.7270641453125 0.3588450296875 0.7264254390625 0.3587207609375 0.7323327843749999 0.36971856718749996 0.733196271875
1 0.3876279234375 0.63508771875 0.3896564328125 0.626617325 0.3700657890625 0.6161458328125 0.36805555624999997 0.624588815625 0.3876279234375 0.63508771875
1 0.37099780625 0.6314967109375 0.369864765625 0.6396381578125 0.38676900625 0.6447916671875 0.387883771875 0.6369517546875 0.37099780625 0.6314967109375
1 0.41334064374999996 0.5935581140624999 0.40712719374999995 0.5908717109375 0.40043859687500005 0.622998903125 0.4068987578125 0.626096490625 0.41334064374999996 0.5935581140624999
1 0.41211622812500004 0.618393640625 0.41785453281249996 0.6213815796875 0.42454495625 0.591422696875 0.4189692984375 0.588596490625 0.41211622812500004 0.618393640625
0 0.4108735375 0.719216009375 0.4111019734375 0.713582784375 0.40182748593750006 0.7126918859375 0.4015826015625 0.7183141453124999 0.4108735375 0.719216009375
0 0.4033625734375 0.7014802625 0.40296966406249995 0.7072669953124999 0.4122441515625 0.70868969375 0.412591375 0.7028782890625 0.4033625734375 0.7014802625
0 0.41100146249999997 0.69761513125 0.4110928359375 0.6923245609374999 0.4028508765625 0.691858553125 0.402686403125 0.6969572375 0.41100146249999997 0.69761513125
0 0.41336805625000006 0.6879303734375 0.413706140625 0.6817434203125 0.4027083328125 0.680367325 0.40233918125 0.6865679828125 0.41336805625000006 0.6879303734375
1 0.40378289531249995 0.6634320171875 0.4021929828125 0.6731633765625 0.4247532890625 0.6814144734375 0.42629751406249994 0.6716831140624999 0.40378289531249995 0.6634320171875
0 0.412938596875 0.6571546046875001 0.4114583328125 0.663623903125 0.42103435625 0.668283990625 0.4224780703125 0.662116228125 0.412938596875 0.6571546046875001
1 0.5782894734374999 0.4266721484375 0.5779239765625 0.43023574531250003 0.5830957609375 0.43130482499999995 0.5834795328125 0.42768640312499995 0.5782894734374999 0.4266721484375
1 0.5978801171875 0.43530701718750003 0.5974232453125 0.4404605265625 0.6037646203125 0.44150219375 0.6041483921874999 0.43643092031249997 0.5978801171875 0.43530701718750003
1 0.6419042390625 0.44188596562500004 0.641831140625 0.4497258765625 0.6568896203125 0.45027412343749995 0.6569444437499999 0.44237938593750004 0.6419042390625 0.44188596562500004
1 0.74914108125 0.42702850937500003 0.7490497078125 0.4384320171875 0.7962536546875 0.43974780625000004 0.7963084796875 0.42817982499999996 0.74914108125 0.42702850937500003
1 0.71021564375 0.46768092031249997 0.7103801171875 0.46981907968750003 0.71474780625 0.469133771875 0.7146016078125 0.4670504390625 0.71021564375 0.46768092031249997
0 0.8204130109375001 0.4341831140625 0.8200657890624999 0.4412280703125 0.8314692984375001 0.442543859375 0.8317799703125001 0.43527960468750004 0.8204130109375001 0.4341831140625
0 0.6118603796875 0.7256304828125 0.608241959375 0.7297423249999999 0.6146198828125 0.7424067984375 0.6181834796875 0.7382675437499999 0.6118603796875 0.7256304828125
0 0.6030153515625 0.7358004390625 0.5991045328125 0.7396381578125 0.605847953125 0.7545778515625 0.6096125734375 0.7506853062500001 0.6030153515625 0.7358004390625
1 0.5220577484375 0.834429825 0.5173611109375 0.834046053125 0.5162280703125 0.8598684203125 0.5209429828125 0.8602521937500001 0.5220577484375 0.834429825
1 0.49437134531250004 0.80693530625 0.494170321875 0.7992324562500001 0.4752010234375 0.8000274125000001 0.47532894687500005 0.8079769734375001 0.49437134531250004 0.80693530625
0 0.558899853125 0.8212445171875 0.554221490625 0.82272478125 0.55696271875 0.8415296046874999 0.5617616953125 0.8398574562500001 0.558899853125 0.8212445171875
0 0.5851973687500001 0.805126096875 0.5808479531249999 0.8060855265625 0.5825840640625 0.8227796046875 0.5868055562500001 0.8216557015625 0.5851973687500001 0.805126096875
0 0.59066155 0.7978344296875 0.5859466375 0.7987116234375 0.5876461984375 0.8173245609374999 0.5923428359375 0.8163651312500001 0.59066155 0.7978344296875
0 0.6029239765625001 0.7889254390625 0.604331140625 0.7955592109375 0.6149488296875 0.790213815625 0.6135051171875 0.78368969375 0.6029239765625001 0.7889254390625
0 0.6243421046875001 0.7872258765625 0.6197185671875001 0.7884594296875 0.62183845 0.8060032890625 0.6262975140625 0.8049342109375001 0.6243421046875001 0.7872258765625
0 0.6315423984375 0.783991228125 0.6267361109375 0.7838815796875 0.6268676906249999 0.8029605265624999 0.6314948828125 0.8029605265624999 0.6315423984375 0.783991228125
0 0.5639437140625 0.78826754375 0.56324926875 0.7813596484375 0.551187865625 0.7841008765625 0.5519371343749999 0.791036184375 0.5639437140625 0.78826754375
0 0.5744700296875 0.7601699562500001 0.5702119890625 0.7625548249999999 0.5743421046875 0.7793859656250001 0.578527046875 0.7769736843749999 0.5744700296875 0.7601699562500001
0 0.5841008765625 0.7530701750000001 0.5797514625 0.7560032890625 0.5847953218749999 0.773492325 0.5890168124999999 0.770641446875 0.5841008765625 0.7530701750000001
0 0.593804825 0.7492598687500001 0.5890168124999999 0.749561403125 0.589546784375 0.7686129390625001 0.5943530703125 0.768283990625 0.593804825 0.7492598687500001
0 0.5991959062500001 0.74303728125 0.594225146875 0.74295504375 0.594225146875 0.76165021875 0.59914108125 0.7614857453125 0.5991959062500001 0.74303728125
0 0.6782711984375001 0.7392543859375 0.6732821640625 0.7386239031249999 0.6724597953125 0.75548245625 0.67741228125 0.7559484656250001 0.6782711984375001 0.7392543859375
0 0.68441155 0.7391447375 0.6803728062500001 0.7389802624999999 0.6802448828125 0.7547697375 0.6843019 0.7548519734375 0.68441155 0.7391447375
0 0.6974963453125 0.7873355265625 0.6929459062500001 0.78667763125 0.6920504390625 0.8026589906250001 0.6965095031249999 0.8032620609375 0.6974963453125 0.7873355265625
0 0.7012792390625 0.8041392546875 0.70543676875 0.8045915562499999 0.7062317250000001 0.7883223687500001 0.702015715625 0.7879303734375 0.7012792390625 0.8041392546875
0 0.7072733921875 0.822286184375 0.7119700296875 0.8223410093749999 0.7122807015625 0.8041392546875 0.7076023390625 0.80400219375 0.7072733921875 0.822286184375
0 0.715953946875 0.8247258765625001 0.7205226609375 0.8242324562500001 0.719919590625 0.8070449562500001 0.715259503125 0.8074013156250001 0.715953946875 0.8247258765625001
0 0.7334521203125 0.8213267546875 0.7381633765625 0.8213267546875 0.7381578953125 0.8071820171875 0.7334612578125 0.8071271937500001 0.7334521203125 0.8213267546875
0 0.720010965625 0.8016173249999999 0.724579678125 0.8016995609374999 0.724689328125 0.7862116234375 0.7200475140625 0.7861567984375 0.720010965625 0.8016173249999999
0 0.7261622812499999 0.8046655703125 0.730829678125 0.8045230265625 0.7307200296875 0.7886787281250001 0.726114765625 0.7887335531249999 0.7261622812499999 0.8046655703125
0 0.7369152046874999 0.78681469375 0.7322002921874999 0.78681469375 0.7322551171875 0.8048245609375 0.7369700296875 0.804742325 0.7369152046874999 0.78681469375
0 0.7420687140625 0.80235745625 0.7463450296875 0.8032620609375 0.74769736875 0.7898026312499999 0.743421053125 0.7887335531249999 0.7420687140625 0.80235745625
0 0.82730263125 0.8047697375 0.8221673984375 0.8060855265625 0.8239948828125 0.8228344296874999 0.82889254375 0.821573465625 0.82730263125 0.8047697375
0 0.7936951750000001 0.7774671046875 0.7936586250000001 0.7845942984375001 0.8057200296874999 0.7845394734375 0.8056816515625 0.7775301531250001 0.7936951750000001 0.7774671046875
0 0.748848684375 0.8260142546875 0.753125 0.8264528515625 0.7538925437499999 0.8126918859375 0.749652778125 0.812198465625 0.748848684375 0.8260142546875
0 0.7587536546875 0.8076206140625001 0.7541301171875 0.809018640625 0.7561586250000001 0.8252467109375001 0.7608552625 0.8238486843749999 0.7587536546875 0.8076206140625001
0 0.765570175 0.8098410093749999 0.7615131578125001 0.8097861843749999 0.761366959375 0.8242598687499999 0.7654788015625 0.8243969296874999 0.765570175 0.8098410093749999
0 0.76637426875 0.8250274125000001 0.7704130109375 0.8256578953125 0.7712536546875 0.812088815625 0.7672149125 0.8115405703125 0.76637426875 0.8250274125000001
0 0.7588815796875 0.8041392546875 0.762810671875 0.8046875 0.763697003125 0.7919133765625 0.759703946875 0.7914199562500001 0.7588815796875 0.8041392546875
0 0.7582967843749999 0.790186403125 0.7540570171875001 0.790625 0.7546052624999999 0.8067434203125 0.7588267546874999 0.80625 0.7582967843749999 0.790186403125
1 0.8703216375 0.46694078906250003 0.8703764625 0.46918859687500003 0.8744791671875 0.4689309203125 0.8744152046875 0.466721490625 0.8703216375 0.46694078906250003
1 0.8727339187500001 0.4497807015625 0.8725328953125 0.4587719296875 0.892525584375 0.459841009375 0.8926535093749999 0.45104166718750005 0.8727339187500001 0.4497807015625
1 0.9088450296874999 0.4548245609375 0.9084247078125 0.46233552656250004 0.9238304093749999 0.46411732499999997 0.9241410812499999 0.4567982453125 0.9088450296874999 0.4548245609375
1 0.9220029234375 0.444846490625 0.921569809375 0.45510416718749996 0.9536366953125001 0.45858004374999994 0.9540570171875 0.4484100875 0.9220029234375 0.444846490625
0 1 0.46705592031250004 0.9972587718750001 0.46699561406249995 0.9972039468749999 0.4717105265625 1 0.4718366234375 1 0.46705592031250004
1 0.9924159359375 0.453508771875 0.9923062859374999 0.46252741249999996 0.999945175 0.4626096484375 1 0.45359923281250003 0.9924159359375 0.453508771875
1 0.8893274859375 0.39714912343750003 0.8897478062499999 0.3879029609375 0.8624086249999999 0.3842927625 0.8617324562500001 0.393311403125 0.8893274859375 0.39714912343750003
1 1 0.4047697375 0.9980628656249999 0.40482456093749997 0.9980518999999999 0.4098793859375 1 0.40980263125 1 0.4047697375
0 0.6202302625 0.54303728125 0.62496345 0.5430921046875 0.6248903515625 0.5257949562500001 0.6202302625 0.52576754375 0.6202302625 0.54303728125
1 0.6802814328125 0.49956140312499997 0.6802814328125 0.49756030625000003 0.6763340640625 0.49742324531250004 0.6763157890625 0.4994243421875 0.6802814328125 0.49956140312499997
1 0.7858735375 0.5293859656250001 0.7857821640625 0.538651315625 0.807465278125 0.5387774125 0.807465278125 0.5299095390625 0.7858735375 0.5293859656250001
1 0.78330409375 0.4813267546875 0.7833881578125 0.477601425 0.77816155 0.4774725875 0.77816155 0.4813267546875 0.78330409375 0.4813267546875
1 0.82300986875 0.482020284375 0.8192799703125001 0.4803179828125 0.8174707609375 0.48933662343749995 0.8212609656250001 0.49096765312499996 0.82300986875 0.482020284375
0 0.8157894734375001 0.618311403125 0.8154970765625 0.6126370609375 0.8048611109375001 0.613706140625 0.8050804093749999 0.61949013125 0.8157894734375001 0.618311403125
0 0.8169517546874999 0.6289912281250001 0.816739765625 0.6234649125 0.8076571640625 0.62423245625 0.8079495609375 0.6299342109375 0.8169517546874999 0.6289912281250001
0 0.8500365499999999 0.600438596875 0.849634503125 0.6064692984375 0.86008771875 0.6079221484375 0.860508040625 0.6021107453125001 0.8500365499999999 0.600438596875
0 0.6258954671875 0.5811403515625 0.6217288015625 0.5813870609375 0.6221491234375 0.595751096875 0.6263157890625 0.5955866234375 0.6258954671875 0.5811403515625
0 0.6260416671875 0.5989309203125 0.6218932749999999 0.59912280625 0.6222112578125001 0.614915021875 0.6264254390625 0.6147203953125 0.6260416671875 0.5989309203125
0 0.630866228125 0.6467379390625 0.626242690625 0.6466557015625 0.626169590625 0.6634320171875 0.630921053125 0.6634594296875 0.630866228125 0.6467379390625
0 0.6259320171875 0.6844572375 0.6216374265625 0.6836074562500001 0.6204312859375001 0.69772478125 0.6247989765625 0.6986019734375 0.6259320171875 0.6844572375
0 0.6191721484375 0.71305646875 0.6158991234375 0.717626096875 0.623739034375 0.7307291671875 0.6269663750000001 0.7259100875 0.6191721484375 0.71305646875
0 0.6155519 0.7201206140624999 0.6123885234374999 0.724303728125 0.6197916671875 0.7369243421875 0.6228618421875 0.732867325 0.6155519 0.7201206140624999
0 0.6079312859375 0.73199013125 0.604239765625 0.7358004390625 0.6107456140624999 0.7496984656250001 0.6144371343749999 0.7457510968750001 0.6079312859375 0.73199013125
0 0.3345577484375 0.8635690796875 0.339393275 0.8638596484375001 0.33991228125 0.8479440796875 0.33517909375 0.8476151312500001 0.3345577484375 0.8635690796875
1 0.370741959375 0.7563678734375 0.3711129390625 0.7484100875 0.3544407890625 0.746546053125 0.35396564375 0.7548245609374999 0.370741959375 0.7563678734375
0 0.3712171046875 0.744873903125 0.3717105265625 0.73832236875 0.360599415625 0.73662280625 0.36014254375 0.7431469296875 0.3712171046875 0.744873903125
1 0.39698464843750003 0.8076206140625001 0.39771564375 0.797971490625 0.37642543906250003 0.7946546046875 0.37571271875 0.804385965625 0.39698464843750003 0.8076206140625001
1 0.3900950296875 0.7853070171875001 0.3891630109375 0.7958881578125 0.4095760234375 0.8001096484374999 0.4106542390625 0.7894462718749999 0.3900950296875 0.7853070171875001
0 0.842598684375 0.8424616234375 0.8381030703125001 0.8437774125 0.840204678125 0.860882675 0.8449195906250001 0.8595120609375 0.842598684375 0.8424616234375
0 0.81796418125 0.86650219375 0.812847221875 0.8677083328125 0.814491959375 0.883991228125 0.81959064375 0.8827850875 0.81796418125 0.86650219375
0 0.819846490625 0.883251096875 0.8244517546875001 0.88212719375 0.8229696640625 0.8668009874999999 0.81825840625 0.8678426531250001 0.819846490625 0.883251096875
0 0.8078947375000001 0.8789473687499999 0.812061403125 0.8787828953125001 0.81178728125 0.867626096875 0.8077119890625 0.86787280625 0.8078947375000001 0.8789473687499999
0 0.8020285093749999 0.8861019734375001 0.8067799703125 0.8860197375000001 0.8067068718750001 0.8685032890625 0.801900584375 0.868448465625 0.8020285093749999 0.8861019734375001
0 0.7907529234374999 0.873108553125 0.7867361109375001 0.8741419953125 0.78826754375 0.8873629390625 0.7922149125 0.8861567984375001 0.7907529234374999 0.873108553125
0 0.7794590640625 0.885498903125 0.7844663749999999 0.88514254375 0.7838084796875 0.8692708328125001 0.7788559937499999 0.8696546046875 0.7794590640625 0.885498903125
0 0.7681469296875 0.8866228062499999 0.772331871875 0.8856359656249999 0.77103435625 0.8721765343750001 0.766885965625 0.873108553125 0.7681469296875 0.8866228062499999
0 0.74058845 0.8844846484375 0.7450292390625 0.884429825 0.744974415625 0.8724780703125001 0.7404605265625 0.8725328953125 0.74058845 0.8844846484375
0 0.7294590640624999 0.8651315796875 0.7247807015625 0.8636787281249999 0.7224232453125 0.881688596875 0.7269572375 0.8828645828124999 0.7294590640624999 0.8651315796875
0 0.72426900625 0.8554276312500001 0.7200292390625 0.8549616234374999 0.7192616953125001 0.8693256578125 0.7234649125 0.8697916671874999 0.72426900625 0.8554276312500001
0 0.6794590640625 0.8696820171875 0.674671053125 0.8693804828125 0.6739217843749999 0.8891447375 0.6787463453125 0.889473684375 0.6794590640625 0.8696820171875
0 0.68201754375 0.865268640625 0.6857821640624999 0.8627467109375001 0.6822551171875 0.8501918859375 0.6783625734375 0.8525767546875 0.68201754375 0.865268640625
0 0.6511878656250001 0.8393092109375001 0.6517105265625001 0.8325740125 0.640277778125 0.8306195171875 0.63980263125 0.8375 0.6511878656250001 0.8393092109375001
0 0.66335891875 0.8052905703125001 0.65853435625 0.80548245625 0.65868055625 0.820696271875 0.6634868421875 0.8205317984375 0.66335891875 0.8052905703125001
0 0.6650219296875 0.8181743421875 0.6696454671875001 0.819051534375 0.67099780625 0.8040570171875 0.6661549703125 0.8030975874999999 0.6650219296875 0.8181743421875
0 0.6785453218749999 0.8202028515625001 0.6826388890625 0.820614034375 0.6833881578125001 0.804331140625 0.679294590625 0.80383771875 0.6785453218749999 0.8202028515625001
0 0.6637244156250001 0.7850328953125 0.659703946875 0.78519736875 0.6599597953125 0.799643640625 0.6638706140624999 0.799561403125 0.6637244156250001 0.7850328953125
0 0.6733369890625001 0.80389254375 0.678106725 0.805126096875 0.6799890343749999 0.7883223687500001 0.6751827484375 0.787143640625 0.6733369890625001 0.80389254375
0 0.5217836250000001 0.9627192984375 0.5173611109375 0.962828946875 0.5173976609375 0.9807017546875001 0.5217836250000001 0.9807565796875 0.5217836250000001 0.9627192984375
0 0.5377375734375 0.9501370609374999 0.5334429828125 0.9504660093749999 0.534064328125 0.9679029609375001 0.5382309937499999 0.967626096875 0.5377375734375 0.9501370609374999
0 0.520010965625 0.9275767546875 0.5154605265625001 0.9279331140625 0.515972221875 0.9459429828125 0.5204861109375 0.945696271875 0.520010965625 0.9275767546875
0 0.5403508765625 0.9167214906250001 0.5355263156250001 0.9162280703125001 0.5346125734375 0.9347861843749999 0.5394024125 0.9352357453125 0.5403508765625 0.9167214906250001
0 0.5213267546875 0.8842927625 0.516794590625 0.8842653515625001 0.5165935671875 0.9024396937500001 0.52112573125 0.9024396937500001 0.5213267546875 0.8842927625
0 0.5409173984375 0.8851973687499999 0.536239034375 0.88514254375 0.536421784375 0.9044682015625 0.5411001468750001 0.904358553125 0.5409173984375 0.8851973687499999
0 0.4078033625 0.740981359375 0.40783991249999996 0.734841009375 0.39775219375000004 0.7345942984375 0.39767909375 0.7408717109375 0.4078033625 0.740981359375
0 0.40683479531250005 0.7521381578125 0.40694444374999994 0.74605263125 0.397185671875 0.7455866234374999 0.3970942984375 0.7518640343749999 0.40683479531250005 0.7521381578125
0 0.406304825 0.7642269734375 0.4068896203125 0.758251096875 0.39674707656249997 0.7560581140625 0.39612573125 0.7620888156250001 0.406304825 0.7642269734375
0 0.407492690625 0.7738212718749999 0.4075840640625 0.767598684375 0.39862938593749997 0.767242325 0.39850146249999996 0.773492325 0.407492690625 0.7738212718749999
0 0.405177265625 0.7854166671875 0.40548245625 0.779221490625 0.39402412343750004 0.7779331140625 0.39371345 0.784073465625 0.405177265625 0.7854166671875
1 0.6654605265625 0.736376096875 0.6599780703125 0.7358278515625 0.6587536546874999 0.761321271875 0.6641812859375 0.7618695171875001 0.6654605265625 0.736376096875
0 0.6717653515625 0.7390350875 0.6670138890625 0.7390899125 0.6669773390625 0.75625 0.6717653515625 0.7562225875 0.6717653515625 0.7390350875
0 0.3766282890625 0.6789007671875 0.3768457609375 0.6728070171875 0.3655519 0.671820175 0.3653453953125 0.677938596875 0.3766282890625 0.6789007671875
0 0.41008771875 0.73212719375 0.4104349421875 0.7260690796875 0.3989948828125 0.724671053125 0.3986111109375 0.730783990625 0.41008771875 0.73212719375
0 0.735508040625 0.7024671046875001 0.7358552625 0.6958333328124999 0.7233918125 0.6947368421875 0.723081140625 0.7014254390625 0.735508040625 0.7024671046875001
0 0.847331871875 0.8393914468749999 0.8428179828125 0.8399396937500001 0.8438231 0.8557291671874999 0.8483735375 0.8554276312500001 0.847331871875 0.8393914468749999
0 0.607516446875 0.70359375 0.6131103796875 0.70359375 0.613382675 0.68470120625 0.6078764624999999 0.6844846484375 0.607516446875 0.70359375
0 0 0.2971491234375 0.0052997078125 0.2974232453125 0.005921053125 0.29059758750000003 0 0.28985745625 0 0.2971491234375
1 0.057748537499999995 0.3033717109375 0.0584795328125 0.2908991234375 0.0313231 0.28834978125 0.030317982812499998 0.30074013125 0.057748537499999995 0.3033717109375
1 0.1712536546875 0.31132127187499997 0.171509503125 0.304221490625 0.15696271875 0.3029605265625 0.1564875734375 0.31014254375 0.1712536546875 0.31132127187499997
1 0.10232090625000001 0.3817708328125 0.10230263125000001 0.3796875 0.098135965625 0.379742325 0.098135965625 0.3817982453125 0.10232090625000001 0.3817708328125
1 0.03980263125 0.344051534375 0.0391081875 0.3532620609375 0.0608004390625 0.355866228125 0.061293859375 0.34654605312500003 0.03980263125 0.344051534375
1 0.3193713453125 0.28037280625 0.319367690625 0.28298793906249997 0.32397660781250004 0.28292763125 0.32397660781250004 0.2802905703125 0.3193713453125 0.28037280625
1 0.32574926875 0.278125 0.325599415625 0.28003563593749997 0.32927083281249997 0.28058388125 0.3294407890625 0.278536184375 0.32574926875 0.278125
0 0.5989766078125001 0.3145559203125 0.5987207609375 0.30808662343750004 0.5892909359375 0.3087719296875 0.589418859375 0.315213815625 0.5989766078125001 0.3145559203125
1 0.6067068718749999 0.3107730265625 0.6064692984375 0.30852521875 0.6014254390625 0.309731359375 0.6016630109375 0.312088815625 0.6067068718749999 0.3107730265625
0 0.61952668125 0.3155509875 0.6193165203125 0.308141446875 0.6080409359375001 0.3087171046875 0.6080957609375 0.3161184203125 0.61952668125 0.3155509875
1 0.7333516078125 0.324533990625 0.7334722218749999 0.3218503296875 0.7282291671875 0.3218503296875 0.7282346484375 0.3244791671875 0.7333516078125 0.324533990625
1 0.733205409375 0.3193256578125 0.733241959375 0.3165296046875 0.7279970765625 0.3162828953125 0.7280153515625 0.319078946875 0.733205409375 0.3193256578125
1 0.7485014624999999 0.33133223749999996 0.7477887421875 0.3291666671875 0.7440241234375 0.33201754375000003 0.744828215625 0.3341831140625 0.7485014624999999 0.33133223749999996
0 0.5671418125 0.330098684375 0.566794590625 0.3235471484375 0.557383040625 0.3243421046875 0.5575840640624999 0.3309758765625 0.5671418125 0.330098684375
0 0.92426900625 0.3693530703125 0.9244883046875 0.36313048281250004 0.9154970765625 0.3620065796875 0.915277778125 0.368283990625 0.92426900625 0.3693530703125
1 0.9529605265625 0.373739034375 0.9529788015625 0.366091009375 0.938633040625 0.363733553125 0.938633040625 0.371573465625 0.9529605265625 0.373739034375
1 0.8373172515625 0.47097039531249996 0.8371345031249999 0.46650219374999996 0.8311403515625001 0.46721491249999997 0.8313048249999999 0.47192982499999997 0.8373172515625 0.47097039531249996
0 0.5531981 0.8237116234374999 0.548775584375 0.8255208328125001 0.5521198828125 0.842489034375 0.5561220765625 0.8404057015624999 0.5531981 0.8237116234374999
1 0.824981725 0.44306469374999996 0.8247807015624999 0.4537554828125 0.8585891812499999 0.4577302625 0.859027778125 0.44717653437499993 0.824981725 0.44306469374999996
1 0.349446271875 0.7335279609375001 0.34294590625 0.732483553125 0.339945175 0.76665844375 0.3466008765625 0.7677631578125 0.349446271875 0.7335279609375001
0 0.8391447375000001 0.8655427625 0.8343384500000001 0.8661458328125 0.8355994156250001 0.883223684375 0.8404788015625 0.882483553125 0.8391447375000001 0.8655427625
0 0.8270650578125001 0.8623081140625001 0.8224232453125 0.8641995609374999 0.8252923984375 0.8797149125000001 0.8297514625 0.8778508765625 0.8270650578125001 0.8623081140625001
0 0.7780701750000001 0.8672971484374999 0.7729166671875001 0.8689144734375001 0.7752192984375 0.8860745609375 0.7802997078125 0.8845942984375 0.7780701750000001 0.8672971484374999
1 0.059539473437500004 0.2728892546875 0.059630848437499995 0.2704495609375 0.054934210937500005 0.270367325 0.054934210937500005 0.2728070171875 0.059539473437500004 0.2728892546875
1 0.06334064375000001 0.2796875 0.06328581875 0.27743969375 0.05928362499999999 0.27768640312500004 0.059320174999999996 0.2797697375 0.06334064375000001 0.2796875
1 0.0564144734375 0.253508771875 0.05648757343750001 0.25084978125 0.051991959374999994 0.25087719375 0.052010234375 0.253426534375 0.0564144734375 0.253508771875
1 0 0.286293859375 0.014035087500000001 0.2876644734375 0.015149853125000001 0.2779331140625 0 0.276260965625 0 0.286293859375
1 0.4157529234375 0.64605263125 0.41511330468749996 0.653426534375 0.42887426875 0.656661184375 0.42955957656250005 0.6488541671875 0.4157529234375 0.64605263125
1 0.1877375734375 0.30290570156249996 0.1876461984375 0.305153509375 0.19142909375 0.3055921046875 0.19150219375 0.3032894734375 0.1877375734375 0.30290570156249996
1 0.722971490625 0.32149122812500003 0.724689328125 0.3202028515625 0.72271564375 0.3146929828125 0.7209247078125001 0.316008771875 0.722971490625 0.32149122812500003
1 0.5485562859375 0.323053728125 0.5485380109375 0.321408990625 0.544883040625 0.321573465625 0.544956140625 0.323135965625 0.5485562859375 0.323053728125
1 0.5360928359375 0.32415021875 0.5360745609374999 0.32272478125 0.5326388890625 0.3229166671875 0.5326023390625 0.32436951718749996 0.5360928359375 0.32415021875
1 0.0135471484375 0.2010992328125 0.0135416671875 0.20709978125 0.0203362578125 0.20702028437500003 0.020363670312500002 0.2009018640625 0.0135471484375 0.2010992328125
1 0.0655244890625 0.09763706093749999 0.0662828953125 0.0927631578125 0.060407529687499996 0.09086348749999999 0.059429825000000006 0.0958333328125 0.0655244890625 0.09763706093749999
0 0.6846308484375 0.715625 0.679632675 0.7155372812499999 0.6795687140625 0.7315241234375 0.6843914468750001 0.7315158984375 0.6846308484375 0.715625
0 0.787171053125 0.7419956140624999 0.7826571640625 0.742132675 0.7828947375 0.7588815796875 0.7874671046875 0.7588267546874999 0.787171053125 0.7419956140624999
0 0.7875091375000001 0.720016446875 0.7820906437499999 0.719956140625 0.7822002921875 0.738706140625 0.787810671875 0.738596490625 0.7875091375000001 0.720016446875
0 0.2017361109375 0.3153508765625 0.201991959375 0.308991228125 0.1921235375 0.3078399125 0.19179459062499998 0.314364034375 0.2017361109375 0.3153508765625
1 0.1001827484375 0.3948190796875 0.1001827484375 0.3919682015625 0.094097221875 0.391885965625 0.09411549687500001 0.3947368421875 0.1001827484375 0.3948190796875
1 0.28055555625 0.323766446875 0.28090277812500003 0.31143092031249997 0.228216375 0.306195175 0.2275950296875 0.31877741249999997 0.28055555625 0.323766446875
0 0.3037646203125 0.3234649125 0.3037828953125 0.3170778515625 0.294206871875 0.31655701718749996 0.294115496875 0.32297149062499997 0.3037646203125 0.3234649125
0 0.42651681249999995 0.3239309203125 0.42640716406249995 0.31806469375 0.41655701718750004 0.317543859375 0.41637426875 0.3235745609375 0.42651681249999995 0.3239309203125
0 0.44047880156249997 0.3248629390625 0.4404057015625 0.318421053125 0.43086622812500003 0.31790021875 0.43077485312499997 0.32458881562499997 0.44047880156249997 0.3248629390625
0 0.5524671046875 0.3200383765625 0.55235745625 0.313651315625 0.5436220765625001 0.3141447375 0.54371345 0.3205317984375 0.5524671046875 0.3200383765625
0 0.625365496875 0.07864583281250001 0.6264802625 0.07118969375 0.6154057015625 0.067598684375 0.6143274859375001 0.0751370609375 0.625365496875 0.07864583281250001
1 0.6970577484375 0.329221490625 0.6978983921874999 0.3205592109375 0.6837353796875 0.3170504390625 0.6827119890625 0.32576754375 0.6970577484375 0.329221490625
0 0.9455226609375 0.337198465625 0.9498903515625001 0.337938596875 0.9510233921875001 0.3239857453125 0.9465826015625 0.323141446875 0.9455226609375 0.337198465625
0 0.7978070171875 0.027768640625 0.7950840640625 0.0306469296875 0.7994517546875 0.0389528515625 0.8020285093749999 0.0358278515625 0.7978070171875 0.027768640625
1 0.5904422515625 0.29013157968750003 0.5910745609375 0.29283991249999997 0.59631030625 0.29034539531250003 0.595723684375 0.287554825 0.5904422515625 0.29013157968750003
0 0.8967105265624999 0.37642543906250003 0.8974232453125 0.36951754375 0.8881396203125 0.3676809203125 0.88746345 0.3747532890625 0.8967105265624999 0.37642543906250003
0 0.958150584375 0.38434758750000003 0.9582054093749999 0.3780153515625 0.9500365499999999 0.37754934218749997 0.9498720765625001 0.3837993421875 0.958150584375 0.38434758750000003
0 0.9702119890625 0.375466009375 0.9700840640624999 0.36962719375 0.9631030703125001 0.36949013124999996 0.9630482453125 0.375383771875 0.9702119890625 0.375466009375
1 0.9696271937500001 0.38662280625 0.9695906437499999 0.38050986875000004 0.963687865625 0.3802905703125 0.9636513156250001 0.38656798281250004 0.9696271937500001 0.38662280625
0 0.9810307015624999 0.377741228125 0.9809941515625 0.3718475875 0.9736293859374999 0.3716557015625 0.9736293859374999 0.3776315796875 0.9810307015624999 0.377741228125
1 0.374908625 0.712856359375 0.3754934203125 0.7049890343749999 0.3600511703125 0.7023848687500001 0.359393275 0.71016995625 0.374908625 0.712856359375
0 0.6904239765625 0.78662280625 0.6856907890625 0.7865679828125 0.685508040625 0.8036732453125 0.6903819437500001 0.8035882671874999 0.6904239765625 0.78662280625
0 0.8289108187500001 0.8197642546875 0.8332236843749999 0.819161184375 0.832328215625 0.8030975874999999 0.8280519 0.8037006578125 0.8289108187500001 0.8197642546875
0 0.81633771875 0.7775493421874999 0.8161732453124999 0.784073465625 0.8276133046874999 0.7851699562500001 0.8278691515625001 0.778481359375 0.81633771875 0.7775493421874999
0 0.8060855265625 0.7780153515625 0.8060946640625 0.78379111875 0.81506030625 0.78379111875 0.8151023390625 0.7781496703124999 0.8060855265625 0.7780153515625
0 0.779331140625 0.7870065796875 0.774689328125 0.787116228125 0.774945175 0.8055921046875 0.7796052625 0.80537280625 0.779331140625 0.7870065796875
0 0.7842653515625 0.7848958328125 0.7794042390625 0.7858826750000001 0.780774853125 0.8013432015624999 0.7856725140624999 0.8003289468749999 0.7842653515625 0.7848958328125
0 0.8134320171875 0.6916392546875 0.81646564375 0.6966557015625 0.8244700296874999 0.6845394734375 0.821436403125 0.6799342109375 0.8134320171875 0.6916392546875
0 0.8182017546875 0.8479989031249999 0.8139802625 0.8484375 0.8146564328125001 0.8669407890624999 0.8190423984375 0.8665570171875 0.8182017546875 0.8479989031249999
0 0.8005116953125 0.86875 0.7963450296875 0.86951754375 0.797295321875 0.8802083328125001 0.8012975140625 0.8794133765625001 0.8005116953125 0.86875
0 0.7346125734375 0.884375 0.738596490625 0.884429825 0.738596490625 0.8748355265625 0.7346308484375 0.8747807015625 0.7346125734375 0.884375
0 0.6927814328124999 0.86178728125 0.688614765625 0.8621162281249999 0.6892178359375001 0.877001096875 0.693366228125 0.8765625 0.6927814328124999 0.86178728125
0 0.8130116953125001 0.037088815625 0.8171783625 0.0369243421875 0.816822003125 0.02415844375 0.8126644734375 0.0244243421875 0.8130116953125001 0.037088815625
1 0.627741228125 0.2998629390625 0.627759503125 0.2968475875 0.6240131578125 0.29679276250000003 0.6239766078125 0.2998355265625 0.627741228125 0.2998629390625
0 0.652777778125 0.8165021937500001 0.6568347953125 0.81633771875 0.6565058484375 0.8044956140625 0.6525767546875 0.8046875 0.652777778125 0.8165021937500001