0 0.732419590625 0.409786184375 0.7279422515625 0.40932017500000006 0.7271491234374999 0.42416940781249995 0.731633771875 0.4248629390625 0.732419590625 0.409786184375
1 0.7283168859375 0.5140378296875 0.7322459796875 0.515512609375 0.7342763156250001 0.503922696875 0.73021564375 0.5021546046875 0.7283168859375 0.5140378296875
0 0.7012792390625 0.8908168859375 0.7064035093750001 0.8914692984375 0.7073994890625 0.87375 0.7024177625 0.873108553125 0.7012792390625 0.8908168859375
0 0.69732090625 0.9301014249999999 0.7019371343749999 0.9302905703125001 0.70277595 0.9169353062500001 0.6980317984375 0.9162225875000001 0.69732090625 0.9301014249999999
0 0.0443347953125 0.6711348687500001 0.049482821875 0.6723190796875 0.051262792187499996 0.6555646937499999 0.0463267546875 0.6543859656250001 0.0443347953125 0.6711348687500001
0 0.1016264625 0.5431469296875 0.1068969296875 0.5444407890625 0.108035453125 0.526504934375 0.1033442984375 0.525438596875 0.1016264625 0.5431469296875
0 0.10791301093750001 0.5396107453125001 0.11260416718749999 0.5402549343749999 0.1134576015625 0.5227467109374999 0.10861842031249999 0.5225328953124999 0.10791301093750001 0.5396107453125001
0 0.0381761703125 0.5281524125 0.0422697375 0.5291392546875 0.044574195312499995 0.5157538374999999 0.039846490624999995 0.514501096875 0.0381761703125 0.5281524125
0 0.06491228125000001 0.541721490625 0.06960891875 0.543448465625 0.07191155 0.5249067984375 0.0676279234375 0.5234237937499999 0.06491228125000001 0.541721490625
0 0.0715826015625 0.5415844296875 0.0762774125 0.5424506578125 0.07701754375 0.5236705046875 0.07141812812500001 0.5239309203125 0.0715826015625 0.5415844296875
0 0.090153509375 0.5483196265625 0.090016446875 0.54131853125 0.0797203953125 0.54193530625 0.0797880109375 0.5487308109375 0.090153509375 0.5483196265625
0 0.06476973750000001 0.6137171046875001 0.0688961984375 0.61014254375 0.0634521203125 0.5945668859375 0.059332967187499995 0.5979029609375 0.06476973750000001 0.6137171046875001
0 0.07281432812500001 0.6042708328125 0.0769334796875 0.601592653125 0.072883771875 0.5865597593749999 0.06862755781249999 0.5892379390625 0.07281432812500001 0.6042708328125
0 0.2481341375 0.70538103125 0.24716739843750002 0.7108278515625 0.255135234375 0.7150493421874999 0.2561641078125 0.7090871703125 0.2481341375 0.70538103125
0 0.24476973750000003 0.7140296046875 0.24353070156249998 0.7200932015625 0.2536915203125 0.726206140625 0.2550657890625 0.7197944078125 0.24476973750000003 0.7140296046875
0 0.240857090625 0.74384594375 0.24284905 0.7383908984375 0.2339254390625 0.7303591015625 0.23207054062500002 0.7358168859374999 0.240857090625 0.74384594375
1 0.28422331875 0.704942434375 0.2830409359375 0.712938596875 0.296560671875 0.7197094296875 0.29798245625 0.71134594375 0.28422331875 0.704942434375
0 0.2876644734375 0.6942680921875 0.2868329671875 0.7004934203125 0.2977467109375 0.7051206140625 0.29881396250000003 0.69889254375 0.2876644734375 0.6942680921875
0 0.345796784375 0.5712883765625001 0.34141081875 0.568804825 0.3373720765625 0.583908990625 0.34235745624999997 0.586233553125 0.345796784375 0.5712883765625001
0 0.9244773390625 0.9410252187499999 0.9229349421874999 0.94599780625 0.930882675 0.9515213812500001 0.9325438593750001 0.9461842109375 0.9244773390625 0.9410252187499999
1 0.9984649125 0.8635142546875001 0.9919334796875001 0.86402138125 0.990034721875 0.8892845390625 0.9969115499999999 0.8892817984375 0.9984649125 0.8635142546875001
0 0.0258077484375 0.4446792765625 0.030705409375 0.44649945156250004 0.033196271875 0.43208881562499996 0.0283333328125 0.43030975937499993 0.0258077484375 0.4446792765625
0 0.038760965625 0.771929825 0.0338815796875 0.7700932015624999 0.0312701015625 0.7861266453125 0.0361293859375 0.7882291671874999 0.038760965625 0.771929825
0 0.0412280703125 0.717132675 0.0459247078125 0.7189144734374999 0.0482090640625 0.702768640625 0.043347953125 0.7013706140625 0.0412280703125 0.717132675
1 0.033422879687500004 0.6976836625 0.0357638890625 0.6984375 0.036999268749999994 0.6914281796874999 0.0346491234375 0.6906524125 0.033422879687500004 0.6976836625
0 0.038468567187500004 0.4439967109375 0.043366228125 0.4458168859375 0.045857090625 0.43140625000000005 0.0409941515625 0.42962719375 0.038468567187500004 0.4439967109375
0 0 0.43935581093750004 0.00233918125 0.4404057015625 0.0059576015625 0.42733004374999994 0.0022843562500000003 0.425466009375 0 0.4333991234375 0 0.43935581093750004
0 0 0.4292543859375 0.0013340640625 0.430153509375 0.0069261703125 0.41551535156249997 0.0009868421875 0.41192434218749996 0 0.41548245625 0 0.4292543859375
0 0.053179825 0.502823465625 0.0485380109375 0.5012883765625 0.0468019 0.512883771875 0.0513888890625 0.5145559203125 0.053179825 0.502823465625
0 0.04141081875 0.509320175 0.0457474421875 0.5106606359375 0.047459795312500004 0.4963267546875 0.0432200296875 0.49503837656250005 0.04141081875 0.509320175
0 0.042251462499999996 0.49610745625 0.0380482453125 0.49402412343749996 0.0348866953125 0.5079221484375 0.039473684375 0.5099232453125 0.042251462499999996 0.49610745625
0 0.0337353796875 0.506633771875 0.0287646203125 0.5037280703125 0.024104532812500003 0.518311403125 0.0291301171875 0.522176534375 0.0337353796875 0.506633771875
0 0.014912281250000001 0.5149396937499999 0.0203764625 0.5185307015625 0.023812134375 0.50386513125 0.018439328125 0.5009868421875 0.014912281250000001 0.5149396937499999
0 0.0096491234375 0.512828946875 0.01474780625 0.5157072375 0.018421053125 0.5007401312499999 0.013011695312499998 0.49799890312499995 0.0096491234375 0.512828946875
0 0.0109831875 0.49610745625 0.0060489765625 0.49309210468750003 0.0024488296875 0.5087171046875001 0.007638889062499999 0.511403509375 0.0109831875 0.49610745625
0 0.03201754375 0.48961074531250004 0.027686403124999998 0.4874725875 0.02423245625 0.502686403125 0.028605628124999997 0.504898575 0.03201754375 0.48961074531250004
0 0.008168859375 0.4766255484375 0.003435671875 0.47475328906250003 0 0.4920093203125 0.004786184375 0.494501096875 0.008168859375 0.4766255484375
1 0.0282711984375 0.571573465625 0.034429825 0.575383771875 0.039272660937499995 0.5526041671875 0.0330774859375 0.549561403125 0.0282711984375 0.571573465625
0 0.0235014625 0.567571271875 0.028581871874999998 0.5703947375 0.03205409375 0.5540021937499999 0.0266995609375 0.5518092109375 0.0235014625 0.567571271875
0 0.0185763890625 0.5654934203125 0.023600146875 0.5678399125 0.026242690625 0.55235745625 0.0212353796875 0.5499177625 0.0185763890625 0.5654934203125
0 0.012938596875 0.563760965625 0.017635234375 0.5649945171875 0.0193530703125 0.5498629390625001 0.01480263125 0.5487116234375 0.012938596875 0.563760965625
0 0.054166667187499996 0.6368969296875 0.0584429828125 0.639676534375 0.061820175 0.6260855265624999 0.05745431250000001 0.6236156796875 0.054166667187499996 0.6368969296875
0 0.0683698828125 0.60772478125 0.072240496875 0.60438870625 0.0673812140625 0.590057565625 0.06328581875 0.593338815625 0.0683698828125 0.60772478125
0 0.077152778125 0.59912280625 0.081408990625 0.596959978125 0.0774853796875 0.5810855265625 0.072966009375 0.583780153125 0.077152778125 0.59912280625
0 0.081670321875 0.59769736875 0.08664108125 0.594901315625 0.08300438593750001 0.578536184375 0.0775950296875 0.5817434203125 0.081670321875 0.59769736875
0 0.0858918125 0.59290021875 0.09040021875000001 0.594487390625 0.0929404234375 0.5757483546875 0.0884868421875 0.57417763125 0.0858918125 0.59290021875
0 0.0914985375 0.5884128296875 0.0961988296875 0.5899945171875001 0.0986476609375 0.571518640625 0.0937646203125 0.5702905703125001 0.0914985375 0.5884128296875
0 0.10031067187500001 0.5889254390625001 0.1055738296875 0.587828946875 0.10351060000000001 0.568851425 0.0985690796875 0.5702905703125001 0.10031067187500001 0.5889254390625001
0 0.10975877187500001 0.5856907890625 0.11474780625 0.5848684203125 0.11319078906249999 0.5664830046875 0.10797331875 0.56771655625 0.10975877187500001 0.5856907890625
0 0.12348684218749999 0.5631880484375 0.123143275 0.56967379375 0.1338267546875 0.5713267546874999 0.13421052656250002 0.5646929828125 0.12348684218749999 0.5631880484375
1 0.1877923984375 0.570257675 0.18649488281249998 0.5781524124999999 0.2025767546875 0.5838815796875 0.20376279218749999 0.57582236875 0.1877923984375 0.570257675
1 0.27724780625 0.6048245609375 0.27503655 0.613760965625 0.29453581875 0.624588815625 0.296573465625 0.6154934203125 0.27724780625 0.6048245609375
1 0.2805921046875 0.6279605265625 0.28285818749999997 0.6190515343749999 0.2631396203125 0.6075657890625 0.260508040625 0.6170778515625 0.2805921046875 0.6279605265625
0 0.266399853125 0.6235444078125 0.26557565781250003 0.6294133765625001 0.2762975140625 0.6337445171875 0.27732090625 0.627768640625 0.266399853125 0.6235444078125
0 0.26302814375 0.633237390625 0.2619700296875 0.6390350875 0.2702850875 0.64295504375 0.27149122812500004 0.6368695171875001 0.26302814375 0.633237390625
0 0.261893275 0.6429906796875 0.26076388906250003 0.6491776312499999 0.27037646249999997 0.6537006578125 0.27165570156249996 0.6475328953124999 0.261893275 0.6429906796875
0 0.2602704671875 0.6544133765625 0.25917397656249996 0.6601699562500001 0.268527046875 0.66413103125 0.26944444375 0.658141446875 0.2602704671875 0.6544133765625
0 0.25748537968749996 0.6650520828125 0.256560671875 0.67099780625 0.2665752921875 0.6743969296875 0.26743421093749997 0.6682017546875 0.25748537968749996 0.6650520828125
0 0.25427631562499997 0.6724506578125 0.2529057015625 0.6786732453125001 0.2634685671875 0.6841557015624999 0.26491228125 0.6778782890625 0.25427631562499997 0.6724506578125
0 0.2518457609375 0.6849780703125 0.25074926875000003 0.690241228125 0.25868055624999997 0.6940241234375 0.25966739843750003 0.6881853062500001 0.2518457609375 0.6849780703125
0 0.2560124265625 0.704742325 0.2572551171875 0.6989857453125 0.248757309375 0.6945723687500001 0.24756944375 0.6999451750000001 0.2560124265625 0.704742325
1 0.24963450312500002 0.741091009375 0.252759503125 0.7323190796875 0.23224780625000002 0.716192434375 0.22918311406249997 0.725383771875 0.24963450312500002 0.741091009375
1 0.236257309375 0.7544407890625 0.23839546718750002 0.7466282890625 0.224561403125 0.7377741234374999 0.2224616234375 0.7455975875 0.236257309375 0.7544407890625
1 0.236385234375 0.7810307015625 0.23053728125 0.7757949562500001 0.2191136703125 0.8030592109375 0.2249506578125 0.808610196875 0.236385234375 0.7810307015625
1 0.22953216406250002 0.80542763125 0.2366045328125 0.8115679828125 0.2471546046875 0.780852521875 0.24031432812500003 0.7750274125 0.22953216406250002 0.80542763125
1 0.2609649125 0.774643640625 0.257474415625 0.782757675 0.2749049703125 0.8004331140625001 0.27865497031249997 0.7916940796875 0.2609649125 0.774643640625
1 0.27651681250000004 0.7845394734375 0.27898391875 0.7767543859375 0.2631103796875 0.7646491234374999 0.2605482453125 0.7723355265625 0.27651681250000004 0.7845394734375
0 0.278481359375 0.7360005484375 0.2771564328125 0.7424342109375 0.2877887421875 0.7474917765625 0.28912646249999996 0.7407894734375 0.278481359375 0.7360005484375
0 0.2920504390625 0.685553728125 0.2911184203125 0.6917763156250001 0.30154239843749997 0.6955126093749999 0.3022532890625 0.6892845390625 0.2920504390625 0.685553728125
0 0.2927649859375 0.674161184375 0.29133771875000003 0.68056469375 0.301918859375 0.685608553125 0.303320540625 0.67896655625 0.2927649859375 0.674161184375
1 0.2946454671875 0.6631030703125 0.29272660781250004 0.6713541671875001 0.306231725 0.678536184375 0.30802266093749997 0.6698190796875 0.2946454671875 0.6631030703125
1 0.3110380109375 0.6924342109375 0.3165935671875 0.6959703953124999 0.32460891875 0.6648327843749999 0.318578215625 0.6615707234375 0.3110380109375 0.6924342109375
1 0.3041118421875 0.7193804828125 0.3091374265625 0.7224232453125 0.3142726609375 0.7021381578125 0.3095577484375 0.6993695171875001 0.3041118421875 0.7193804828125
1 0.295632309375 0.7587993421875 0.30155336250000003 0.76178728125 0.30802266093749997 0.7319243421875 0.30209064375 0.729106359375 0.295632309375 0.7587993421875
0 0.7315186406249999 0.4454331140625 0.735617690625 0.4458059203125 0.736293859375 0.43114035156249997 0.7321783625 0.43072094375000003 0.7315186406249999 0.4454331140625
0 0.187902046875 0.412966009375 0.1931469296875 0.41474780625 0.19610745624999998 0.3979440796875 0.190668859375 0.3963267546875 0.187902046875 0.412966009375
0 0.17213084843749998 0.41998355312499996 0.176937134375 0.42080592031249997 0.1791118421875 0.40375548281249996 0.17423245625 0.4026315796875 0.17213084843749998 0.41998355312499996
0 0.7627192984375 0.46184210468750003 0.758187134375 0.4610745609375 0.7569078953124999 0.4782346484375 0.7616045328125 0.47894736875 0.7627192984375 0.46184210468750003
0 0.750456871875 0.45986842031249997 0.7547989765625001 0.4603070171875 0.7555738296875 0.4466008765625 0.7512792390625 0.4459429828125 0.750456871875 0.45986842031249997
0 0.18388157968750002 0.44750548281249997 0.1890350875 0.448766446875 0.19110014687500002 0.4303179828125 0.1859283625 0.42924890312499997 0.18388157968750002 0.44750548281249997
0 0.1642543859375 0.4505208328125 0.169206871875 0.452741228125 0.173099415625 0.43541666718750005 0.16816520468750001 0.43286732499999997 0.1642543859375 0.4505208328125
0 0.15860745625 0.4803179828125 0.16388888906250001 0.48152412343749995 0.166160453125 0.46319353124999996 0.1609831875 0.462033990625 0.15860745625 0.4803179828125
0 0.175732821875 0.4885005484375 0.1807565796875 0.4900219296875 0.183114034375 0.4716282890625 0.17817982500000001 0.46990131562500004 0.175732821875 0.4885005484375
0 0.6862024859375 0.6312774125 0.6901133046875 0.631688596875 0.6905519 0.61949013125 0.6868603796875 0.6188596484375 0.6862024859375 0.6312774125
0 0.68952668125 0.6368092109375 0.6849049703125 0.6364857453125 0.6841008765625001 0.6517543859375 0.6889491953125 0.6517598687499999 0.68952668125 0.6368092109375
0 0.635617690625 0.7556195171875 0.6379879390625 0.7604742328125 0.646017909375 0.7530619515625 0.6437536546875 0.747398575 0.635617690625 0.7556195171875
0 0.6955409359375 0.9543585531250001 0.6998355265625 0.9552631578125 0.7009137421875 0.9418585531250001 0.6967653515625 0.9408442984375001 0.6955409359375 0.9543585531250001
0 0.6646198828125 0.9052357453125 0.669097221875 0.906304825 0.6708059203125 0.88837719375 0.66633771875 0.8873081140625001 0.6646198828125 0.9052357453125
0 0.2349049703125 1 0.22852704687499997 0.9891721484374999 0.22277046718750002 0.9944078953125001 0.22664473749999997 1 0.2349049703125 1
0 0.029769737499999997 0.9892269734375001 0.02891081875 0.9960800437499999 0.0377923984375 0.99920504375 0.038760965625 0.9920778515625001 0.029769737499999997 0.9892269734375001
0 0.054316520312500005 1 0.0547331875 0.998026315625 0.0463633046875 0.9952850874999999 0.045491593749999996 0.9999533984375001 0.0474616234375 1 0.054316520312500005 1
1 0 0.9905153515625 0.009320175 0.994051534375 0.011293859375 0.9812225874999999 0 0.9774533984374999 0 0.9905153515625
0 0.01034905 0.9930729171875001 0.00931469375 0.9999259875 0.019908625 1 0.0203179828125 0.996707784375 0.01034905 0.9930729171875001
0 0.133150584375 0.5336074562500001 0.1379788015625 0.5335581140625 0.137810671875 0.51795504375 0.1333881578125 0.51795504375 0.133150584375 0.5336074562500001
0 0.138375365625 0.533706140625 0.1433168859375 0.533706140625 0.14265350937500001 0.51803728125 0.1377558484375 0.5187774125 0.138375365625 0.533706140625
0 0.05729166718749999 0.4822094296875 0.055632309375 0.488678728125 0.0655153515625 0.49446271875000003 0.0671966375 0.4880482453125 0.05729166718749999 0.4822094296875
1 0.2347149125 0.9868421046875 0.23461257343750003 0.9891995609374999 0.2392909359375 0.9894736843749999 0.2392909359375 0.9870888156250001 0.2347149125 0.9868421046875
1 0.20604897656249999 0.9640076750000001 0.20603070156249997 0.9659539468749999 0.2099049703125 0.9658717109375001 0.20977704687499998 0.9638980265624999 0.20604897656249999 0.9640076750000001
1 0.1943347953125 0.955016446875 0.1944078953125 0.9573190796875 0.1982638890625 0.9563678734375 0.1982273390625 0.954385965625 0.1943347953125 0.955016446875
1 0.1551900578125 0.9327028515625001 0.155171784375 0.9345120609374999 0.1588084796875 0.9344846484374999 0.1587536546875 0.9327028515625001 0.1551900578125 0.9327028515625001
0 0.8795869890624999 0.9390350875 0.8826388890624999 0.9417214906250001 0.8867324562500001 0.9314967109375001 0.883991228125 0.9286458328125 0.8795869890624999 0.9390350875
0 0.9796600874999999 0.849588815625 0.9812865499999999 0.8565515343750001 0.9896747078124999 0.85227521875 0.9883753656250001 0.8451617328125 0.9796600874999999 0.849588815625
0 0.976973684375 0.8422697375 0.9783625734375001 0.8495339906250001 0.98671418125 0.8451617328125 0.9855281437500001 0.8380455046874999 0.976973684375 0.8422697375
0 0.9851608187500001 0.830016446875 0.9840826015624999 0.837088815625 0.99460891875 0.8409265343750001 0.9957291671874999 0.8339528515625 0.9851608187500001 0.830016446875
0 0.9813760968749999 0.8117132671875 0.981257309375 0.8179385968749999 0.9922149125 0.819188596875 0.9925255843749999 0.813135965625 0.9813760968749999 0.8117132671875
0 0.981615496875 0.8209155703125001 0.981597221875 0.827686403125 0.9919334796875001 0.828081140625 0.9919334796875001 0.8218530703125 0.981615496875 0.8209155703125001
0 0.9832054093749999 0.8372532890625 0.9834978062499999 0.8307565796875 0.9733004390625 0.8297971484375 0.9732273390625 0.836321271875 0.9832054093749999 0.8372532890625
0 0.7461074562500001 0.029331140625000002 0.7453947375000001 0.0357182015625 0.7548793859375 0.038733553125 0.75551900625 0.032483553124999995 0.7461074562500001 0.029331140625000002
0 0.734429825 0.0282620609375 0.7342105265625001 0.0342379390625 0.744152046875 0.03511513125 0.744188596875 0.029276315625 0.734429825 0.0282620609375
0 0.744170321875 0.054139254687500006 0.74446271875 0.058936403125 0.75381944375 0.058662281250000003 0.7534356718749999 0.053974781250000006 0.744170321875 0.054139254687500006
1 0.6471564328125 0.119018640625 0.6515168124999999 0.11943530625000001 0.6516264625 0.1021655703125 0.647350146875 0.10197368437500001 0.6471564328125 0.119018640625
0 0.038797514062499996 0.7338541671875001 0.043439328124999996 0.73525219375 0.0450657890625 0.7213267546875 0.0403874265625 0.719846490625 0.038797514062499996 0.7338541671875001
0 0.7095577484375 0.105126096875 0.7126023390625 0.10129111875 0.7068439328125 0.090145284375 0.7034265343749999 0.0939336625 0.7095577484375 0.105126096875