0 0.7708808484375 0.7345504390625 0.7685124265625001 0.7273026312499999 0.7593019 0.734429825 0.76164108125 0.7415296046875001 0.7708808484375 0.7345504390625
1 0.679570540625 0.805682565625 0.6779970765625001 0.8006030703125001 0.671991959375 0.8049314687500001 0.673623903125 0.8100630484375 0.679570540625 0.805682565625
0 0.110544590625 0.377768640625 0.10712719374999999 0.38201754375 0.11454678437500002 0.39457236875 0.1177814328125 0.390186403125 0.110544590625 0.377768640625
0 0.6319261703125 0.0951206140625 0.636421784375 0.0927905703125 0.6321180562500001 0.0769216015625 0.6279605265625 0.0790378296875 0.6319261703125 0.0951206140625
0 0.870796784375 0.5920504390625 0.86792763125 0.5865953953124999 0.858296784375 0.5964638156250001 0.8610014625 0.602713815625 0.870796784375 0.5920504390625
1 0.8377375734375001 0.3952330046875 0.8309173984375 0.39849506562500003 0.8360581140625 0.42029057031250006 0.842671784375 0.41710526249999996 0.8377375734375001 0.3952330046875
0 0.3663011703125 0.46979166718750004 0.36332236875 0.4631030703125 0.3530519 0.47258771875 0.35590277812500004 0.4794407890625 0.3663011703125 0.46979166718750004
0 0.8642726609375 0.251123903125 0.86790935625 0.24725877187499998 0.8619883046875 0.23514254375000002 0.85820358125 0.238692434375 0.8642726609375 0.251123903125
0 0.680866228125 0.8600054828125 0.6821820171875 0.853453946875 0.6719846484375 0.8478070171875001 0.6704495609375 0.8543585531250001 0.680866228125 0.8600054828125
0 0.5158260234375 0.9223958328125 0.5177997078125001 0.9296875 0.5282894734375 0.9229166671875 0.5263157890625 0.9157894734375001 0.5158260234375 0.9223958328125
0 0.1377923984375 0.14925986875 0.139455409375 0.15553728125 0.150438596875 0.1481633765625 0.1482456140625 0.1419682015625 0.1377923984375 0.14925986875
0 0.910508040625 0.6916940796875 0.9056286546875001 0.6891721484375 0.9025219296874999 0.7047149125 0.9074195906250001 0.70709978125 0.910508040625 0.6916940796875
0 0.9002558484375 0.7114309203125 0.8955592109375001 0.7078947375 0.8913194437499999 0.72258771875 0.8962902046875 0.726206140625 0.9002558484375 0.7114309203125
1 0.81960891875 0.7938322375 0.8284356718750001 0.8026041671874999 0.8448647656249999 0.762801534375 0.8359466375 0.7544682015624999 0.81960891875 0.7938322375
0 0.7575109656250001 0.7496162281250001 0.7606907890625 0.75548245625 0.7699013156250001 0.7452302625 0.766721490625 0.7388980265625 0.7575109656250001 0.7496162281250001
0 0.044700292187500004 0.7145010968750001 0.0486111109375 0.7189967109375 0.0563961984375 0.7054824562500001 0.052576754687500005 0.7009320171875 0.044700292187500004 0.7145010968750001
0 0.50224780625 1 0.505921053125 0.9906524125 0.5018640343749999 0.9871162281249999 0.49702119843750003 1 0.50224780625 1
1 0.3807017546875 0.48972039531249995 0.3828399125 0.487143640625 0.3786732453125 0.47924890312499996 0.3766264625 0.481578946875 0.3807017546875 0.48972039531249995
1 0.3833881578125 0.48634868437499995 0.3849597953125 0.4845942984375 0.381652046875 0.47771381562500004 0.379989034375 0.47985197343749997 0.3833881578125 0.48634868437499995
0 0.060380117187500006 0.4189144734375 0.0576571640625 0.42401315781250004 0.0662828953125 0.434758771875 0.069078946875 0.4297149125 0.060380117187500006 0.4189144734375
1 0.367562134375 0.5042489031249999 0.36829312812500004 0.5065241234375 0.37269736875000004 0.5036732453125 0.37202119843750003 0.5013432015625 0.367562134375 0.5042489031249999
1 0.385453215625 0.4849780703125 0.38731725156249996 0.48294956093749997 0.3837902046875 0.4759320171875 0.38196271875 0.47798793906250003 0.385453215625 0.4849780703125
0 0.09164839218750001 0.5653782890625 0.0873355265625 0.560471490625 0.0787463453125 0.57571271875 0.0830957609375 0.580921053125 0.09164839218750001 0.5653782890625
0 0.0368969296875 0.171875 0.040570175 0.16806469375 0.035453215625 0.1561677625 0.03205409375 0.1598958328125 0.0368969296875 0.171875
0 0.9854714906250001 0.9177905703125001 0.9779970765625 0.9156524125000001 0.974671053125 0.939007675 0.982510965625 0.9413925437499999 0.9854714906250001 0.9177905703125001
1 0.473757309375 0.9247532890624999 0.4703764625 0.9281524125 0.474652778125 0.9374177625 0.4779788015625 0.934018640625 0.473757309375 0.9247532890624999
0 0.8815241234375 0.664501096875 0.876973684375 0.6671875 0.8805007312500001 0.6817982453125 0.8853801171875 0.679221490625 0.8815241234375 0.664501096875
0 0.379203215625 0.8223684203125 0.3818896203125 0.8276315796875 0.39058845 0.8175164468749999 0.387883771875 0.8123903515625001 0.379203215625 0.8223684203125
0 0.7309576015625 0.9636787281249999 0.72894736875 0.969051534375 0.7391630109375 0.976973684375 0.741008771875 0.971518640625 0.7309576015625 0.9636787281249999
0 0.2770833328125 0.992626096875 0.2814692984375 0.9877741234374999 0.2740131578125 0.9728070171875001 0.2693347953125 0.9774671046875 0.2770833328125 0.992626096875
0 0.187152778125 0.912445175 0.190643275 0.9074835531250001 0.1813432015625 0.8935307015625 0.1778691515625 0.8983552625 0.187152778125 0.912445175
0 0.208132309375 0.9027960531250001 0.2110745609375 0.896820175 0.201114765625 0.8858552625 0.198044590625 0.891831140625 0.208132309375 0.9027960531250001
0 0.2077302625 0.8779605265624999 0.20392909375 0.883141446875 0.2122624265625 0.89616228125 0.21604532187499997 0.890981359375 0.2077302625 0.8779605265624999
0 0.6557383046874999 0.7200383765625 0.6579861109375 0.7261787281250001 0.66875 0.7174067984375 0.6665752921875 0.7114857453125001 0.6557383046874999 0.7200383765625
0 0.9672149125 0.844078946875 0.9655519 0.8502741234375 0.9756761703124999 0.855893640625 0.97728435625 0.849588815625 0.9672149125 0.844078946875
0 0.4671235375 0.818421053125 0.4713633046875 0.8144462718750001 0.465168128125 0.7982730265625 0.4607273390625 0.8021929828125 0.4671235375 0.818421053125
0 0.4588084796875 0.822203946875 0.46288377187499996 0.8179276312500001 0.45553728125 0.802713815625 0.45131578906250003 0.80701754375 0.4588084796875 0.822203946875
0 0.6633954671875 0.8470120609375 0.6600328953125 0.841748903125 0.6516447375000001 0.8529879390625 0.6552631578125 0.85852521875 0.6633954671875 0.8470120609375
1 0.2810672515625 0.6415844296875 0.2828216375 0.6442708328125 0.28667763125 0.638706140625 0.2849415203125 0.6360745609375 0.2810672515625 0.6415844296875
1 0.378527046875 0.4916940796875 0.380062134375 0.49021381562500005 0.3765935671875 0.481776315625 0.375018275 0.48322368437499996 0.378527046875 0.4916940796875
1 0.39287280625 0.47798793906250003 0.39464546718750004 0.476233553125 0.39097222187499997 0.46809210468750007 0.38919956093749997 0.469846490625 0.39287280625 0.47798793906250003
1 0.8287646203125 0.2172971484375 0.8298245609375 0.219983553125 0.8344663750000001 0.2161184203125 0.8334247078124999 0.21337719375000003 0.8287646203125 0.2172971484375
1 0.5856359656250001 0.9080592109375001 0.5802083328125 0.9034265343750001 0.5715095031249999 0.9244791671874999 0.576918859375 0.929276315625 0.5856359656250001 0.9080592109375001
1 0.210760234375 0.766831140625 0.2126644734375 0.7712719296875 0.21845942968749998 0.7656524124999999 0.21657346562500002 0.76129111875 0.210760234375 0.766831140625
0 0.4209247078125 0.21707785156249998 0.4228252921875 0.22330043906250002 0.43114035156249997 0.21757127187499997 0.429203215625 0.21165021875 0.4209247078125 0.21707785156249998
1 0.44603435625000004 0.4657620609375 0.44725877187499996 0.4690241234375 0.45197368437499996 0.4649945171875 0.45073099375 0.46170504375 0.44603435625000004 0.4657620609375
1 0.44592470781250004 0.4497532890625 0.4447733921875 0.44657346562500005 0.43987573125 0.45065789531249995 0.441008771875 0.45378289531249993 0.44592470781250004 0.4497532890625
1 0.39917763125 0.47256030625 0.401206140625 0.47069627187499996 0.39824561406250003 0.46351425468749996 0.3962536546875 0.4653782890625 0.39917763125 0.47256030625
1 0.39460891875000004 0.475466009375 0.396472953125 0.4735745609375 0.39360380156249997 0.4671875 0.391703215625 0.469133771875 0.39460891875000004 0.475466009375
1 0.8574378656249999 0.9985471484374999 0.85866228125 0.9939418859375 0.85087719375 0.9893366234375 0.8496162281249999 0.9939967109375001 0.8574378656249999 0.9985471484374999
1 0.9376461984375 0.1358552625 0.9387792390625 0.13837719375 0.9432200296875 0.133936403125 0.9420869890624999 0.1314418859375 0.9376461984375 0.1358552625
1 0.6305921046875 0.3352796046875 0.6313596484375 0.33818530625 0.636421784375 0.33516995625 0.6356725140624999 0.3322368421875 0.6305921046875 0.3352796046875
1 0.39548611093749997 0.49912280625000005 0.39301900624999997 0.4943530703125 0.3869334796875 0.5010142546874999 0.389437134375 0.505811403125 0.39548611093749997 0.49912280625000005
0 0.9005665203125 0.76011513125 0.9049342109375 0.7622258765625001 0.9077485375000001 0.7490679828125 0.9036366953125 0.7470120609374999 0.9005665203125 0.76011513125
0 0.7971308484375 0.1734649125 0.7927448828125 0.177823465625 0.7993786546874999 0.1920230265625 0.8037280703125 0.1875 0.7971308484375 0.1734649125
0 0.8665752921875001 0.728481359375 0.8719663750000001 0.73193530625 0.8764985375000001 0.715241228125 0.871509503125 0.7119517546874999 0.8665752921875001 0.728481359375
0 0.713578215625 0.5322916671875 0.7149671046875 0.5384868421875 0.725438596875 0.5333607453125 0.7239948828125 0.5273300437499999 0.713578215625 0.5322916671875
1 0.33846856718749996 0.5296600875 0.3369700296875 0.5269736843749999 0.3325475140625 0.532373903125 0.334009503125 0.53511513125 0.33846856718749996 0.5296600875
0 0.0475511703125 0.1938322375 0.051078215625 0.18983004375 0.0439327484375 0.175054825 0.040186403125 0.17881030625 0.0475511703125 0.1938322375
0 0.598903509375 0.3431469296875 0.5970211984375 0.33626644687499996 0.5860928359375001 0.3431743421875 0.5879934203125 0.35010964843750003 0.598903509375 0.3431469296875
1 0.6920687140624999 0.2900493421875 0.691045321875 0.2873903515625 0.6869152046875 0.29084429843750004 0.687938596875 0.2935307015625 0.6920687140624999 0.2900493421875
1 0.2665387421875 0.6498629390625 0.268274853125 0.6526041671875 0.2720942984375 0.647176534375 0.27035818749999996 0.64449013125 0.2665387421875 0.6498629390625
1 0.122258771875 0.9110471484374999 0.12419590625000002 0.9131030703125 0.127046784375 0.9071820171875 0.1251461984375 0.9052083328125 0.122258771875 0.9110471484374999
1 0.112171053125 0.9216557015625 0.1141264625 0.9243146937500001 0.117580409375 0.9185032890624999 0.115643275 0.9158991234375 0.112171053125 0.9216557015625
1 0.230774853125 0.6859100875 0.22777777812500002 0.6810581140624999 0.22081505781250002 0.690241228125 0.22379385937500001 0.6952302625 0.230774853125 0.6859100875
0 0.12271564374999999 0.8871162281249999 0.11831140312499999 0.8828399125 0.1122624265625 0.8960800437499999 0.1166666671875 0.900438596875 0.12271564374999999 0.8871162281249999
0 0.9703764625 0.0752192984375 0.9678728062499999 0.0703125 0.9607090640625 0.0779879390625 0.9632309937500001 0.083141446875 0.9703764625 0.0752192984375
0 0.218768275 0.8635416671874999 0.21538742656249998 0.8693530703125001 0.2251096484375 0.8814967109375 0.22839912343750002 0.875466009375 0.218768275 0.8635416671874999
0 0.25213267500000003 0.6118750000000001 0.24837353750000002 0.6158991234375 0.2544791671875 0.6277494515625001 0.2580244890625 0.6236293859375001 0.25213267500000003 0.6118750000000001
0 0.0951023390625 0.96170504375 0.099597953125 0.9662006578125 0.106578946875 0.9501096484374999 0.10211988281249999 0.9458607453125 0.0951023390625 0.96170504375
0 0.084777046875 1 0.087847221875 0.9912280703125 0.083168859375 0.9878015343750001 0.0787463453125 1 0.084777046875 1
0 0.45210160781250003 0.4243969296875 0.45014619843750003 0.41883223750000004 0.44173976562500006 0.4256030703125 0.44375 0.43125 0.45210160781250003 0.4243969296875
0 0.5454495609375 0.34322916718749996 0.5504934203125 0.3396107453125 0.5463084796875 0.32669956093749997 0.54146564375 0.33007127187499996 0.5454495609375 0.34322916718749996
0 0.5724597953125 0.3584703953125 0.5704312859375 0.3521655703125 0.5601425437499999 0.359018640625 0.562043128125 0.3655427625 0.5724597953125 0.3584703953125
0 0.1877010234375 0.043421053125 0.183114034375 0.0470394734375 0.1889985375 0.0639528515625 0.19367689999999999 0.0603070171875 0.1877010234375 0.043421053125
1 0.3896381578125 0.4798793859375 0.39234283593749997 0.4770833328125 0.38949195937500003 0.47075109687500005 0.38669590625 0.4735471484375 0.3896381578125 0.4798793859375
1 0.3881213453125 0.48256578906250003 0.3893457609375 0.48037280625 0.385052996875 0.47456414531249996 0.3837719296875 0.4767543859375 0.3881213453125 0.48256578906250003
1 0.41072733906250003 0.46343201718750004 0.40833333281249995 0.4588815796875 0.402741228125 0.4651315796875 0.40511695937500003 0.46979166718750004 0.41072733906250003 0.46343201718750004
0 0.8382492687499999 0.0083881578125 0.83993055625 0.014254385937499999 0.8485197375 0.009183114062500001 0.846875 0.0033442984374999997 0.8382492687499999 0.0083881578125
0 0.4075840640625 0.10550986874999999 0.4063961984375 0.0993421046875 0.3962536546875 0.103426534375 0.3974049703125 0.1099232453125 0.4075840640625 0.10550986874999999
0 0.5505482453125 0.40487938593750006 0.5525767546875 0.41217105312499996 0.5640533624999999 0.40518092031249997 0.562043128125 0.398026315625 0.5505482453125 0.40487938593750006
0 0.6178545328125 0.41713267500000006 0.6219481 0.4138706140625 0.6167068718750001 0.399432565625 0.6127192984375001 0.40241228125 0.6178545328125 0.41713267500000006
0 0.6119517546875 0.42121710468750007 0.6163194437499999 0.41790021875 0.6124506578125 0.4066392546875 0.6081871343749999 0.4098684203125 0.6119517546875 0.42121710468750007
1 0.253143275 0.6723958328124999 0.25741959062499997 0.6795230265625001 0.2705409359375 0.661403509375 0.2662828953125 0.6546600875 0.253143275 0.6723958328124999
0 0.2583698828125 0.271929825 0.2548062859375 0.274698465625 0.2591758046875 0.2867543859375 0.2626096484375 0.2837445171875 0.2583698828125 0.271929825
0 0.2532894734375 0.25540021875 0.24895833281250002 0.25855263125 0.254294590625 0.274588815625 0.25868055624999997 0.27113486875000004 0.2532894734375 0.25540021875
0 0.4227704671875 0.455153509375 0.42006578906250003 0.4497807015625 0.41134868437499994 0.45860745625000005 0.4139802625 0.4641721484375 0.4227704671875 0.455153509375
0 0.2521747078125 0.8938048249999999 0.24884868437500002 0.8890899125 0.241794590625 0.8998629390625 0.24528508750000003 0.9046875 0.2521747078125 0.8938048249999999
0 0.2037828953125 0.9107182015624999 0.20714546718750002 0.9046875 0.1987024859375 0.8944078953125001 0.19544956093750002 0.9002192984375 0.2037828953125 0.9107182015624999
0 0.184850146875 0.8856907890624999 0.1811038015625 0.8915296046875 0.190314328125 0.9044407890624999 0.193972953125 0.898577303125 0.184850146875 0.8856907890624999
0 0.259722221875 1 0.251260965625 0.9880208328125001 0.2477704671875 0.9930646937500001 0.2528508765625 1 0.259722221875 1
0 0.283899853125 0.9766995609375 0.28788377187499997 0.97116228125 0.278472221875 0.9566337718750001 0.27454312812500004 0.9621710531250001 0.283899853125 0.9766995609375
0 0.6547880109374999 0.79133771875 0.6501096484375 0.79446271875 0.6552814328125 0.8112116234375 0.6596856718749999 0.808168859375 0.6547880109374999 0.79133771875
0 0.63991228125 0.7313322375 0.6422149125 0.7381304828124999 0.653600146875 0.7300986843749999 0.6513888890625 0.7234375 0.63991228125 0.7313322375
0 0.42213084843750004 0.5131578953125 0.4197002921875 0.5074835531249999 0.4099049703125 0.51633771875 0.4123538015625 0.522203946875 0.42213084843750004 0.5131578953125
0 0.24416483906250003 0.6806469296875 0.2406981 0.6757675437499999 0.23357090625 0.686293859375 0.2370486109375 0.6911759875000001 0.24416483906250003 0.6806469296875
0 0.219749634375 0.71563870625 0.2161184203125 0.7104166671875001 0.20785818749999999 0.7229440796875 0.21158625781249998 0.728070175 0.219749634375 0.71563870625
0 0.056578946875 0.830893640625 0.05391081875 0.8372532890625 0.063578215625 0.8466282890624999 0.06633771875 0.8404331140625001 0.056578946875 0.830893640625
1 0.158991228125 0.8037554828125 0.154276315625 0.79772478125 0.142671784375 0.8177631578125 0.1474963453125 0.8240953953125001 0.158991228125 0.8037554828125
0 0.9088450296874999 0.14015899062499998 0.9066520468749999 0.13423793906249998 0.8974049703125001 0.14141995624999998 0.899561403125 0.1474506578125 0.9088450296874999 0.14015899062499998
0 0.9088450296874999 0.14550438593749998 0.9109100874999999 0.1513980265625 0.9184758765625001 0.1455592109375 0.9163011703124999 0.1396929828125 0.9088450296874999 0.14550438593749998
0 0.9690423984375001 0.062225876562500004 0.9666301171875 0.057373903125 0.96023391875 0.064007675 0.9626096484375 0.06899671093750001 0.9690423984375001 0.062225876562500004
0 0.9420504390625 0.0904057015625 0.9396564328125001 0.0858004390625 0.9327119890625 0.0932565796875 0.9351571640625 0.0980016453125 0.9420504390625 0.0904057015625
0 0.8851059937500001 0.163651315625 0.887079678125 0.16957236874999998 0.8957602343750001 0.16334978125 0.8938048249999999 0.15756578906250002 0.8851059937500001 0.163651315625
0 0.86171418125 0.18352521875 0.8635051171875 0.1895559203125 0.8725146203125 0.18366228125 0.870741959375 0.177713815625 0.86171418125 0.18352521875
0 0.795796784375 0.2165844296875 0.794097221875 0.210635965625 0.7849963453125001 0.2158991234375 0.7865314328124999 0.2221217109375 0.795796784375 0.2165844296875
0 0.7829495609375 0.224945175 0.7810124265625 0.21896929843750002 0.7712536546875 0.22543859687499998 0.7730994156250001 0.23163377187499998 0.7829495609375 0.224945175
0 0.7415935671875 0.2524671046875 0.73974780625 0.2462171046875 0.7311403515625 0.2513157890625 0.7328399125 0.25797697343750003 0.7415935671875 0.2524671046875
0 0.7294225140624999 0.260553728125 0.7275767546874999 0.25441337656249996 0.717598684375 0.26036184218749997 0.7193896203125 0.266721490625 0.7294225140624999 0.260553728125
0 0.7027960531249999 0.287198465625 0.7048245609375 0.2937225875 0.7156432749999999 0.2861567984375 0.7134685671875001 0.2796875 0.7027960531249999 0.287198465625
0 0.7045138890625 0.2762883765625 0.7020650578125001 0.2694078953125 0.6904422515624999 0.277741228125 0.6927814328124999 0.2848958328125 0.7045138890625 0.2762883765625
0 0.0622989765625 0.8249177624999999 0.0591374265625 0.8296600875 0.06800073125 0.842203946875 0.071158625 0.837571271875 0.0622989765625 0.8249177624999999
0 0.13848684218750001 0.858251096875 0.134027778125 0.8532620609375 0.125847953125 0.8692434203125 0.1302631578125 0.87423245625 0.13848684218750001 0.858251096875
0 0.1633095765625 0.8108251093750001 0.1593019 0.8060307015625 0.151224415625 0.8202302625 0.15539108125 0.8252741234375 0.1633095765625 0.8108251093750001
0 0.1755665203125 0.7880756578125 0.1716374265625 0.78358004375 0.16491228125 0.7955317984375 0.1688596484375 0.8001918859374999 0.1755665203125 0.7880756578125
0 0.18088450312499998 0.7506853062500001 0.17732090625000002 0.7454769734375 0.16957236874999998 0.7571271937499999 0.173117690625 0.7624451750000001 0.18088450312499998 0.7506853062500001
0 0.2533260234375 0.7047149125 0.25003655 0.69925986875 0.24022295312500003 0.7127741234375 0.24347587656249997 0.7183662281250001 0.2533260234375 0.7047149125
0 0.269294590625 0.595057565625 0.2651133046875 0.59925986875 0.2708333328125 0.6124725875 0.275054825 0.6084155703125 0.269294590625 0.595057565625
0 0.2775219296875 0.6079221484375 0.28194444375 0.60243969375 0.2736988296875 0.5872505484375 0.26911549687499997 0.5927357453125001 0.2775219296875 0.6079221484375
0 0.7716008765625 0.690296053125 0.7672880109375 0.693311403125 0.77262426875 0.7087445171875 0.7767635234375 0.7056496703125 0.7716008765625 0.690296053125
0 0.7639619890625 0.7028782890625 0.759283625 0.7056743421875 0.7630665203125 0.7189144734374999 0.7677083328125 0.716008771875 0.7639619890625 0.7028782890625
0 0.758223684375 0.7584429828125 0.7615679828124999 0.7646655703125 0.77108918125 0.7533168859375 0.7678545328124999 0.747341009375 0.758223684375 0.7584429828125
1 0.2504934203125 0.6611842109375 0.2478618421875 0.656606359375 0.242061403125 0.6638267546875001 0.2446820171875 0.668366228125 0.2504934203125 0.6611842109375
1 0.30024305625 0.5979906796875001 0.29773391875 0.5935032890625 0.29201388906250003 0.60079495625 0.29446271875 0.6051809203125 0.30024305625 0.5979906796875001
1 0.32925804062499997 0.5902138156250001 0.331633771875 0.594928728125 0.3377375734375 0.5885142546875 0.335429459375 0.5838952843749999 0.32925804062499997 0.5902138156250001
1 0.727028509375 0.24775219375000002 0.7283808484375001 0.2524671046875 0.7347898390625 0.24847039531249998 0.7334429828125 0.2439418859375 0.727028509375 0.24775219375000002
1 0.7717288015625 0.2302357453125 0.769919590625 0.2248355265625 0.7634137421875 0.229276315625 0.7651224421875 0.234758771875 0.7717288015625 0.2302357453125
1 0.8125182750000001 0.22033991249999998 0.8133771937500001 0.2256578953125 0.8204130109375001 0.2231907890625 0.8196052625 0.21796052656249998 0.8125182750000001 0.22033991249999998
1 0.8075840640624999 0.20860745625 0.8060672515625 0.203125 0.7997459796874999 0.20688322343749999 0.8012426906250001 0.2123903515625 0.8075840640624999 0.20860745625
1 0.853106725 0.47327302656250003 0.8573464906250001 0.47012061406249994 0.8543676906250001 0.4615131578125 0.850054825 0.4646381578125 0.853106725 0.47327302656250003
1 0.894060671875 0.1665570171875 0.8958333328125001 0.1743969296875 0.909831871875 0.167132675 0.9079130109375001 0.1593475875 0.894060671875 0.1665570171875
1 0.8735745609375 0.7264528515625 0.8716191515625 0.73125 0.8770833328125001 0.7361019734375 0.8790021937500001 0.7314418859375 0.8735745609375 0.7264528515625
0 0.8562116234375001 0.8043887062499999 0.8577138156249999 0.798522478125 0.8474232453124999 0.791721490625 0.8455043859375 0.7977796046875001 0.8562116234375001 0.8043887062499999
0 0.5548428359375001 0.6752192984375001 0.5567616953125001 0.6813322375 0.56798245625 0.6734649125 0.5661184203125 0.6677357453125 0.5548428359375001 0.6752192984375001
0 0.521491228125 0.6865953953124999 0.51959064375 0.6806743421875 0.5094846484375 0.6878289468750001 0.511403509375 0.6937225875 0.521491228125 0.6865953953124999
0 0.7189510234375 0.23157894687499997 0.7141264625 0.22946820156249997 0.7107273390625 0.2462993421875 0.7154788015625 0.24830043906250002 0.7189510234375 0.23157894687499997
0 0.7357273390625 0.215679825 0.7313231 0.21641995625 0.732554825 0.2301644734375 0.7369590640625 0.229372259375 0.7357273390625 0.215679825
0 0.14576023437500002 0.1359100875 0.148099415625 0.14205043906249998 0.1609100875 0.13207236875 0.15862573124999998 0.12582236875 0.14576023437500002 0.1359100875
0 0.291703215625 0.376123903125 0.2877375734375 0.379742325 0.29287280625 0.3921052625 0.2967653515625 0.3884046046875 0.291703215625 0.376123903125
0 0.41180555625000004 0.1983004390625 0.4100146203125 0.191036184375 0.3978983921875 0.19682017499999999 0.3996290203125 0.20426809218750003 0.41180555625000004 0.1983004390625
0 0.3978070171875 0.20764802656249998 0.4006396203125 0.21510416718749997 0.412134503125 0.2068530703125 0.408991228125 0.1997532890625 0.3978070171875 0.20764802656249998
0 0.2875731 0.056770832812500005 0.28592836250000003 0.051726973437500004 0.2770650578125 0.057127193750000006 0.2786366953125 0.0623903515625 0.2875731 0.056770832812500005
1 0.7396929828125 0.074588815625 0.74137426875 0.08341557031249999 0.7585581140625 0.07637883749999999 0.7567616953125 0.06746162343749999 0.7396929828125 0.074588815625
1 0.34771564375 0.495723684375 0.350347221875 0.4923519734375 0.3455409359375 0.48457236875 0.34287280625 0.4881030703125 0.34771564375 0.495723684375
0 0.8659904968750001 0.7263432015625 0.862865496875 0.7326480265625 0.8743603796875 0.744161184375 0.8771198828125 0.737966009375 0.8659904968750001 0.7263432015625
0 0.7720760234374999 0.540213815625 0.77421418125 0.5462171046875001 0.7818530703125 0.540296053125 0.7795321640624999 0.5343475875 0.7720760234374999 0.540213815625
0 0.7895833328124999 0.5486019734375 0.7946089187500001 0.545257675 0.7907529234374999 0.5322368421875 0.785599415625 0.53525219375 0.7895833328124999 0.5486019734375
0 0.8267726609375 0.02110745625 0.8283808484374999 0.028015351562500002 0.8388157890624999 0.02264254375 0.8371345031249999 0.016008771875 0.8267726609375 0.02110745625
1 0.858991228125 0.75227521875 0.8561038015625 0.7603618421875 0.87116228125 0.7713541671875 0.8739948828124999 0.7635142546875 0.858991228125 0.75227521875
0 0.8622807015625 0.133114034375 0.8578033625 0.137171053125 0.8639802624999999 0.1513432015625 0.8682931281249999 0.147176534375 0.8622807015625 0.133114034375
0 0.32012061406250003 0.507401315625 0.3155153515625 0.5112116234374999 0.322222221875 0.5283717109375 0.3266630109375 0.52431469375 0.32012061406250003 0.507401315625
0 0.47205774843750004 0.48985745625000005 0.47693713437499996 0.4872807015625 0.47266081875 0.46943530625 0.4677448828125 0.47203947343749997 0.47205774843750004 0.48985745625000005
0 0.838633040625 0.77886513125 0.8377192984375 0.7848684203125 0.8484466375 0.78818530625 0.84921418125 0.7822368421875 0.838633040625 0.77886513125
0 0.823885234375 0.7673793859375 0.8286019734375 0.770635965625 0.8341008765625 0.7541392546875 0.8294042390625 0.75076754375 0.823885234375 0.7673793859375
1 0.3306103796875 0.442571271875 0.333918128125 0.4401041671875 0.33046418125 0.430783990625 0.3272002921875 0.4333004390625 0.3306103796875 0.442571271875
1 0.29996345 0.3823190796875 0.296856725 0.384676534375 0.300091375 0.394078946875 0.30313413749999996 0.3917817984375 0.29996345 0.3823190796875
0 0.3178545328125 0.472313596875 0.3225328953125 0.46905153437499997 0.317489034375 0.45282346562500003 0.3130116953125 0.4557291671875 0.3178545328125 0.472313596875
0 0.306615496875 0.4401315796875 0.3110197375 0.43673245625 0.30555555624999997 0.42050438593750006 0.301096490625 0.42382127187499996 0.306615496875 0.4401315796875
0 0.3861293859375 0.5158717109375 0.3888706140625 0.5223684203125 0.3993238296875 0.5122532890625 0.3963084796875 0.505783990625 0.3861293859375 0.5158717109375
0 0.8483369890624999 0.9959155703125001 0.8499817249999999 0.9886787281249999 0.8389071640625 0.9830592109375 0.8371345031249999 0.990296053125 0.8483369890624999 0.9959155703125001
0 0.8578764624999999 0.8252192984375 0.8635051171875 0.82894736875 0.8682748531250001 0.8131578953125 0.8627375734375 0.8092105265624999 0.8578764624999999 0.8252192984375
1 0.635471490625 0.31022478124999997 0.6333150578125 0.305783990625 0.6275584796875 0.31170504375 0.6295504390625 0.3162280703125 0.635471490625 0.31022478124999997
1 0.679221490625 0.2786458328125 0.67743055625 0.2736842109375 0.6715826015624999 0.2783991234375 0.6733735375000001 0.28338815781250004 0.679221490625 0.2786458328125
1 0.7084429828125 0.2625274125 0.7068165203125 0.257401315625 0.700347221875 0.26186951718749996 0.701991959375 0.26707785156249997 0.7084429828125 0.2625274125
1 0.84930555625 0.4490953953125 0.8541483921875 0.44638157968750003 0.8518658625000001 0.437530153125 0.8470760234375 0.43999451718750004 0.84930555625 0.4490953953125
1 0.2744334796875 0.27360197343750003 0.277668128125 0.2713541671875 0.27452668125 0.2612966015625 0.2712171046875 0.2635142546875 0.2744334796875 0.27360197343750003
0 0.21354166718749998 0.3879934203125 0.21787280625 0.3852796046875 0.2125 0.36890625 0.208278509375 0.3719572375 0.21354166718749998 0.3879934203125
1 0.5912499999999999 0.626748903125 0.5916849421875 0.632401315625 0.6006030703125 0.6309758765625 0.6000950296875 0.625282346875 0.5912499999999999 0.626748903125
1 0.1147295328125 0.9845394734375 0.117489034375 0.9869243421875 0.12046418125 0.9805482453125001 0.1173976609375 0.978179825 0.1147295328125 0.9845394734375
1 0.23835891875 0.7654331140624999 0.23530701718749997 0.7696820171875001 0.2400402046875 0.7776315796875 0.2431652046875 0.7731085531249999 0.23835891875 0.7654331140624999
0 0.782383040625 0.9203125 0.7800310671874999 0.924276315625 0.785581140625 0.9313596484375 0.787847221875 0.9274945171875 0.782383040625 0.9203125
0 0.691100146875 0.8635142546875001 0.6922697375 0.8577850874999999 0.6826571640625 0.853070175 0.6813413749999999 0.8587171046875 0.691100146875 0.8635142546875001
0 0.7983187140625 0.7360745609375 0.8040387421874999 0.731578946875 0.798260234375 0.7165899125 0.7925858921875 0.721091009375 0.7983187140625 0.7360745609375
0 0.8331670328125 0.2401315796875 0.8353070171875 0.246875 0.8462171046875 0.23904057031249998 0.8439894000000001 0.2324917765625 0.8331670328125 0.2401315796875
0 0.7271198828125 0.5365131578125 0.7290588453125 0.54290021875 0.7389071640625 0.536403509375 0.737061403125 0.5302357453125001 0.7271198828125 0.5365131578125
1 0.776206140625 0.26047149062499997 0.773117690625 0.2656524125 0.7784173984375 0.2719572375 0.7813779234375 0.266885965625 0.776206140625 0.26047149062499997
1 0.761275584375 0.2685032890625 0.7623355265625 0.273492325 0.7693347953125 0.2701206140625 0.7682017546875 0.26510416718749996 0.761275584375 0.2685032890625
1 0.60003655 0.384731359375 0.603527046875 0.38193530625 0.6002905703125 0.373651315625 0.5967653515625 0.37642543906250003 0.60003655 0.384731359375
1 0.4257730265625 0.4104303734375 0.42238669531250006 0.41167763125 0.4242543859375 0.4218804828125 0.42768092031249993 0.42033991249999997 0.4257730265625 0.4104303734375
1 0.2313231 0.24011513125 0.2341739765625 0.2458607453125 0.24058845 0.23985745625 0.2376461984375 0.2342379390625 0.2313231 0.24011513125
1 0.3392178359375 0.465981359375 0.34274488281250004 0.463678728125 0.3397916671875 0.45378015312500003 0.3363066515625 0.4560307015625 0.3392178359375 0.465981359375
0 0.8118603796875 0.25638706093749997 0.8135051171875001 0.261403509375 0.822658990625 0.25381853125 0.8208241953125001 0.249202303125 0.8118603796875 0.25638706093749997
0 0.8431652046875 0.24895833281250002 0.8414839187500001 0.24438048281250002 0.8336988296875001 0.249698465625 0.8353399125 0.2546820171875 0.8431652046875 0.24895833281250002
0 0.7920504390625001 0.7394983546875 0.79616228125 0.7368421046875 0.7920504390625001 0.721307565625 0.7879312859375001 0.723623903125 0.7920504390625001 0.7394983546875
0 0.51948099375 1 0.5217105265625 0.9951480265624999 0.5127923984375 0.9864583328125001 0.5102887421875 0.9920778515625001 0.51948099375 1
0 0.269225146875 1 0.26116045312499997 0.9863541671875 0.2575657890625 0.990981359375 0.262989765625 1 0.269225146875 1
0 0.2046728796875 0.9917242328125001 0.20084064375000002 0.9884649124999999 0.1955957609375 0.9998903515625001 0.20085891875 1 0.2046728796875 0.9917242328125001
0 0.181688596875 0.98670504375 0.18576388906250002 0.9907072375 0.19300073125 0.975411184375 0.18916301093750001 0.9714638156250001 0.181688596875 0.98670504375
0 0.1936038015625 0.898053728125 0.19762426875 0.8919956140625 0.1881578953125 0.87741228125 0.18402777812499999 0.8829769734375 0.1936038015625 0.898053728125
0 0.19756944375000002 0.88977521875 0.2006030703125 0.884703946875 0.19074378593750002 0.870879934375 0.187598684375 0.8759429828125 0.19756944375000002 0.88977521875
0 0.43837719374999995 0.6959703953124999 0.4344846484375 0.6997807015624999 0.4403033625 0.7130893640625 0.4441739765625 0.709133771875 0.43837719374999995 0.6959703953124999
0 0.29894736875 0.5494024125 0.29448647656250004 0.5530071265625 0.3004349421875 0.5697368421875 0.3048976609375 0.565953946875 0.29894736875 0.5494024125
0 0.2940862578125 0.555323465625 0.28974780624999996 0.558168859375 0.29415204687499996 0.5747807015624999 0.2985014625 0.572203946875 0.2940862578125 0.555323465625
0 0.263402778125 0.6002933109375 0.259393275 0.6050986843749999 0.2669956140625 0.6189144734375 0.27101608125 0.6140076750000001 0.263402778125 0.6002933109375
0 0.199634503125 0.747971490625 0.195668859375 0.742626096875 0.1869152046875 0.7569078953124999 0.190935671875 0.7625822375 0.199634503125 0.747971490625
0 0.13545321562499998 0.86792763125 0.13993055625 0.8728892546875 0.1473958328125 0.8581222593750001 0.14320175468750002 0.8530975875 0.13545321562499998 0.86792763125
0 0.6807383046875 0.2924342109375 0.6788194437499999 0.28585526250000004 0.668329678125 0.2923245609375 0.6703399125 0.2990679828125 0.6807383046875 0.2924342109375
0 0.7571235374999999 0.23961896875000002 0.755080409375 0.23379934218749998 0.74605263125 0.2387883765625 0.7478216375 0.24511513125 0.7571235374999999 0.23961896875000002
0 0.8927083328125001 0.15167214843750002 0.8907711984375 0.14629934218750001 0.8837774125 0.1519407890625 0.8856542390625 0.15707236875 0.8927083328125001 0.15167214843750002
0 0.903106725 0.12894736874999999 0.901206140625 0.12357456093750001 0.8927631578125 0.130071271875 0.8946820171875001 0.1354166671875 0.903106725 0.12894736874999999
0 0.92273391875 0.1260690796875 0.9202119890624999 0.120668859375 0.9138523390625 0.1268092109375 0.9163559937500001 0.1322642546875 0.92273391875 0.1260690796875
0 0.9293676906250001 0.126206140625 0.931725146875 0.1314692984375 0.9391081874999999 0.1243421046875 0.9367507312500001 0.11924342031249999 0.9293676906250001 0.126206140625
0 0.944133771875 0.11241776249999999 0.946491228125 0.116885965625 0.953070175 0.11006030625 0.9508223687499999 0.1055921046875 0.944133771875 0.11241776249999999
0 0.198742690625 0.0497697375 0.2021198828125 0.045888157812500004 0.1970394734375 0.035444079687500005 0.19364035156249998 0.0389802625 0.198742690625 0.0497697375
0 0.10610380156250002 0.1775767546875 0.1038011703125 0.1713267546875 0.09298245625 0.17955043906249998 0.0953399125 0.1858552625 0.10610380156250002 0.1775767546875
0 0.18135964843750002 0.1200932015625 0.17894736875 0.11260964843750002 0.16760964843749998 0.119841009375 0.169722221875 0.1275932015625 0.18135964843750002 0.1200932015625
0 0.21860380156249998 0.142543859375 0.21467470781250003 0.1455592109375 0.2188231 0.1580592109375 0.22296600937500002 0.1547066890625 0.21860380156249998 0.142543859375
0 0.2262116234375 0.13106907968749998 0.23019005781250002 0.1279605265625 0.22531067187499998 0.114364034375 0.2213450296875 0.11735197343749999 0.2262116234375 0.13106907968749998
0 0.256341375 0.246573465625 0.25237573125 0.25032894687499996 0.2587536546875 0.265268640625 0.2626279234375 0.2614309203125 0.256341375 0.246573465625
0 0.3047185671875 0.3573108546875 0.3083150578125 0.35400219375 0.3036732453125 0.342653509375 0.29985380156249997 0.3458607453125 0.3047185671875 0.3573108546875
1 0.7181286546875 0.0701480265625 0.722203946875 0.06716008749999999 0.7193530703125 0.059046053125 0.715222953125 0.0618695171875 0.7181286546875 0.0701480265625
1 0.3361111109375 0.454331140625 0.33927266093749997 0.4514254390625 0.3354349421875 0.4423519734375 0.3322368421875 0.4453125 0.3361111109375 0.454331140625
1 0.3436220765625 0.4790844296875 0.3470211984375 0.476233553125 0.343384503125 0.46713267500000005 0.3400036546875 0.46998355312499995 0.3436220765625 0.4790844296875
1 0.41566155 0.47815241249999996 0.41251827499999993 0.47075109687500005 0.39581323125 0.4848355265625 0.398848684375 0.4923793859375 0.41566155 0.47815241249999996
0 0.0735380109375 0.4145559203125 0.0701206140625 0.42014802656250005 0.07927631562500001 0.43207236875 0.082510965625 0.42675438593750004 0.0735380109375 0.4145559203125
0 0.0827302625 0.4271655703125 0.0798062859375 0.4322916671875 0.0877923984375 0.4426809203125 0.090625 0.4376644734375 0.0827302625 0.4271655703125
0 0.72735745625 0 0.7307200296875 0.012774123437500002 0.736330409375 0.009429825 0.7337536546875 0 0.72735745625 0
0 0.8613304093749999 0.7438596484375 0.858936403125 0.7509594296875 0.8701023390625 0.759320175 0.8723866953125 0.752823465625 0.8613304093749999 0.7438596484375
0 0.8408991234375 0.7779331140625 0.846436403125 0.780783990625 0.8503654968750001 0.7634868421875 0.844992690625 0.760608553125 0.8408991234375 0.7779331140625
0 0.8188413750000001 0.784375 0.8233918125 0.7885416671875001 0.8294590640624999 0.7728536187499999 0.825062134375 0.7691008765625 0.8188413750000001 0.784375
0 0.6028399125 0.42784813593750004 0.6071089187500001 0.425411184375 0.6034576015625001 0.41188870624999996 0.59912280625 0.4140625 0.6028399125 0.42784813593750004
0 0.6066520468750001 0.4065241234375 0.6107273390625 0.4028508765625 0.6052083328125 0.38917214843750003 0.6009685671875 0.3926809203125 0.6066520468750001 0.4065241234375
0 0.58514254375 0.41639254374999995 0.5891264625 0.4135690796875 0.5850694437499999 0.4010690796875 0.580884503125 0.40400219374999996 0.58514254375 0.41639254374999995
0 0.5817982453125 0.42341008750000003 0.5859831875 0.4189967109375 0.578143275 0.4033442984375 0.573830409375 0.40797697343749995 0.5817982453125 0.42341008750000003
0 0.5494152046874999 0.44287280625000003 0.5537646203125 0.43944627187499996 0.5489565062499999 0.4263541671875 0.54457236875 0.4297697375 0.5494152046874999 0.44287280625000003
0 0.5385416671875001 0.45150767500000005 0.542671784375 0.4482182015625 0.536706871875 0.432754934375 0.5326206140624999 0.43577302656250005 0.5385416671875001 0.45150767500000005
0 0.50003655 0.46269188593750005 0.5032346484375 0.45986842031249997 0.49897660781250003 0.44799890312499996 0.495632309375 0.45084978124999997 0.50003655 0.46269188593750005
0 0.4950657890625 0.46699561406249995 0.4990497078125 0.4635690796875 0.4938961984375 0.4501370609375 0.48976608125 0.453508771875 0.4950657890625 0.46699561406249995
0 0.4799707609375 0.48045504375 0.484320175 0.4782346484375 0.48134137499999996 0.465213815625 0.477028509375 0.46729714843750003 0.4799707609375 0.48045504375
0 0.30508040937500003 0.518421053125 0.3005665203125 0.52258771875 0.3075840640625 0.5388980265625001 0.3119700296875 0.534841009375 0.30508040937500003 0.518421053125
0 0.31650219375 0.5344572375000001 0.3126096484375 0.5377467109375 0.31822368437500004 0.5524067984375 0.3220760234375 0.548876096875 0.31650219375 0.5344572375000001
0 0.31094663749999996 0.53821271875 0.306158625 0.5422697375000001 0.3127905703125 0.5594407890624999 0.31765350937500003 0.5553728062500001 0.31094663749999996 0.53821271875
0 0.30663377187499996 0.5474506578125 0.30162646249999997 0.5505482453125 0.30656067187499997 0.567571271875 0.3115314328125 0.5645833328125 0.30663377187499996 0.5474506578125
0 0.2774963453125 0.5528344296875 0.273848684375 0.5572094296875 0.2803362578125 0.569133771875 0.284009503125 0.5646107453125 0.2774963453125 0.5528344296875
0 0.2943713453125 0.5353070171875001 0.29024122812500003 0.5388432015625 0.29533991249999997 0.5516447375 0.2994517546875 0.548382675 0.2943713453125 0.5353070171875001
0 0.300383771875 0.53042763125 0.29574195937500003 0.534046053125 0.3012975140625 0.5505482453125 0.3060124265625 0.5470394734374999 0.300383771875 0.53042763125
0 0.7393092109375 0 0.7422331875 0.009320175 0.7470760234375 0.006304825 0.7450657890625 0 0.7393092109375 0
0 0.43035453281249997 0.083251096875 0.42582236875 0.08651315781249999 0.430811403125 0.1013706140625 0.43521564375 0.098108553125 0.43035453281249997 0.083251096875
0 0.420705409375 0.12053179843749999 0.422203946875 0.127001096875 0.43347953281249996 0.12132675468750001 0.4318530703125 0.1149945171875 0.420705409375 0.12053179843749999
0 0.2137975140625 0.12776864062499999 0.20963084843750002 0.130811403125 0.214510234375 0.144983553125 0.2184941515625 0.14205043906249998 0.2137975140625 0.12776864062499999
0 0.23770102343750002 0.1911458328125 0.241703215625 0.188623903125 0.23729897656249999 0.1748629390625 0.233296784375 0.17743969375 0.23770102343750002 0.1911458328125
0 0.28667763125 0.302713815625 0.2819078953125 0.30487938593749997 0.28552631562499997 0.322313596875 0.2903691515625 0.32023026250000003 0.28667763125 0.302713815625
0 0.272203946875 0.332867325 0.27677266093749997 0.32990679843750004 0.2713084796875 0.312445175 0.266776315625 0.315323465625 0.272203946875 0.332867325
1 0.8537828953125001 0.1826480265625 0.85071271875 0.1735197375 0.809356725 0.1997807015625 0.812171053125 0.2094846484375 0.8537828953125001 0.1826480265625
1 0.8287097953125 0.20427631562499998 0.8310672515625 0.2115405703125 0.8467470765625 0.201206140625 0.844320175 0.1941831140625 0.8287097953125 0.20427631562499998
1 0.8235745609375 0.3837171046875 0.815990496875 0.3912554828125 0.828453946875 0.4174616234375 0.8357638890624999 0.4091557015625 0.8235745609375 0.3837171046875
1 0.8639254390625 0.48577302656250004 0.8567616953125 0.48996710468750004 0.8643201749999999 0.5143695171875 0.871399853125 0.509731359375 0.8639254390625 0.48577302656250004
0 0.8502558484374999 0.1904605265625 0.8521235375 0.1958991234375 0.861275584375 0.189473684375 0.8593567249999999 0.1843475875 0.8502558484374999 0.1904605265625
0 0.283168859375 0.545641446875 0.2782894734375 0.54912280625 0.284466375 0.5654605265625 0.28916301093749996 0.5619243421875 0.283168859375 0.545641446875
1 0.335471490625 0.5009046046875001 0.332437865625 0.503591009375 0.3361842109375 0.5130756578125 0.33918128593749997 0.5103618421875 0.335471490625 0.5009046046875001
1 0.8585891812499999 0.1794682015625 0.8602887421875 0.18366228125 0.8662920328125001 0.17889254375000002 0.8646198828125 0.1747258765625 0.8585891812499999 0.1794682015625
0 0.2603801171875 0.0780427625 0.258241959375 0.07116228125 0.249524853125 0.0763157890625 0.2515716375 0.08333333281250001 0.2603801171875 0.0780427625
0 0.0993969296875 0.6812225875 0.095778509375 0.68667763125 0.1036549703125 0.6983278515625 0.10712719374999999 0.69290844375 0.0993969296875 0.6812225875
0 0.1872971484375 0.49515899062499996 0.183241959375 0.49846491249999997 0.1885197375 0.5118283984375 0.19205592031250002 0.5088706140625 0.1872971484375 0.49515899062499996
0 0.323008040625 0.4716557015625 0.3192982453125 0.4756304828125 0.3256578953125 0.4884155703125 0.329409721875 0.48413103125 0.323008040625 0.4716557015625
0 0.29301900625 0.3493695171875 0.2889071640625 0.352001096875 0.2936732453125 0.3682867328125 0.2976279234375 0.36565515312499997 0.29301900625 0.3493695171875
0 0.2794590640625 0.3360471484375 0.27529239843750003 0.339418859375 0.28141447343750003 0.3549067984375 0.2853801171875 0.35164473749999997 0.2794590640625 0.3360471484375
0 0.25868055624999997 0.215323465625 0.25447733906250003 0.21811951718749997 0.259446271875 0.2332483546875 0.26361659375 0.230342653125 0.25868055624999997 0.215323465625
0 0.168384503125 0 0.1716739765625 0.011266446874999999 0.1758954671875 0.008223684375 0.173062865625 0 0.168384503125 0
0 0.7971491234375 0.2236842109375 0.79915935625 0.22985197343750002 0.8085526312500001 0.22368146875 0.8065058484375 0.2177905703125 0.7971491234375 0.2236842109375
0 0.76332236875 0.24311951718749997 0.7654422515625 0.2499725875 0.7762975140624999 0.24276315781250002 0.77425073125 0.236239034375 0.76332236875 0.24311951718749997
0 0.5030153515625 0.41507675468749994 0.5050621343749999 0.4213541671875 0.5140497078124999 0.4150794953125 0.5119334796875 0.409073465625 0.5030153515625 0.41507675468749994
0 0.11737573125 0.8268092109375 0.114418859375 0.8328947375 0.124981725 0.844901315625 0.1280519 0.8386705046875 0.11737573125 0.8268092109375
0 0.30595760156249996 0.6020559203125 0.3092105265625 0.608141446875 0.3194846484375 0.5959868421875 0.316027046875 0.5896107453125 0.30595760156249996 0.6020559203125
0 0.277704678125 0.5802905703125 0.27392178437500003 0.584758771875 0.28136330468750004 0.5998629390625 0.28548245625 0.5956578953125 0.277704678125 0.5802905703125
0 0.289680190625 0.555581140625 0.2933991234375 0.5524917765625 0.288766446875 0.54082236875 0.2852192984375 0.5438267546875 0.289680190625 0.555581140625
0 0.2845394734375 0.5658717109375 0.28053728125 0.569901315625 0.28779239843750004 0.585438596875 0.29168311406249997 0.5811485750000001 0.2845394734375 0.5658717109375
0 0.34930555625 0.5377741234375 0.3546783625 0.537088815625 0.353311403125 0.5177850875 0.347989765625 0.5188870609375 0.34930555625 0.5377741234375
0 0.4219846484375 0.48237390312499995 0.424597953125 0.4884868421875 0.43520833281250004 0.4785855265625 0.43246710468750005 0.472686403125 0.4219846484375 0.48237390312499995
0 0.57387426875 0.38491228125 0.57387426875 0.39150219375 0.5856798249999999 0.391195175 0.5855427625 0.3848108546875 0.57387426875 0.38491228125
0 0.6115588453125 0.40200657968750003 0.6157529234375 0.3987116234375 0.6104605265624999 0.383264803125 0.606341375 0.38656798281250004 0.6115588453125 0.40200657968750003
0 0.65355263125 0.41848135937500003 0.657341009375 0.41539199531250004 0.6530573828125 0.402667215625 0.6492690062500001 0.405126096875 0.65355263125 0.41848135937500003
0 0.386187865625 0.8022478062499999 0.38782346562500003 0.8081414468749999 0.397483553125 0.801918859375 0.395955775 0.79610745625 0.386187865625 0.8022478062499999
0 0.4204605265625 0.7738212718749999 0.418430190625 0.76832236875 0.4104422515625 0.775 0.41234100937499996 0.7809923249999999 0.4204605265625 0.7738212718749999
0 0.857383040625 0.6828947375000001 0.8537280703125001 0.6857730265625 0.8580409359375001 0.6982182015625 0.8615314328125001 0.6951754390625 0.857383040625 0.6828947375000001
1 0.8189692984375 0.790323465625 0.8143823093749999 0.7877741234375 0.8115679828125 0.7985197375 0.8162280703125001 0.8009320171875001 0.8189692984375 0.790323465625
0 0.8229897656249999 0.799533990625 0.8177448828125 0.7939418859375 0.8100146203125 0.8100603062499999 0.8154057015625 0.8158168859374999 0.8229897656249999 0.799533990625
0 0.8165752921875 0.7764802625 0.8106725140625001 0.7731085531249999 0.8057200296874999 0.7920230265625 0.8116228062499999 0.7953947375 0.8165752921875 0.7764802625
1 0.379294590625 0.1760416671875 0.3775767546875 0.1712719296875 0.37191155 0.17584978125 0.3736293859375 0.1807291671875 0.379294590625 0.1760416671875
0 0.6485928359375001 0.3119243421875 0.6466008765625 0.3049067984375 0.6352704671875 0.31156798281250003 0.637134503125 0.3185581140625 0.6485928359375001 0.3119243421875
0 0.6502923984375 0.5940241234375 0.651991959375 0.6010142546874999 0.6608735375 0.5959429828125 0.6591191515625 0.5891173249999999 0.6502923984375 0.5940241234375