1 0.2743603796875 1 0.26743421093749997 0.9796052625 0.26019736875 0.9841282890624999 0.265935671875 1 0.2743603796875 1
0 0 0.3215378296875 0.0007894734375 0.32443530625 0.0095577484375 0.3146929828125 0.006688596874999999 0.308114034375 0 0.315512609375 0 0.3215378296875
0 0.0360745609375 0.3010416671875 0.03351608125 0.29506578906250003 0.026133040625 0.302768640625 0.028600146875 0.30893640312500004 0.0360745609375 0.3010416671875
0 0.0464875734375 0.2741858546875 0.044115496875 0.26740679843750004 0.0349415203125 0.27576754375 0.03738486875 0.28284539531249997 0.0464875734375 0.2741858546875
0 0.059831871875 0.2572368421875 0.0576571640625 0.25084978125 0.0517543859375 0.25699013125 0.05396564375 0.2630208328125 0.059831871875 0.2572368421875
0 0.07896564375000001 0.26455592031249997 0.07649853749999999 0.2588541671875 0.069097221875 0.2662554828125 0.0717288015625 0.272286184375 0.07896564375000001 0.26455592031249997
0 0.0557383046875 0.326233553125 0.0583516078125 0.3333059203125 0.0672514625 0.323766446875 0.0647112578125 0.31677631562499997 0.0557383046875 0.326233553125
0 0.0712353796875 0.319928728125 0.07372076093749999 0.3265625 0.081231725 0.31902412343750003 0.0786915203125 0.312554825 0.0712353796875 0.319928728125
1 0.1587902046875 0.1501644734375 0.155866228125 0.14520285156249998 0.15127923906250001 0.151617325 0.154331140625 0.15677083281249998 0.1587902046875 0.1501644734375
0 0.1572185671875 0.1740679828125 0.1540570171875 0.16787280625 0.1455409359375 0.17881030625 0.14895833281249998 0.18508771875000002 0.1572185671875 0.1740679828125
1 0.1705409359375 0.1540570171875 0.1662463453125 0.15383771875000002 0.165204678125 0.16324013125 0.16959064375 0.1634046046875 0.1705409359375 0.1540570171875
0 0.167562134375 0.10145285156249999 0.1630847953125 0.10035635937500001 0.16085526249999998 0.1134868421875 0.16549707656249998 0.1146929828125 0.167562134375 0.10145285156249999
0 0.18916301093750001 0.0967105265625 0.18704312812499999 0.08983004375 0.17733918125 0.09764254375 0.1794590640625 0.1041666671875 0.18916301093750001 0.0967105265625
0 0.2061403515625 0.1099232453125 0.204203215625 0.1021655703125 0.19303728125 0.1092927625 0.194864765625 0.11735197343749999 0.2061403515625 0.1099232453125
1 0.21705043906250002 0.116008771875 0.218841375 0.11112938593749999 0.21295687187499998 0.10734649062499999 0.21101973749999997 0.1123081140625 0.21705043906250002 0.116008771875
0 0.10769371406249999 0.234320175 0.10480628593750001 0.22754934218749998 0.09526681249999999 0.23730811406250002 0.0984283625 0.24449013125 0.10769371406249999 0.234320175
1 0.21326754375 0.08174342031250001 0.2141081875 0.07691885937500001 0.2087353796875 0.0752192984375 0.207794225 0.08004111875 0.21326754375 0.08174342031250001
0 0.33508954687500003 0.0337225875 0.33331505781250004 0.0264802625 0.3224780703125 0.0329495609375 0.32423245624999997 0.0404879390625 0.33508954687500003 0.0337225875
1 0.086330409375 0.5140350875 0.0774671046875 0.51957236875 0.0900584796875 0.572313596875 0.0987207609375 0.5662554828124999 0.086330409375 0.5140350875
0 0.10078581874999999 0.7173519734375 0.1032346484375 0.7228618421874999 0.111239034375 0.7144736843749999 0.10891812812499999 0.709046053125 0.10078581874999999 0.7173519734375
0 0.1022295328125 0.73053728125 0.1044042390625 0.7364857453125 0.11302997031249999 0.7290296046875 0.1110928359375 0.723108553125 0.1022295328125 0.73053728125
0 0.1423793859375 0.9065241234375 0.1469846484375 0.9035910093749999 0.14276315781249999 0.887143640625 0.137810671875 0.88993969375 0.1423793859375 0.9065241234375
0 0.1401315796875 0.9807291671874999 0.137938596875 0.9750274125 0.1290387421875 0.9833059203125 0.13145102343749998 0.9890076750000001 0.1401315796875 0.9807291671874999
1 0.257401315625 0.9407346484374999 0.2547880109375 0.9313322375 0.2373538015625 0.9432565796875 0.240241228125 0.95235745625 0.257401315625 0.9407346484374999
1 0.2611842109375 0.9533991234375 0.2587536546875 0.9444353062499999 0.235508040625 0.9594572375 0.23824926875000002 0.9685307015625 0.2611842109375 0.9533991234375
1 0.2697368421875 0.9626096484375 0.26180555625 0.9659265343750001 0.268804825 0.9994243421875 0.2766995609375 0.9966831140625001 0.2697368421875 0.9626096484375
0 0.2232273390625 0.3275493421875 0.22733918125 0.32387609687499996 0.2220029234375 0.307867325 0.21759868437500002 0.311403509375 0.2232273390625 0.3275493421875
0 0.23951023437500002 0.31463815781250004 0.2443347953125 0.3120065796875 0.24059576093750001 0.2946820171875 0.23581871406250002 0.29769736875 0.23951023437500002 0.31463815781250004
0 0.24923245624999998 0.28889802656249997 0.244937865625 0.29185855312500003 0.24925073125 0.30860745624999997 0.25358918125 0.30540021875 0.24923245624999998 0.28889802656249997
0 0.28358918125 0.4610471484375 0.285581140625 0.46724232499999996 0.29586805625 0.4601206140625 0.2939619890625 0.4534841015625 0.28358918125 0.4610471484375
0 0.2877558484375 0.470778509375 0.290149853125 0.47738486875 0.3001279234375 0.46875 0.29756944375 0.46233552656250004 0.2877558484375 0.470778509375
0 0.709009503125 0.0395559203125 0.712152778125 0.0467105265625 0.7224049703125 0.03837719375 0.71957236875 0.031058114062499996 0.709009503125 0.0395559203125
0 0.3947368421875 0.339391446875 0.3975328953125 0.345257675 0.40679824531250003 0.33585526250000003 0.40385599375 0.329742325 0.3947368421875 0.339391446875
1 0.5626461984375 0.23588267499999999 0.5564144734375 0.2401315796875 0.5665752921875 0.268338815625 0.5724049703125 0.2637883765625 0.5626461984375 0.23588267499999999
1 0.640716375 0.4763980265625 0.6346911546875 0.4820970390625 0.660716375 0.5434841015625 0.6670321640625 0.537828946875 0.640716375 0.4763980265625
1 0.566008771875 0.45435855312499995 0.562152778125 0.44377741249999997 0.5243238296875 0.472258771875 0.527759503125 0.48294956093749997 0.566008771875 0.45435855312499995
1 0.64603435625 0.38174342031249997 0.6530519 0.372231359375 0.6248538015625 0.32245065781250004 0.6172149124999999 0.3306469296875 0.64603435625 0.38174342031249997
0 0.6505135234375 0.41430646875 0.6546052625 0.4103070171875 0.6473866953125 0.395751096875 0.6434576015625 0.40005482499999995 0.6505135234375 0.41430646875
0 0.9060855265625 0.30008223749999996 0.9101973687499999 0.2955592109375 0.9048062859374999 0.2841282890625 0.9006578953125001 0.2880756578125 0.9060855265625 0.30008223749999996
1 0.9201553359375 0.3237856359375 0.9237024859374999 0.3200932015625 0.91959064375 0.3122258765625 0.916063596875 0.31589912343750004 0.9201553359375 0.3237856359375
0 0.8847770468749999 0.041063596875000004 0.8820540937500001 0.0359100875 0.8743055562500001 0.0444078953125 0.876918859375 0.0497258765625 0.8847770468749999 0.041063596875000004
0 0.8878106718750001 0.0482456140625 0.8849597953125 0.0437225875 0.878545321875 0.051672148437499996 0.8813779234375 0.055948465625 0.8878106718750001 0.0482456140625
0 0.970677996875 0.0865899125 0.9734649125000001 0.0903508765625 0.9803362578125 0.07979714843749999 0.9777595031249999 0.07579495625 0.970677996875 0.0865899125
0 0.5026681281250001 0.05849780624999999 0.5045486109375 0.06523574531250001 0.512134503125 0.060745614062499995 0.5103801171875 0.054331140624999996 0.5026681281250001 0.05849780624999999
0 0.5021198828125 0.0497532890625 0.5038925437499999 0.0563870609375 0.5113486843749999 0.051891446875000004 0.5095869890625 0.045287829687499996 0.5021198828125 0.0497532890625
0 0.49974415156249996 0.042543859375 0.501078215625 0.0495065796875 0.5088084796875 0.0458059203125 0.5076388890625 0.039007675000000006 0.49974415156249996 0.042543859375
0 0.6020650578125 0.017626096875 0.6059758765625001 0.0137883765625 0.60071271875 0.003070175 0.5968019 0.0064692984375 0.6020650578125 0.017626096875
1 0.6158442984375 0.5816885968750001 0.6087536546875 0.587911184375 0.6345394734375 0.6516721484375 0.64142909375 0.6451206140625 0.6158442984375 0.5816885968750001
0 0.3982821640625 0.347176534375 0.400420321875 0.35334429843750004 0.4091922515625 0.34640899062499997 0.4071454671875 0.3401315796875 0.3982821640625 0.347176534375
0 0.127777778125 0.211348684375 0.124908625 0.2052905703125 0.11750730937500001 0.21348684218749997 0.1203764625 0.21959978125 0.127777778125 0.211348684375
0 0.036275584374999996 0.3459703953125 0.0384320171875 0.351918859375 0.044974415625 0.3452302625 0.0427631578125 0.33950109687499996 0.036275584374999996 0.3459703953125
1 0.1162646203125 0.202823465625 0.11324926875 0.19254385937500001 0.099945175 0.20444078906250002 0.1028326015625 0.214473684375 0.1162646203125 0.202823465625
1 0.553581871875 0.3625274125 0.55 0.3513432015625 0.5334064328125 0.3641995609375 0.5366959062500001 0.37552083281250004 0.553581871875 0.3625274125
1 0.5264071640625 0.390570175 0.5201388890625 0.396820175 0.545356359375 0.4508059203125 0.5514071640625 0.44444078906250006 0.5264071640625 0.390570175
1 0.516885965625 0.3950932015625 0.5108552625 0.402028509375 0.5407821640625 0.45992872812499996 0.5466374265625 0.452658990625 0.516885965625 0.3950932015625
1 0.1506213453125 0.8732456140625 0.143274853125 0.8802357453124999 0.1563779234375 0.9161732453125 0.163706140625 0.9095942984375001 0.1506213453125 0.8732456140625
1 0.1581816515625 0.8663240125 0.150018275 0.8726973687499999 0.1628216375 0.910622259375 0.17086988281249998 0.904248903125 0.1581816515625 0.8663240125
1 0.10517178437500001 0.6146381578125 0.103472221875 0.6157072375 0.1052997078125 0.6228070171875 0.10701754375000001 0.6217105265625 0.10517178437500001 0.6146381578125
0 0.0272112578125 0.4962719296875 0.030372806250000002 0.49333881562500004 0.0263523390625 0.48182565781250003 0.0231725140625 0.484703946875 0.0272112578125 0.4962719296875
0 0.0282894734375 0.061677631249999997 0.0243786546875 0.061430920312500005 0.022258771875 0.0735471484375 0.0263706140625 0.07415021875 0.0282894734375 0.061677631249999997
0 0.018804825 0.0810855265625 0.022331871875 0.080126096875 0.021893275 0.0681743421875 0.0182565796875 0.069216009375 0.018804825 0.0810855265625
0 0.034064328125 0.0423245609375 0.03128655 0.037088815625 0.0243786546875 0.04602521875 0.0267909359375 0.051260965625 0.034064328125 0.0423245609375
0 0.06412646250000001 0.029194079687500003 0.06920687187499999 0.0283442984375 0.0694078953125 0.0135690796875 0.06487573125 0.013980262500000002 0.06412646250000001 0.029194079687500003
0 0.06460160781249999 0 0.061622806249999995 0.0025493421875 0.063527046875 0.0084621703125 0.0686038015625 0.004221490625 0.06726973750000001 0 0.06460160781249999 0
0 0.09965095 0.2148108546875 0.0971125734375 0.2087993421875 0.08978435625 0.21644736875 0.09230994218750001 0.2225932015625 0.09965095 0.2148108546875
0 0.08353435625 0.47371162343749995 0.08168859687499999 0.4677631578125 0.07368421093750001 0.4748629390625 0.075741959375 0.4807182015625 0.08353435625 0.47371162343749995
0 0.052247806249999994 0.414520284375 0.048488670312499996 0.41774396874999997 0.0522112578125 0.429221490625 0.055939328125 0.426123903125 0.052247806249999994 0.414520284375
0 0.0233918125 0.5627741234375 0.0271929828125 0.560581140625 0.0243969296875 0.5473958328124999 0.020540935937499998 0.5500822375000001 0.0233918125 0.5627741234375
0 0.0369517546875 0.5485745609375 0.04142909375 0.544956140625 0.036832967187499996 0.5300383765625 0.032295321875 0.533582784375 0.0369517546875 0.5485745609375
0 0.8019554093749999 0.1272203953125 0.7974963453125 0.1337993421875 0.806615496875 0.14676535156249998 0.8106725140625001 0.13974780625 0.8019554093749999 0.1272203953125
0 0.3704678359375 0.103481359375 0.373081140625 0.11011513125000001 0.380080409375 0.10328947343749999 0.377686403125 0.097286184375 0.3704678359375 0.103481359375
0 0.37421418125 0.10921052656250001 0.3768457609375 0.115570175 0.38351608125 0.10860745624999998 0.38086622812500004 0.10238486875 0.37421418125 0.10921052656250001
0 0.3900767546875 0.10471491250000001 0.39217836250000004 0.11143092031249999 0.3991081875 0.1060745609375 0.39714912343750003 0.099561403125 0.3900767546875 0.10471491250000001
0 0.39588815781250003 0.11924342031249999 0.398757309375 0.12483552656250001 0.4051900578125 0.11743421093749999 0.4024488296875 0.11208881562499999 0.39588815781250003 0.11924342031249999
0 0.39979897656249996 0.13234649062499998 0.397350146875 0.126178728125 0.3904970765625 0.132757675 0.39296418125 0.13895285156249998 0.39979897656249996 0.13234649062499998
0 0.3868238296875 0.129221490625 0.389437134375 0.13514254375 0.395687134375 0.12757675468750002 0.39298245625 0.122203946875 0.3868238296875 0.129221490625
0 0.3844846484375 0.12316337656250001 0.387043128125 0.1296600875 0.3938961984375 0.12247807031249999 0.3911549703125 0.11669407968750001 0.3844846484375 0.12316337656250001
0 0.3826571640625 0.11696820156250001 0.3845394734375 0.1239309203125 0.3919407890625 0.11839364062499999 0.3900219296875 0.1118421046875 0.3826571640625 0.11696820156250001
0 0.38048245625 0.11165021875 0.3822807015625 0.118338815625 0.3899488296875 0.112828946875 0.3880847953125 0.10622258749999999 0.38048245625 0.11165021875
1 0.1485489765625 0.260570175 0.14797149062499998 0.25852521875 0.144937865625 0.2604166671875 0.14543128593750002 0.2623629390625 0.1485489765625 0.260570175
1 0.24349415156249998 0.24155701718749997 0.242580409375 0.23958333281250002 0.23956140312500002 0.2426343203125 0.24051535156249998 0.24459978124999998 0.24349415156249998 0.24155701718749997
1 0.2691301171875 0.21804824531250003 0.268311403125 0.2162828953125 0.2649671046875 0.21932565781250002 0.265716375 0.22116228124999998 0.2691301171875 0.21804824531250003
0 0.7400950296875 0.055921053124999995 0.742580409375 0.050520832812500006 0.733241959375 0.0396107453125 0.73039108125 0.045120614062499995 0.7400950296875 0.055921053124999995
0 0.4381030703125 0.0958333328125 0.4399853796875 0.1031524125 0.44904970781250003 0.0967379390625 0.44706505781250006 0.08949013125000001 0.4381030703125 0.0958333328125
1 0.8991045328125 0.2890350875 0.8963450296875 0.29087171093749997 0.898008040625 0.2971491234375 0.9009137421875 0.29528508750000004 0.8991045328125 0.2890350875
0 0.9312134500000001 0.1059758765625 0.9282291671875 0.10201754375000001 0.921783625 0.11140350937500001 0.924928728125 0.11559484687499999 0.9312134500000001 0.1059758765625
1 0.870034721875 0.2340350875 0.8728801171875 0.2294407890625 0.8681834796875 0.2220942984375 0.8652412281249999 0.22700109687499997 0.870034721875 0.2340350875
1 0.85983004375 0.21749999999999997 0.8623355265624999 0.2126644734375 0.8574926906250001 0.20718201718749998 0.855025584375 0.21192434218749998 0.85983004375 0.21749999999999997
1 0.8193658625 0.1564555921875 0.8161823828125 0.16127192968749998 0.8209192249999999 0.16790296093749998 0.8240515343749999 0.1627302625 0.8193658625 0.1564555921875
0 0.8110745609375 0.1437225875 0.8075109656249999 0.1486293859375 0.8153874265625 0.1602658984375 0.8187865499999999 0.1553453953125 0.8110745609375 0.1437225875
0 0.758241959375 0.12275219374999999 0.7605263156250001 0.11617324531249999 0.7509868421875 0.10833333281249999 0.7485745609375 0.11477521875 0.758241959375 0.12275219374999999
1 0.5817616953125 0.2982730265625 0.5755482453125 0.3037828953125 0.5976041671875 0.35555098749999997 0.6037280703125 0.3501644734375 0.5817616953125 0.2982730265625
1 0.5719846484375 0.298026315625 0.5641447375 0.3046600875 0.59691155 0.3805921046875 0.6038011703125 0.373492325 0.5719846484375 0.298026315625
1 0.5694444437499999 0.338760965625 0.56321271875 0.332510965625 0.5528508765625 0.3521929828125 0.558972953125 0.3591008765625 0.5694444437499999 0.338760965625
1 0.573117690625 0.3251918859375 0.5666118421874999 0.3318256578125 0.5767909359375001 0.3524671046875 0.5831871343749999 0.345257675 0.573117690625 0.3251918859375
1 0.5853088453125 0.37301809218750004 0.5916301171875 0.3672149125 0.583241959375 0.347971490625 0.577010234375 0.3529331140625 0.5853088453125 0.37301809218750004
1 0.5961677625 0.41876096562500004 0.602686403125 0.41321271875 0.5946820171875 0.39306469375 0.5880665203125 0.398382675 0.5961677625 0.41876096562500004
1 0.5910599421875 0.4293695171875 0.5970394734375 0.42395833281249995 0.58862573125 0.4042653515625 0.582732090625 0.41004111875 0.5910599421875 0.4293695171875
1 0.5689875734375 0.4313870609375 0.573921784375 0.424643640625 0.5632437859375 0.40733004375000004 0.5578947375000001 0.414391446875 0.5689875734375 0.4313870609375
1 0.6044042390625 0.4338267546875 0.59925073125 0.42420504374999995 0.5638157890625 0.46269188593750005 0.5686769 0.4731907890625 0.6044042390625 0.4338267546875
1 0.648812134375 0.46217105312499995 0.6422350140625 0.46724506562499996 0.669992690625 0.5322368421875 0.67573099375 0.5270010968750001 0.648812134375 0.46217105312499995
1 0.628090278125 0.471348684375 0.6217726609375 0.47757127187500004 0.6461001468750001 0.5331578953125 0.6523245609375 0.527217653125 0.628090278125 0.471348684375
1 0.59773391875 0.5208607453125 0.6047880109375 0.5241228062500001 0.611312134375 0.49128289531249997 0.6047149125 0.48802083281249997 0.59773391875 0.5208607453125
1 0.6699780703125 0.5859895828125 0.675635965625 0.58089638125 0.6537975140625 0.5292982453125 0.6475731 0.5350712718749999 0.6699780703125 0.5859895828125
1 0.6744517546875 0.5500548249999999 0.6677814328125 0.555866228125 0.6768274859375001 0.5766995609375 0.6829312859375001 0.5713267546874999 0.6744517546875 0.5500548249999999
1 0.6268274859375 0.519928728125 0.6209064328125 0.5252741234375 0.634804459375 0.558426534375 0.6414071640625 0.5524177625 0.6268274859375 0.519928728125
1 0.6112847218749999 0.529163925 0.6052887421875 0.5347642546875 0.6264985375000001 0.592653509375 0.6328764625 0.5873081140624999 0.6112847218749999 0.529163925
1 0.594060671875 0.5444133765625 0.5907858187499999 0.535655153125 0.5763888890625 0.5470394734374999 0.5794956140624999 0.555866228125 0.594060671875 0.5444133765625
1 0.5854349421875 0.53196271875 0.581670321875 0.5230537281250001 0.5684758765625 0.537856359375 0.5725146203125 0.5462993421875 0.5854349421875 0.53196271875
1 0.55701754375 0.5079495609375 0.562079678125 0.5135416671875 0.5748720765625001 0.48854166718750003 0.5696637421874999 0.48297697343749996 0.55701754375 0.5079495609375
1 0.5557383046875 0.51483004375 0.5515899125 0.5060032890625 0.5165570171875 0.5403782890625 0.5202668125 0.549698465625 0.5557383046875 0.51483004375
1 0.5534904968750001 0.5009046046875001 0.5497441515625 0.49174890312499997 0.511330409375 0.53040021875 0.515314328125 0.5395833328124999 0.5534904968750001 0.5009046046875001
1 0.539340278125 0.48618146875 0.53512426875 0.4770833328125 0.501078215625 0.5135416671875 0.50546418125 0.522971490625 0.539340278125 0.48618146875
1 0.507437865625 0.4486842109375 0.5028508765625 0.440953946875 0.4920504390625 0.45605811406249996 0.4967288015625 0.4641447375 0.507437865625 0.4486842109375
1 0.49248903437499997 0.4498629390625 0.48824926875 0.441858553125 0.47377558437499995 0.45989583281249996 0.47801535156249997 0.468283990625 0.49248903437499997 0.4498629390625
0 0.45299707656250005 0.2837719296875 0.4493238296875 0.285882675 0.45261330468749994 0.2981907890625 0.45615862500000004 0.29602521875 0.45299707656250005 0.2837719296875
0 0.46767178437499995 0.3037006578125 0.4638523390625 0.30611293906250003 0.46798245625 0.32124451718749997 0.4717653515625 0.31872258750000004 0.46767178437499995 0.3037006578125
0 0.4606725140625 0.3041940796875 0.456688596875 0.3072642546875 0.4618238296875 0.32269736875 0.4658095765625 0.3197149125 0.4606725140625 0.3041940796875
0 0.41507675468749994 0.39054276250000003 0.41723318750000005 0.396546053125 0.42647295312500005 0.3881058109375 0.4243951015625 0.3822642546875 0.41507675468749994 0.39054276250000003
0 0.4123903515625 0.38100328906250003 0.4146016078125 0.3873081140625 0.4247624265625 0.3781524125 0.4224780703125 0.3720120609375 0.4123903515625 0.38100328906250003
0 0.4083150578125 0.373903509375 0.41041666718750003 0.3805921046875 0.4197733921875 0.3728344296875 0.417616959375 0.36666666718749996 0.4083150578125 0.373903509375
0 0.39954312812500004 0.35709978124999997 0.4010233921875 0.3631578953125 0.410723684375 0.357245065625 0.4091374265625 0.351260965625 0.39954312812500004 0.35709978124999997
1 0.7000548249999999 0.05860745625 0.703106725 0.054194079687499994 0.698008040625 0.0469846484375 0.6950292390625 0.05120614062499999 0.7000548249999999 0.05860745625
0 0.5842105265625 0.023876096875 0.58824926875 0.0252741234375 0.5899853796875 0.0126918859375 0.586330409375 0.0111842109375 0.5842105265625 0.023876096875
1 0.451114765625 0.0838541671875 0.45363669531250006 0.09375 0.46684941562500004 0.08462171093750001 0.46421783593750005 0.07450657968749999 0.451114765625 0.0838541671875
1 0.4389437140625 0.05868969375000001 0.44195906406249996 0.0689418859375 0.456615496875 0.0583607453125 0.45360014687500005 0.0484375 0.4389437140625 0.05868969375000001
1 0.41496710468750003 0.0727796046875 0.41785453281249996 0.08352521874999999 0.4327668125 0.073739034375 0.42998903437499997 0.06337719375 0.41496710468750003 0.0727796046875
1 0.40645102343749995 0.1051809203125 0.40882675468749996 0.11269188593749999 0.41887792343749997 0.10471491250000001 0.41655701718750004 0.0971491234375 0.40645102343749995 0.1051809203125
1 0.403554459375 0.09694353125 0.40601608125000005 0.1043256578125 0.41602704687500003 0.09610745625 0.41361476562500005 0.08878837656250001 0.403554459375 0.09694353125
0 0.331856725 0.42420504374999995 0.3282711984375 0.42746710468750004 0.333205409375 0.4405975875 0.3368238296875 0.4373355265625 0.331856725 0.42420504374999995
0 0.3267361109375 0.4263706140625 0.3229970765625 0.42980263125 0.327814328125 0.4420805921875 0.3314875734375 0.43889802656250004 0.3267361109375 0.4263706140625
0 0.3224269 0.43127741249999996 0.31843750000000004 0.43438596562500004 0.32262426875 0.448135965625 0.3266264625 0.4453399125 0.3224269 0.43127741249999996
0 0.3151133046875 0.4373355265625 0.311293859375 0.4401315796875 0.315953946875 0.452713815625 0.3194225140625 0.4495394734375 0.3151133046875 0.4373355265625
0 0.33503655 0.35975328906250004 0.33111659375 0.3627220390625 0.3354349421875 0.3755756578125 0.33928362500000003 0.37227521874999997 0.33503655 0.35975328906250004
0 0.2717288015625 0.340268640625 0.2755299703125 0.3375 0.2719389625 0.324983553125 0.26801900624999997 0.327741228125 0.2717288015625 0.340268640625
0 0.277704678125 0.3345942984375 0.281725146875 0.3328125 0.279312865625 0.320723684375 0.275328946875 0.32245065781250004 0.277704678125 0.3345942984375
0 0.21164108124999997 0.40241228125 0.21595394687499997 0.399561403125 0.2122989765625 0.3853070171875 0.20789473749999998 0.387883771875 0.21164108124999997 0.40241228125
0 0.218251096875 0.40054276250000004 0.22266081875000002 0.3978892546875 0.21907894687499999 0.38305646875 0.2146235375 0.3856990125 0.218251096875 0.40054276250000004
0 0.243421053125 0.36044407968750003 0.2478252921875 0.358223684375 0.244937865625 0.3432017546875 0.2404422515625 0.345641446875 0.243421053125 0.36044407968750003
0 0.2384064328125 0.363719846875 0.2423793859375 0.36115679843750004 0.23921783593749998 0.3479166671875 0.23509320156250002 0.35055921093750003 0.2384064328125 0.363719846875
0 0.2305409359375 0.356702303125 0.226206140625 0.3596217109375 0.23046418124999998 0.37483552656249997 0.234795321875 0.37146381562499997 0.2305409359375 0.356702303125
0 0.26774488281250003 0.2802357453125 0.264400584375 0.2842653515625 0.2702192984375 0.294520284375 0.2733278515625 0.29063322343750003 0.26774488281250003 0.2802357453125
0 0.25488486875 0.2851946265625 0.25073099375 0.28821271875 0.255402046875 0.3049342109375 0.25959429843750004 0.3020559203125 0.25488486875 0.2851946265625
1 0.24042397656249997 0.9717653515625001 0.2326937140625 0.97579495625 0.2391812859375 1 0.24775219375000002 0.9999177625 0.24042397656249997 0.9717653515625001
0 0.16427266093749998 0.9376315796875 0.1681158625 0.9410635968750001 0.17303728125 0.9275932015624999 0.1690661546875 0.92383771875 0.16427266093749998 0.9376315796875
0 0.1373355265625 0.9096491234374999 0.14205043906249998 0.90693530625 0.1384137421875 0.892626096875 0.1338450296875 0.8952302624999999 0.1373355265625 0.9096491234374999
0 0.1119152046875 0.8876918859374999 0.10712719374999999 0.8891447375 0.10885599374999999 0.9048163375 0.11363304062499999 0.9038103062499999 0.1119152046875 0.8876918859374999
0 0.0993238296875 0.5682565796875 0.09603435625 0.5725328953125 0.10113304062499999 0.582245065625 0.1041118421875 0.5779057015625 0.0993238296875 0.5682565796875
0 0.000018275 0.5174890343749999 0.0028508765625 0.515186403125 0 0.5046326750000001 0.000018275 0.5174890343749999
0 0.1193896203125 0.52102521875 0.11504385937499999 0.5235307015624999 0.11853070156250001 0.5379934203125 0.1228070171875 0.5358278515625 0.1193896203125 0.52102521875
0 0.0975146203125 0.533141446875 0.0936038015625 0.5357456140625 0.096454678125 0.5473958328124999 0.1004331140625 0.544698465625 0.0975146203125 0.533141446875
0 0.0575292390625 0.5356633765625001 0.055847953125 0.540981359375 0.06355445937500001 0.5464802625 0.0650456875 0.54097861875 0.0575292390625 0.5356633765625001
1 0.0021747078125 0.56644736875 0.015972221875 0.5537554828125 0.012920321874999998 0.54443530625 0.000054825000000000004 0.5568804828125 0 0.5614117328125 0.0021747078125 0.56644736875
0 0.0434941515625 0.5280701750000001 0.0397551171875 0.531252740625 0.044225146874999996 0.54375 0.047955043749999995 0.5405783984375 0.0434941515625 0.5280701750000001
0 0.0327850875 0.5353618421874999 0.0279970765625 0.537883771875 0.0316118421875 0.5547532890625 0.0360928359375 0.5526041671875 0.0327850875 0.5353618421874999
0 0.1330592109375 0.335471490625 0.130939328125 0.32966008750000003 0.1231907890625 0.33700657968750003 0.12525584843749998 0.34292763125 0.1330592109375 0.335471490625
0 0.021527778125 0.47891995625000006 0.0177631578125 0.48199013125 0.021909721875 0.49515624999999996 0.025436768749999998 0.4923656796875 0.021527778125 0.47891995625000006
0 0.017543859375 0.48259320156249996 0.01321271875 0.4857182015625 0.017580409375 0.5036184203125 0.022189328124999998 0.5000356359375 0.017543859375 0.48259320156249996
0 0.0139071640625 0.50548245625 0.017616959374999998 0.50227521875 0.013194443750000001 0.4885142546875 0.0092653515625 0.4919133765625 0.0139071640625 0.50548245625
0 0.00860745625 0.4915844296875 0.0049159359375 0.494983553125 0.0090826015625 0.5068804828125 0.0126644734375 0.503453946875 0.00860745625 0.4915844296875
0 0 0.50400219375 0.002823465625 0.5136403515625 0.0061677625 0.510709978125 0.0025219296875 0.49791666718750005 0 0.5001918859375001 0 0.50400219375
1 0.0419682015625 0.4766145828125 0.0457346484375 0.4766858546875 0.0458698828125 0.467543859375 0.0420138890625 0.467543859375 0.0419682015625 0.4766145828125
1 0.33125 0.11631030625000001 0.328265715625 0.11834429843750001 0.33092653437499997 0.1271052625 0.3338815796875 0.125328946875 0.33125 0.11631030625000001
1 0.32481725156249996 0.10548245625 0.3224232453125 0.1087445171875 0.3269937859375 0.116022478125 0.329376828125 0.112626096875 0.32481725156249996 0.10548245625
0 0.30508040937500003 0.1078399125 0.3072002921875 0.1150219296875 0.3169755109375 0.1076370609375 0.31478435625 0.100301534375 0.30508040937500003 0.1078399125
0 0.2744334796875 0.128453946875 0.2767909359375 0.134046053125 0.2851114765625 0.1258442984375 0.282474415625 0.1197916671875 0.2744334796875 0.128453946875
0 0.4091191515625 0.03199013125 0.41067251406249994 0.039473684375 0.4220924703125 0.032700109375 0.42054459062499994 0.0249342109375 0.4091191515625 0.03199013125
1 0.310471490625 0.01959978125 0.3098684203125 0.015679825 0.305939328125 0.017543859375 0.306688596875 0.021408990625 0.310471490625 0.01959978125
0 0.30308114062499997 0.063695175 0.3012792390625 0.0556743421875 0.290296053125 0.062198465625 0.29230628593749997 0.07025767499999999 0.30308114062499997 0.063695175
0 0.241776315625 0.0862116234375 0.2406981 0.078426534375 0.2302266078125 0.0824506578125 0.231304825 0.090570175 0.241776315625 0.0862116234375
0 0.149981725 0.0077850875 0.1460416671875 0.011082784375 0.14973135937499998 0.0228645828125 0.153658625 0.0200082234375 0.149981725 0.0077850875
0 0.1546783625 0.027960526562499997 0.1508607453125 0.0306304828125 0.1546052625 0.0427631578125 0.15835891875000002 0.0401809203125 0.1546783625 0.027960526562499997
1 0.1744883046875 0.041504934375000004 0.17576754375 0.0400767546875 0.173044590625 0.034375 0.1716374265625 0.0357456140625 0.1744883046875 0.041504934375000004
0 0.2130135234375 0.2066529609375 0.2150767546875 0.21458333281250003 0.226151315625 0.2050466015625 0.2236476609375 0.19756030625 0.2130135234375 0.2066529609375
0 0.189510234375 0.21647478125 0.1911549703125 0.22387609687499999 0.20050986875 0.2177604171875 0.1990131578125 0.2109100875 0.189510234375 0.21647478125
0 0.168421053125 0.119983553125 0.16332236875 0.11987390312499999 0.1616045328125 0.135526315625 0.1671235375 0.13558114062499999 0.168421053125 0.119983553125
1 0.13121345 0.2560855265625 0.133936403125 0.264391446875 0.1430756578125 0.256123903125 0.14055921093749998 0.2479166671875 0.13121345 0.2560855265625
0 0.045760234375 0.350301534375 0.0478252921875 0.35561951718749996 0.055774853125 0.3470942984375 0.053709795312499996 0.341776315625 0.045760234375 0.350301534375
0 0.0040935671875 0.38152412343750003 0.005994151562499999 0.3875274125 0.013982090624999999 0.3787308109375 0.0121217109375 0.3728947375 0.0040935671875 0.38152412343750003
0 0.0014619890624999999 0.3959703953125 0.0037463453124999997 0.403453946875 0.01246345 0.39459978125 0.01025219375 0.3877467109375 0.0014619890624999999 0.3959703953125
1 0.091063596875 0.23662280624999998 0.0896016078125 0.2330043859375 0.0860197375 0.2365131578125 0.0874269 0.24015899062499999 0.091063596875 0.23662280624999998
0 0.0707346484375 0 0.06772660781249999 0.0028508765625 0.0697002921875 0.00858004375 0.07638888906249999 0.00235745625 0.0756213453125 0 0.0707346484375 0
0 0.0912828953125 0.2235745609375 0.0891447375 0.2173245609375 0.0829678359375 0.2239309203125 0.08492324531249999 0.2299342109375 0.0912828953125 0.2235745609375
0 0.053179825 0.2639802625 0.0510233921875 0.2580866234375 0.0451754390625 0.2641447375 0.0473684203125 0.2703125 0.053179825 0.2639802625
0 0.035778509375 0.2848958328125 0.03357090625 0.2795504390625 0.0265533625 0.28667763125 0.02881944375 0.2922971484375 0.035778509375 0.2848958328125
1 0.0213633046875 0.0587171046875 0.017507309375 0.05035635937500001 0.007017543750000001 0.0623629390625 0.0105847953125 0.07146381562500001 0.0213633046875 0.0587171046875
0 0.08932200312500001 0 0.088591009375 0.0051973687499999996 0.0927631578125 0.0053810312499999995 0.09348135937499999 0 0.08932200312500001 0
0 0.084740496875 0 0.0834247078125 0.008936403125 0.08775584843749999 0.0093475875 0.0891264625 0 0.084740496875 0
0 0.07850694375 0.014989034374999998 0.0826388890625 0.015241228125 0.08400402031250001 0.000981359375 0.079989034375 0.00079495625 0.07850694375 0.014989034374999998
0 0.0731725140625 0.0205043859375 0.0779239765625 0.0209155703125 0.07887426875 0.0076754390625 0.07445175468750001 0.0075383765625 0.0731725140625 0.0205043859375
0 0.06887975156250001 0.024657346875 0.073135965625 0.02423245625 0.0739619890625 0.0094106359375 0.06983004375 0.00984375 0.06887975156250001 0.024657346875
1 0.054376828125 0.028626645312499997 0.052302631249999995 0.02423245625 0.048488670312499996 0.0284703953125 0.050365496875000006 0.0329221484375 0.054376828125 0.028626645312499997
0 0.051078215625 0.042393092187499995 0.0556469296875 0.04298245625 0.056670321875 0.0296875 0.05228435625 0.0294407890625 0.051078215625 0.042393092187499995
0 0.0455957609375 0.047450657812500005 0.049597953125 0.0483004390625 0.051187865624999995 0.03352521875 0.0471491234375 0.0330592109375 0.0455957609375 0.047450657812500005
0 0.041178728125 0.05324013125 0.0451754390625 0.05391995625 0.0461988296875 0.041447368750000005 0.042125365625 0.0410581140625 0.041178728125 0.05324013125
0 0.0376461984375 0.056770832812500005 0.041319443750000004 0.05693530625 0.041703215625 0.0451480265625 0.0380482453125 0.0453125 0.0376461984375 0.056770832812500005
0 0.032072368750000003 0.0627467109375 0.0357638890625 0.0631304828125 0.0368421046875 0.0498629390625 0.033004385937500005 0.05 0.032072368750000003 0.0627467109375
0 0.058366228124999996 0.0184046046875 0.058644006250000005 0.0118421046875 0.050201023437500006 0.012938596875 0.049689328125 0.01943530625 0.058366228124999996 0.0184046046875
0 0.04758771875 0.0263157890625 0.044700292187500004 0.020367325 0.0373355265625 0.0287828953125 0.0402192984375 0.034777960937500005 0.04758771875 0.0263157890625
0 0.0278271203125 0.0677302625 0.031578946875 0.0678453953125 0.03271564375 0.05507675468749999 0.02900219375 0.054934210937500005 0.0278271203125 0.0677302625
1 0.140570175 0.1580592109375 0.1385233921875 0.1552357453125 0.13578216406250002 0.1598958328125 0.13790204687500002 0.162856359375 0.140570175 0.1580592109375
1 0.17885599375 0.0915296046875 0.180098684375 0.09558662343749999 0.1858424703125 0.0915104171875 0.1845504390625 0.0873793859375 0.17885599375 0.0915296046875
0 0.3928362578125 0.109813596875 0.3951206140625 0.11694078906250001 0.4044590640625 0.10995065781249999 0.40250365468749993 0.1033442984375 0.3928362578125 0.109813596875
1 0.26419956093749997 0.1075932015625 0.2622203953125 0.1093119515625 0.265186403125 0.11648026250000001 0.2672459796875 0.11475054843750002 0.26419956093749997 0.1075932015625
1 0.1849597953125 0.0790707234375 0.1834612578125 0.08201754375 0.187171053125 0.0861567984375 0.1888340640625 0.083141446875 0.1849597953125 0.0790707234375