1 0.8226059937500001 0.9987116234375 0.8278508765625 0.9939418859375 0.8173428359375 0.9700657890625 0.812070540625 0.975098684375 0.8226059937500001 0.9987116234375
1 0.8216282890625 1 0.8101790937500001 0.9753289468749999 0.8045047515625001 0.9808580046875001 0.8128782890625 1 0.8216282890625 1
1 0.8049177625 1 0.8009320171875001 0.9921875 0.7966209796875 0.9969819078125 0.798179825 1 0.8049177625 1
0 0.79764254375 0.8623355265624999 0.8015533625 0.8595942984375 0.7971673984375001 0.8458607453125 0.793274853125 0.8487390343750001 0.79764254375 0.8623355265624999
0 0.7905116953125 0.8663432015625 0.7949872078125 0.86251370625 0.7900036546875 0.8487390343750001 0.7854349421875 0.8525219296875 0.7905116953125 0.8663432015625
0 0.774524853125 0.8771381578125 0.778216375 0.8739035093749999 0.7733369890625 0.8606633765625 0.7693165203125 0.8637609656249999 0.774524853125 0.8771381578125
0 0.7633333328125 0.8800712718750001 0.7669042390625 0.87733004375 0.762865496875 0.8657620609375 0.7591922515625 0.8685855265625 0.7633333328125 0.8800712718750001
0 0.7584612578125001 0.884429825 0.7622076015625 0.881606359375 0.7580774859375 0.8696820171875 0.7544225140624999 0.8725328953125 0.7584612578125001 0.884429825
0 0.7530701750000001 0.8890625 0.75709064375 0.8863760968750001 0.7524671046875 0.8722587718750001 0.7484064328125 0.875145284375 0.7530701750000001 0.8890625
0 0.7467525578124999 0.8913185312499999 0.750402046875 0.8891721484374999 0.747258771875 0.8782620609375 0.743658625 0.8806195171875 0.7467525578124999 0.8913185312499999
0 0.8245668859374999 0.8190433109375 0.8232821640625 0.81318530625 0.8153508765625 0.8166666671874999 0.8165935671875 0.8226699562500001 0.8245668859374999 0.8190433109375
0 0.7755116953125001 0.7776864031249999 0.7713633046874999 0.78042763125 0.7759137421875 0.7952850875 0.7800621343749999 0.7922423249999999 0.7755116953125001 0.7776864031249999
0 0.7674524859375 0.78525219375 0.7631396203125 0.787966009375 0.7675858921875001 0.8030619515625 0.7717653515625 0.8001096484374999 0.7674524859375 0.78525219375
0 0.7287280703125 0.837445175 0.7305738296875 0.8439144734375 0.7396016078125001 0.8383771937500001 0.7377192984375001 0.83209978125 0.7287280703125 0.837445175
0 0.738724415625 0.8237390343750001 0.7376096484375 0.8172149125000001 0.7281560671875 0.821450109375 0.7294773390625 0.8278508765625 0.738724415625 0.8237390343750001
0 0.7376644734375 0.8139528515625001 0.736403509375 0.8072916671874999 0.72704495625 0.811422696875 0.7284173984375 0.8184758765625 0.7376644734375 0.8139528515625001
0 0.858936403125 0.7969846484375 0.861293859375 0.8037006578125 0.8712171046874999 0.7958333328125 0.8686038015624999 0.7890899124999999 0.858936403125 0.7969846484375
0 0.855902778125 0.7774095390625 0.8584795328125001 0.7839638156250001 0.8675255843749999 0.7752467109375 0.8647478062499999 0.7688048249999999 0.855902778125 0.7774095390625
0 0.8515204671875001 0.76858004375 0.8537463453124999 0.7747807015625 0.8618786546875 0.768366228125 0.8596673984375001 0.762116228125 0.8515204671875001 0.76858004375
0 0.842671784375 0.740926534375 0.8447185671874999 0.7474780703125 0.85399305625 0.7409594296875001 0.851991959375 0.7345942984375 0.842671784375 0.740926534375
0 0.8385233921875 0.730071271875 0.840643275 0.7361567984375 0.8492891078125 0.7292845390625 0.847185671875 0.7233552624999999 0.8385233921875 0.730071271875
0 0.5134137421875 0.7083333328125 0.5093457609375001 0.7113706140625 0.5139290937500001 0.724731359375 0.5178581875 0.7214884875 0.5134137421875 0.7083333328125
0 0.5248903515625 0.7322642546875 0.5197733921875 0.7356907890625 0.52573099375 0.7544682015624999 0.5307200296875 0.7509320171875 0.5248903515625 0.7322642546875
0 0.557911184375 0.7297203953125 0.559992690625 0.7363130484375 0.5695723687500001 0.730071271875 0.5675621343749999 0.7233552624999999 0.557911184375 0.7297203953125
0 0.556195175 0.72108004375 0.5579130109375 0.72743969375 0.565259503125 0.723125 0.563596490625 0.7166940796875 0.556195175 0.72108004375
0 0.5528326015625 0.7127467109375 0.5548793859375001 0.7190515343749999 0.562796053125 0.7131907890625 0.5610197375 0.70699013125 0.5528326015625 0.7127467109375
0 0.6277229531249999 0.6935307015625 0.62587719375 0.687554825 0.6162079671875 0.6934183109375 0.61800073125 0.6998355265625 0.6277229531249999 0.6935307015625
0 0.6097277046875 0.6784868421875 0.60788194375 0.672510965625 0.5982127187499999 0.6783744515625 0.6000054828125 0.6847916671875 0.6097277046875 0.6784868421875
0 0.6827850875 0.6301809203125 0.6845942984375 0.636266446875 0.6951023390625 0.629303728125 0.6932200296875 0.6233004390625 0.6827850875 0.6301809203125
0 0.693329678125 0.6726151312499999 0.6956140343749999 0.6781524125 0.7042269734375 0.6710197375 0.701973684375 0.6654605265625 0.693329678125 0.6726151312499999
0 0.696399853125 0.6793585531249999 0.6978435671875001 0.6857182015625 0.7088998531249999 0.6798793859375001 0.7076571640625 0.673848684375 0.696399853125 0.6793585531249999
0 0.698135965625 0.6927357453125 0.700347221875 0.69917763125 0.7103983921875 0.691803728125 0.708260234375 0.685581140625 0.698135965625 0.6927357453125
0 0.719115496875 0.700438596875 0.71487573125 0.7028508765625 0.719060671875 0.7190241234375 0.723117690625 0.7166118421875 0.719115496875 0.700438596875
0 0.7275036546875 0.70391995625 0.7313961984375 0.7010690796875 0.7268457609375 0.6868969296875 0.72273391875 0.68974780625 0.7275036546875 0.70391995625
0 0.73662280625 0.7006578953125 0.7407529234375 0.6989583328125 0.7381213453125001 0.6857730265625 0.7341374265625 0.687554825 0.73662280625 0.7006578953125
0 0.7416264625 0.6981578953125 0.7456834796875 0.6955921046875 0.7418494156250001 0.68045504375 0.7377448828125 0.68269736875 0.7416264625 0.6981578953125
0 0.750365496875 0.7044407890625 0.7545504390625 0.701123903125 0.7491100140625 0.686748903125 0.7449250734375 0.6899287281250001 0.750365496875 0.7044407890625
1 0.7580774859375 0.7004934203125 0.7627192984375 0.6970394734375 0.7552394 0.6748081140625 0.7505025578125 0.6781633765625 0.7580774859375 0.7004934203125
0 0.7633022656249999 0.6961430921875 0.7672697375 0.693804825 0.76324926875 0.678563596875 0.7591374265625 0.681195175 0.7633022656249999 0.6961430921875
0 0.7689327484375 0.6907346484375 0.7737390343749999 0.6884320171875 0.7699488296875 0.672598684375 0.765186403125 0.6749725875 0.7689327484375 0.6907346484375
0 0.77578581875 0.68366228125 0.7797331875 0.6814418859375 0.7766502187500001 0.6689336625 0.77262426875 0.6711896937499999 0.77578581875 0.68366228125
0 0.79137426875 0.6888980265625 0.794992690625 0.6848684203125 0.7884320171875 0.6721217109375 0.7849597953125 0.676096490625 0.79137426875 0.6888980265625
0 0.792616959375 0.6666666671875 0.7892178359375001 0.6705317984375 0.79519736875 0.6817845390625 0.7984649125 0.6778508765625 0.792616959375 0.6666666671875
0 0.8061220765625 0.6740131578125 0.8094115499999999 0.6692982453125 0.8029605265624999 0.659073465625 0.799616228125 0.6637335531249999 0.8061220765625 0.6740131578125
0 0.8335599421875 0.7104057015625 0.8353618421875 0.7166940796875 0.8434502921875 0.7112280703125 0.8417032156250001 0.7051809203125 0.8335599421875 0.7104057015625
0 0.8299159359375 0.703563596875 0.83199926875 0.7095668859375001 0.8404276312500001 0.7030783984375 0.8384502921875001 0.697341009375 0.8299159359375 0.703563596875
0 0.8273611109375001 0.6944983546875 0.8296418125 0.7010690796875 0.8386513156250001 0.694051534375 0.8366959062499999 0.6876918859375001 0.8273611109375001 0.6944983546875
0 0.048081140625000005 0.8254660093749999 0.051900584375 0.82584978125 0.051882309375000005 0.814007675 0.0482711984375 0.813434759375 0.048081140625000005 0.8254660093749999
0 0.0452850875 0.7233004390625 0.0472697375 0.7268503296875 0.0529057015625 0.7197094296875 0.05087719375000001 0.715953946875 0.0452850875 0.7233004390625
0 0.8740679828125 0.6903508765625 0.870687134375 0.6853892546875 0.8638066515625 0.695383771875 0.8673062859374999 0.700356359375 0.8740679828125 0.6903508765625
0 0.8696820171875 0.680948465625 0.8658625734375001 0.6762883765625001 0.8586769000000001 0.68886513125 0.862518275 0.6935032890625 0.8696820171875 0.680948465625
0 0.8649488296875001 0.67425986875 0.8608187140625001 0.6696820171875 0.8535416671875 0.6831633765625 0.8576388890625 0.6879934203125 0.8649488296875001 0.67425986875
0 0.8362298984375001 0.6648684203124999 0.8403691515625 0.6697916671875 0.8479769734374999 0.6566282890624999 0.8437774125 0.6517955046874999 0.8362298984375001 0.6648684203124999
0 0.830323465625 0.65980263125 0.83446271875 0.6647258765624999 0.8420705406250001 0.651559759375 0.8378709796875 0.646729715625 0.830323465625 0.65980263125
0 0.8247989765625 0.655071271875 0.8287646203125 0.6595942984375001 0.8360380109375001 0.6466008765625 0.8322185671875 0.6422149125 0.8247989765625 0.655071271875
0 0.8192799703125001 0.64928728125 0.822953215625 0.6533717109375 0.8297149125000001 0.64150219375 0.8261476609375 0.637242325 0.8192799703125001 0.64928728125
0 0.8138230999999999 0.6444791671875 0.81798245625 0.64925986875 0.8241081875 0.6368804828125 0.819956140625 0.6325109656250001 0.8138230999999999 0.6444791671875
0 0.8133771937500001 0.630838815625 0.809009503125 0.627796053125 0.8043896203124999 0.6411814687499999 0.8088633046875 0.64449013125 0.8133771937500001 0.630838815625
0 0.8037043125000001 0.6193530703125 0.7999451750000001 0.615268640625 0.792998903125 0.6290625000000001 0.796661184375 0.63285361875 0.8037043125000001 0.6193530703125
0 0.7951023390625 0.6240679828125 0.791703215625 0.6194078953125 0.78509685625 0.63006853125 0.7885233921875 0.634841009375 0.7951023390625 0.6240679828125
0 0.7918019000000001 0.6183442984374999 0.78830409375 0.6136513156250001 0.780617690625 0.6258442984375 0.7843019 0.63053728125 0.7918019000000001 0.6183442984374999
0 0.784283625 0.615625 0.78077668125 0.6112966015625 0.773044590625 0.6236293859375001 0.7766081875 0.628125 0.784283625 0.615625
1 0.7228636703125 0.4315707234375 0.72381030625 0.4295559203125 0.7193713453125 0.425411184375 0.7184155703124999 0.42750548281249995 0.7228636703125 0.4315707234375
0 0.602668128125 0 0.602649853125 0.0020833328125000002 0.6061970031249999 0.0016365125 0.6061769 0 0.602668128125 0
0 0.4770833328125 0.13681469375 0.4806103796875 0.1330592109375 0.47479897656250003 0.1205866234375 0.47112573125 0.12425986874999999 0.4770833328125 0.13681469375
0 0.4485416671875 0.2529303734375 0.44402595 0.2555345390625 0.4470211984375 0.26951754375000003 0.4517361109375 0.2673793859375 0.4485416671875 0.2529303734375
0 0.4420138890625 0.2568530703125 0.43786549687500004 0.2580866234375 0.4395741953125 0.271307565625 0.4439692984375 0.269928728125 0.4420138890625 0.2568530703125
0 0.42068713437499994 0.32550438593750003 0.42441520468749994 0.3231907890625 0.42121710468750007 0.31107456093749997 0.4174707609375 0.31326754375 0.42068713437499994 0.32550438593750003
0 0.4264437140625 0.32264254375 0.43079312812500004 0.3208881578125 0.428106725 0.3053179828125 0.42362938593750005 0.30707236875 0.4264437140625 0.32264254375
0 0.40493055624999996 0.279632675 0.40093201718750004 0.28040021875 0.40231725156250003 0.292489034375 0.4062097953125 0.2915570171875 0.40493055624999996 0.279632675
0 0.4002796046875 0.281885965625 0.39605263125 0.282867325 0.3975822375 0.2956030703125 0.40171783593750005 0.2946820171875 0.4002796046875 0.281885965625
0 0.085626828125 0.304276315625 0.0883004390625 0.309432565625 0.0959429828125 0.301178728125 0.093265715625 0.295679825 0.085626828125 0.304276315625
0 0.36453399062499997 0.3796628296875 0.368768275 0.3776315796875 0.3657529234375 0.3627192984375 0.3614400578125 0.3646107453125 0.36453399062499997 0.3796628296875
0 0.3584046046875 0.3832291671875 0.362902046875 0.3802905703125 0.3599597953125 0.367653509375 0.35529970781250003 0.370257675 0.3584046046875 0.3832291671875
0 0.354349415625 0.38848684218749996 0.3587719296875 0.3858552625 0.35551900625 0.37234100937500003 0.351133040625 0.3748629390625 0.354349415625 0.38848684218749996
0 0.3444499265625 0.39418859687499996 0.3484466375 0.392489034375 0.34631944375 0.38100328906250003 0.342240496875 0.3827028515625 0.3444499265625 0.39418859687499996
0 0.3294042390625 0.40411184218749996 0.33353435625 0.40233004375 0.330829678125 0.3875274125 0.3266447375 0.389418859375 0.3294042390625 0.40411184218749996
0 0.349945175 0.354989034375 0.3541301171875 0.3532072375 0.3516995609375 0.3395559203125 0.34764254375000003 0.3411184203125 0.349945175 0.354989034375
1 0.3377741234375 0.3607730265625 0.342580409375 0.358278509375 0.3389802625 0.34229714843750003 0.3341191515625 0.3447094296875 0.3377741234375 0.3607730265625
0 0.3276133046875 0.3672971484375 0.331670321875 0.3645559203125 0.327668128125 0.350411184375 0.32351973749999996 0.3529057015625 0.3276133046875 0.3672971484375
0 0.3234831875 0.3544407890625 0.31909356718750004 0.3560444078125 0.3210124265625 0.3681880484375 0.325456871875 0.36639254375 0.3234831875 0.3544407890625
0 0.31706871406250003 0.37415021875 0.321546053125 0.372313596875 0.3185672515625 0.3560032890625 0.31408991249999996 0.3579769734375 0.31706871406250003 0.37415021875
0 0.2982273390625 0.3911156796875 0.29914108125 0.3966255484375 0.30849780625 0.392952303125 0.307437865625 0.387415021875 0.2982273390625 0.3911156796875
0 0.29703947343750003 0.38212719375000004 0.29800804062499997 0.38818530625 0.307474415625 0.38508771875000003 0.306597221875 0.379358553125 0.29703947343750003 0.38212719375000004
0 0.2940423984375 0.373739034375 0.2947733921875 0.380098684375 0.305062134375 0.3770559203125 0.304248903125 0.3710279609375 0.2940423984375 0.373739034375
0 0.27414108125 0.38001644687499997 0.2783991234375 0.381578946875 0.28040935624999996 0.3694078953125 0.2763706140625 0.3677631578125 0.27414108125 0.38001644687499997
0 0.2615222953125 0.3560005484375 0.2583150578125 0.359813596875 0.2641081875 0.3713267546875 0.26723318749999997 0.3674067984375 0.2615222953125 0.3560005484375
0 0.26723318749999997 0.3381304828125 0.265168128125 0.3438870609375 0.2744152046875 0.3509594296875 0.2764254390625 0.34528508750000003 0.26723318749999997 0.3381304828125
0 0.27236842031249997 0.3203399125 0.2689875734375 0.324616228125 0.27512792343750003 0.33626644687499996 0.278563596875 0.33188048281250004 0.27236842031249997 0.3203399125
0 0.238742690625 0.4018092109375 0.235195540625 0.3964720390625 0.2268457609375 0.4079221484375 0.23037280624999998 0.41376096562500003 0.238742690625 0.4018092109375
0 0.294225146875 0.2692982453125 0.29449926875 0.2759320171875 0.3049707609375 0.274698465625 0.30460526250000003 0.26817434218749997 0.294225146875 0.2692982453125
0 0.291867690625 0.2658717109375 0.2876827484375 0.26691337656249997 0.28916301093749996 0.2818804828125 0.29340277812500004 0.28072916718749996 0.291867690625 0.2658717109375
0 0.28664108125 0.27162828906250003 0.2817616953125 0.27335526250000003 0.284283625 0.2891721484375 0.2890533625 0.287198465625 0.28664108125 0.27162828906250003
0 0.281268275 0.27417763125 0.27658260156250003 0.2753344296875 0.27836257343750004 0.2915844296875 0.283114034375 0.2904331140625 0.281268275 0.27417763125
0 0.275438596875 0.2807565796875 0.2712171046875 0.2813870609375 0.271856725 0.2939692984375 0.2763340640625 0.2931469296875 0.275438596875 0.2807565796875
0 0.2693347953125 0.28037280625 0.2649488296875 0.281195175 0.2659173984375 0.29449013125 0.2705409359375 0.2935032890625 0.2693347953125 0.28037280625
0 0.26337719375 0.2870065796875 0.2587902046875 0.287966009375 0.2600146203125 0.3015625 0.26480263125 0.3006578953125 0.26337719375 0.2870065796875
0 0.24725877187499998 0.2968475875 0.242598684375 0.2995065796875 0.24616228125 0.3141721484375 0.25069444375 0.311348684375 0.24725877187499998 0.2968475875
0 0.23676900625 0.3259046046875 0.2378161546875 0.3313404609375 0.24552814375 0.3273382671875 0.2443896203125 0.3216831140625 0.23676900625 0.3259046046875
0 0.25696271875 0.23681469375000003 0.252686403125 0.237801534375 0.2541812859375 0.25103344375000003 0.25849780624999996 0.250054825 0.25696271875 0.23681469375000003
0 0.2510416671875 0.2399671046875 0.2468019 0.241831140625 0.24924342031250002 0.25474780625000004 0.2534173984375 0.252768640625 0.2510416671875 0.2399671046875
0 0.241831140625 0.24311951718749997 0.23746345 0.24462719375000003 0.2394883046875 0.26011513124999996 0.24389619843750002 0.25849780624999996 0.241831140625 0.24311951718749997
0 0.184283625 0.28303179843750004 0.1852905703125 0.288991228125 0.1947551171875 0.28445723749999996 0.19371345 0.278426534375 0.184283625 0.28303179843750004
0 0.1681907890625 0.2924506578125 0.169221490625 0.29863486875 0.17777412343750001 0.2941282890625 0.17661184218749998 0.28768092031250003 0.1681907890625 0.2924506578125
0 0.1715826015625 0.3122532890625 0.173135965625 0.31872258750000004 0.1824269 0.31360471562500003 0.180760234375 0.3072971484375 0.1715826015625 0.3122532890625
1 0.1723866953125 0.3197642546875 0.1703399125 0.3123903515625 0.15771929843750002 0.3192571265625 0.159652778125 0.32675986875 0.1723866953125 0.3197642546875
0 0.12642909375 0.3467105265625 0.125328946875 0.340296053125 0.1153271203125 0.3439254390625 0.11616045312500001 0.3505756578125 0.12642909375 0.3467105265625
0 0.14983918125 0.33863212656249997 0.1537646203125 0.33722587656249997 0.1518274859375 0.324533990625 0.148072003125 0.32584429843749996 0.14983918125 0.33863212656249997
0 0.1442799703125 0.34427083281250004 0.1484649125 0.34246162343750003 0.14581505781249998 0.32845394687499996 0.14173976562499999 0.330098684375 0.1442799703125 0.34427083281250004
0 0.1387792390625 0.34588815781250004 0.14296418125000002 0.3454495609375 0.1422514625 0.3322916671875 0.13830409375 0.3326754390625 0.1387792390625 0.34588815781250004
0 0.13822185625 0.333793859375 0.134027778125 0.334320175 0.1344937859375 0.3490570171875 0.13887975156250001 0.3483333328125 0.13822185625 0.333793859375
0 0.1533442984375 0.2753453953125 0.153179825 0.269133771875 0.14358735312499998 0.26961348749999997 0.1436184203125 0.276008771875 0.1533442984375 0.2753453953125