0 0.4826754390625 0.065981359375 0.4797880109375 0.0703399125 0.4855957609375 0.0776617328125 0.48854166718750003 0.07335526249999999 0.4826754390625 0.065981359375
0 0.47026681249999996 0.043859648437499996 0.46737938593750006 0.048793859375 0.473921784375 0.05603070156249999 0.476882309375 0.05076754375 0.47026681249999996 0.043859648437499996
0 0.455091375 0.02859375 0.45232090625000004 0.033634868750000005 0.4601187859375 0.0424506578125 0.46282894687500004 0.0375 0.455091375 0.02859375
1 0.445323465625 0.0318475875 0.44144736875 0.0388432015625 0.4569133765625 0.055625 0.4611111109375 0.048135965625 0.445323465625 0.0318475875
1 0.31138340625 0 0.3096673984375 0.0037554828125 0.32216739843750003 0.013678728125000001 0.324945175 0.007483553125 0.31493055625 0 0.31138340625 0
1 0.325018275 0.007949560937499999 0.3224232453125 0.013048245312500002 0.331560671875 0.0204769734375 0.334027778125 0.01493969375 0.325018275 0.007949560937499999
1 0.340347221875 0.017913925 0.337408625 0.024945175 0.351642909375 0.0364117328125 0.35462353750000003 0.0290570171875 0.340347221875 0.017913925
0 0.39148391875 0.0469846484375 0.3887975140625 0.05238486875 0.3969481 0.060498903125 0.399579678125 0.054989034375 0.39148391875 0.0469846484375
1 0.46525036562500005 0.164235196875 0.46977339218749997 0.1588541671875 0.45659722187499996 0.135893640625 0.45201937187499996 0.1419078953125 0.46525036562500005 0.164235196875
0 0.254385965625 0.036348684375 0.2497076015625 0.0364583328125 0.24926900624999998 0.049561403125 0.25389254375000003 0.049533990625 0.254385965625 0.036348684375
0 0.23355263124999998 0.0251370609375 0.23353435625 0.0314692984375 0.2419407890625 0.03125 0.24194261718750001 0.024997259375 0.23355263124999998 0.0251370609375
0 0.0514254390625 0.024945175 0.0516081875 0.0193530703125 0.043859648437499996 0.0189418859375 0.04371345 0.0244791671875 0.0514254390625 0.024945175
0 0.2551279234375 0.0826836625 0.25160818749999997 0.07933114062499999 0.2462225875 0.0907565796875 0.24986111093750002 0.0943366234375 0.2551279234375 0.0826836625
0 0.2314875734375 0.1030427625 0.22739400625 0.101891446875 0.2252375734375 0.11236293906249999 0.22958698906250002 0.113623903125 0.2314875734375 0.1030427625
0 0.1897112578125 0.15348135937500001 0.1919225140625 0.14772478125 0.184685671875 0.14194078906250002 0.182346490625 0.1479440796875 0.1897112578125 0.15348135937500001
1 0.20902960468749998 0.1723930921875 0.2077394 0.1713267546875 0.20566155 0.1766968203125 0.20694992656250003 0.1778399125 0.20902960468749998 0.1723930921875
0 0.24976242656249997 0.14276315781249999 0.2498355265625 0.13665021875 0.24074926875 0.1363569078125 0.240606725 0.14240679843749998 0.24976242656249997 0.14276315781249999
0 0.250310671875 0.1525219296875 0.2524488296875 0.1484649125 0.24645467812500002 0.1411732453125 0.24417032187499998 0.14520285156249998 0.250310671875 0.1525219296875
0 0.2588084796875 0.15304276249999998 0.260599415625 0.1479440796875 0.2528691515625 0.1424616234375 0.25102339218749997 0.1473958328125 0.2588084796875 0.15304276249999998
0 0.28823099375 0.17510964843750002 0.28481359687499996 0.172203946875 0.28042763125 0.184073465625 0.2837627921875 0.186844846875 0.28823099375 0.17510964843750002
0 0.5049342109375 0.18146929843749998 0.508232821875 0.184051534375 0.5125 0.17330043906249998 0.5091374265625 0.170257675 0.5049342109375 0.18146929843749998
0 0.5350511703125 0.207510965625 0.53821271875 0.2033168859375 0.53118969375 0.1938130484375 0.528216375 0.19824561406250002 0.5350511703125 0.207510965625
0 0.5650767546875 0.24895833281250002 0.5666666671875 0.2546875 0.5769371343749999 0.24769736875 0.5751827484375001 0.2423519734375 0.5650767546875 0.24895833281250002
0 0.5985928359375 0.3017817984375 0.59599780625 0.2958607453125 0.5859649124999999 0.30400219375000004 0.58832236875 0.31025219375 0.5985928359375 0.3017817984375
0 0.590296053125 0.312116228125 0.5924250734375 0.317489034375 0.6017324562499999 0.3101041671875 0.5994956140625 0.3047395828125 0.590296053125 0.312116228125
0 0.0052814328124999995 0.43585526249999995 0.0029970765625 0.44007675468749996 0.008453946875 0.44609375 0.0108004390625 0.4415844296875 0.0052814328124999995 0.43585526249999995
0 0.0578435671875 0.499575109375 0.058114034375 0.49287280625 0.0496217109375 0.492924890625 0.0494700296875 0.499575109375 0.0578435671875 0.499575109375
0 0.0560489765625 0.508168859375 0.0564236109375 0.5013541671875 0.0482090640625 0.5002192984375 0.0478801171875 0.506688596875 0.0560489765625 0.508168859375
0 0.0472368421875 0.514051534375 0.04683845 0.5205866234375 0.057602339062499994 0.522313596875 0.057967835937500004 0.515268640625 0.0472368421875 0.514051534375
0 0.04482090625 0.5210416671875 0.043812134375 0.526239034375 0.053198100000000005 0.5307456140625 0.05433845 0.5255153515625001 0.04482090625 0.5210416671875
0 0.3668969296875 0.6711759875000001 0.370760234375 0.6711348687500001 0.3706341375 0.65866228125 0.36692434218750003 0.65866228125 0.3668969296875 0.6711759875000001
0 0.383623903125 0.66586896875 0.37893092031250003 0.6657044953125 0.3786915203125 0.68201754375 0.383260234375 0.68193530625 0.383623903125 0.66586896875
1 0.3794956140625 0.689018640625 0.377028509375 0.6857730265625 0.3727850875 0.692966009375 0.3753636703125 0.696321271875 0.3794956140625 0.689018640625
0 0.38562134531250003 0.680241228125 0.3895650578125 0.6806743421875 0.39016081874999997 0.667510965625 0.386239034375 0.6672149125 0.38562134531250003 0.680241228125
1 0.35436403437499997 0.63764254375 0.3542744890625 0.645479715625 0.36926169531249997 0.6457236843749999 0.36946271875000003 0.6380509875 0.35436403437499997 0.63764254375
0 0.37986659375 0.7174150218750001 0.3799616234375 0.7245668859375 0.3906048984375 0.7248053734375 0.39063596562499997 0.7175575656250001 0.37986659375 0.7174150218750001
0 0.37877741249999997 0.7283908984374999 0.3788724421875 0.734501096875 0.38802997031249997 0.734690240625 0.38802997031249997 0.72858004375 0.37877741249999997 0.7283908984374999
0 0.389152046875 0.7426096484375 0.38919956093749997 0.7369243421875 0.38013888906250004 0.736820175 0.3801827484375 0.7424780703125 0.389152046875 0.7426096484375
0 0.3902284359375 0.72980263125 0.390323465625 0.7362445171875 0.401785453125 0.7366694078125 0.40181834843750003 0.729945175 0.3902284359375 0.72980263125
0 0.3908187140625 0.7370531796875001 0.3908004390625 0.7436869515625 0.401856725 0.7448382671875 0.4020211984375 0.7377933109375 0.3908187140625 0.7370531796875001
0 0.387865496875 0.7514802625 0.387867325 0.744385965625 0.3771582609375 0.7444682015625 0.37713815781250004 0.7515899125 0.387865496875 0.7514802625
0 0.38706140312500004 0.759320175 0.387024853125 0.7533991234374999 0.3778691515625 0.753453946875 0.37797880156249997 0.7595668859375 0.38706140312500004 0.759320175
0 0.400204678125 0.7519846484375 0.4002266078125 0.7458004390624999 0.38948099375 0.745241228125 0.3893713453125 0.7515241234375 0.400204678125 0.7519846484375
0 0.3998538015625 0.7607017546875 0.3998538015625 0.75412280625 0.3884502921875 0.753596490625 0.3884320171875 0.7601699562500001 0.3998538015625 0.7607017546875
0 0.40040204687500003 0.769133771875 0.40054824531250005 0.7625 0.38980263125 0.762171053125 0.3897112578125 0.7687774125 0.40040204687500003 0.769133771875
1 0.35392909375000003 0.7313870609374999 0.35363486875 0.7263157890625 0.34798245625 0.7273108546875 0.34829861093750003 0.7324725875 0.35392909375000003 0.7313870609374999
1 0.346812865625 0.7363569078125 0.3489948828125 0.7411458328125 0.354203215625 0.7362143640625 0.351929825 0.7311458328125 0.346812865625 0.7363569078125
1 0.348545321875 0.7419216015625001 0.348848684375 0.7474369515625 0.355632309375 0.7464117328125 0.3552905703125 0.7405016453125 0.348545321875 0.7419216015625001
1 0.3555025578125 0.7533141453125001 0.3553892546875 0.747686403125 0.3491374265625 0.74779879375 0.34925073125 0.7535416671874999 0.3555025578125 0.7533141453125001
1 0.3560307015625 0.758936403125 0.3596217109375 0.7589391453125 0.3598428359375 0.749133771875 0.3561220765625 0.74923245625 0.3560307015625 0.758936403125
1 0.35633771875 0.7587966015625 0.356054459375 0.75368146875 0.3498903515625 0.7541940796875 0.350052996875 0.7595531796875 0.35633771875 0.7587966015625
0 0.351206140625 0.763977521875 0.352828946875 0.7693393640624999 0.3618603796875 0.7646929828125 0.36019736875 0.7588267546874999 0.351206140625 0.763977521875
0 0.36235380156249997 0.77415021875 0.36197002968750003 0.7669956140624999 0.3507456140625 0.7695230265624999 0.35122807031250003 0.7759703953125 0.36235380156249997 0.77415021875
0 0.362966009375 0.7900027406250001 0.3677448828125 0.7901315796875 0.368329678125 0.7743695171875 0.363633040625 0.773903509375 0.362966009375 0.7900027406250001
0 0.2826937140625 0.718695175 0.28598318749999996 0.718695175 0.2858735375 0.705948465625 0.282510965625 0.7061129390625001 0.2826937140625 0.718695175
0 0.2732273390625 0.72574013125 0.27726608124999996 0.7275219296875 0.2797551171875 0.7133662281250001 0.2756213453125 0.7115131578125 0.2732273390625 0.72574013125
0 0.281341375 0.7385444078125001 0.28512426875 0.7388980265625 0.2853636703125 0.7260773031250001 0.281725146875 0.7258771937499999 0.281341375 0.7385444078125001
0 0.2318238296875 0.891192434375 0.2362646203125 0.89302905625 0.23918311406249998 0.8771491234375001 0.23476608125 0.8753755484375001 0.2318238296875 0.891192434375
0 0.23474049687499998 0.875054825 0.2391812859375 0.876891446875 0.24209978125 0.8610115125 0.2376827484375 0.8592379390625 0.23474049687499998 0.875054825
0 0.2607821640625 0.8725328953125 0.262814328125 0.86741228125 0.2534173984375 0.8595394734375 0.25160818749999997 0.8649451750000001 0.2607821640625 0.8725328953125
0 0.37357456093749997 0.962801534375 0.3766630109375 0.967626096875 0.3838706140625 0.9579906796875 0.3809758765625 0.9530975875 0.37357456093749997 0.962801534375
0 0.301224415625 0.5249725875 0.29691155 0.5248903515625 0.29683845 0.5392817984375 0.301224415625 0.539418859375 0.301224415625 0.5249725875
0 0.37256944375 0.4999177625 0.3774671046875 0.5001096484375 0.378216375 0.483251096875 0.3731725140625 0.48273026249999995 0.37256944375 0.4999177625
0 0.41593567187499997 0.5134046046875 0.41228070156249996 0.5127741234375 0.4109703953125 0.5245531796875 0.41461074531250003 0.5254440796875001 0.41593567187499997 0.5134046046875
0 0.42047880156249995 0.5805208328125 0.42067617031250004 0.574698465625 0.4105226609375 0.5744682015625 0.4104349421875 0.5803179828125 0.42047880156249995 0.5805208328125
0 0.43993055625000005 0.5325932015625 0.4359466375 0.532510965625 0.43590095 0.54795504375 0.4399853796875 0.548026315625 0.43993055625000005 0.5325932015625
0 0.48618421093749997 0.5861293859375001 0.4899853796875 0.5893366234374999 0.494828215625 0.5751644734375 0.49113669531250004 0.5721217109375 0.48618421093749997 0.5861293859375001
0 0.48029970781250003 0.5147203953124999 0.4775584796875 0.5197642546875 0.48634868437499995 0.529276315625 0.48904422500000005 0.5242680921875 0.48029970781250003 0.5147203953124999
0 0.5296966375000001 0.327741228125 0.5317799703125 0.332867325 0.539466375 0.3262691890625 0.5375731 0.32138157968750003 0.5296966375000001 0.327741228125
0 0.5553179828125 0.484046053125 0.553070175 0.479331140625 0.5462353796875 0.48659539531249996 0.5486111109375 0.49139254374999997 0.5553179828125 0.484046053125
0 0.6116410812499999 0.4020559203125 0.609831871875 0.40786732499999995 0.619152046875 0.4138157890625 0.6208881578125001 0.40805921093749997 0.6116410812499999 0.4020559203125
0 0.6330226609375 0.4466557015625 0.6298793859375 0.4501644734375 0.6345029234374999 0.45978618437499996 0.6377192984375 0.4564692984375 0.6330226609375 0.4466557015625
0 0.66324926875 0.45172697343749996 0.659064328125 0.452658990625 0.660562865625 0.46474780625 0.6646747078125 0.4638980265625 0.66324926875 0.45172697343749996
1 0.5129934203125 0.7417269734375 0.5131469296875 0.7339967109375001 0.5034247078125 0.7336759875000001 0.50326754375 0.741063596875 0.5129934203125 0.7417269734375
1 0.513347953125 0.73066611875 0.5135014625000001 0.7229331140624999 0.5037792390625 0.7226123906249999 0.5036220765625 0.730002740625 0.513347953125 0.73066611875
1 0.5142288015625 0.7219873906250001 0.514382309375 0.7142543859375 0.5046600875 0.7139336625 0.5045029234375 0.7213240125 0.5142288015625 0.7219873906250001
0 0.5297331875 0.6911184203125 0.5343201750000001 0.693283990625 0.5380665203125 0.6761513156250001 0.5336184203125 0.6742434203125 0.5297331875 0.6911184203125
0 0.5223611109374999 0.6969819078125 0.5267543859375 0.6969846484375 0.527097953125 0.67902138125 0.522571271875 0.678903509375 0.5223611109374999 0.6969819078125
0 0.518439328125 0.69925986875 0.5230994156250001 0.6984100875 0.5212810671875 0.68048245625 0.5168877921874999 0.6814692984375 0.518439328125 0.69925986875
0 0.5117726609375 0.696280153125 0.5159685671875 0.6967708328125 0.517152778125 0.68131030625 0.513033625 0.6808744515625 0.5117726609375 0.696280153125
0 0.507419590625 0.696546053125 0.511617325 0.6970367328125 0.512801534375 0.68157620625 0.5086805562500001 0.6811403515625 0.507419590625 0.696546053125
0 0.5086805562500001 0.7148574562500001 0.512828946875 0.7139254390625001 0.5113340640625 0.69826754375 0.5072989765625 0.699385965625 0.5086805562500001 0.7148574562500001
0 0.5137554828125 0.71308388125 0.5181652046874999 0.712883771875 0.517525584375 0.697286184375 0.5130665203125 0.69769736875 0.5137554828125 0.71308388125
0 0.5239766078125 0.7145833328125 0.52887426875 0.7145559203125 0.5283442984375 0.6971107453125 0.523528875 0.6972669953125 0.5239766078125 0.7145833328125
0 0.5237390343749999 0.7307291671875 0.5249817250000001 0.7247258765625 0.515641446875 0.720737390625 0.5144572375 0.7265405703125001 0.5237390343749999 0.7307291671875
0 0.51739400625 0.7285334437500001 0.5153691515625 0.7356907890625 0.5251279234374999 0.741831140625 0.5271564328125 0.734731359375 0.51739400625 0.7285334437500001
0 0.51496345 0.737184759375 0.5134320171875 0.7429276312499999 0.5233552625 0.7483278515625 0.5248099421875 0.7425630484375 0.51496345 0.737184759375
1 0.5392178359375001 0.7216008765625 0.533132309375 0.72269736875 0.535314328125 0.74860745625 0.5413157890625 0.7477878296875 0.5392178359375001 0.7216008765625
0 0.5323099421874999 0.735882675 0.5275402046875 0.7361293859375 0.5280391078125 0.7554906796874999 0.5329312859375 0.755153509375 0.5323099421874999 0.735882675
0 0.5485873531250001 0.7481003296875001 0.54455409375 0.74449013125 0.5380116953125 0.760553728125 0.5421783625 0.7643366234375 0.5485873531250001 0.7481003296875001
0 0.5333333328125 0.7591557015625 0.5282346484375 0.7595394734375 0.529179459375 0.7775493421874999 0.5341191515625 0.7771929828124999 0.5333333328125 0.7591557015625
0 0.5509959796875 0.7769791671874999 0.5467288015625 0.7796875 0.551242690625 0.7952028515625 0.5555921046875001 0.7927083328125 0.5509959796875 0.7769791671874999
0 0.5552083328124999 0.7948190796875 0.5513157890625 0.7974232453125001 0.5552631578125 0.810526315625 0.5591739765625 0.808168859375 0.5552083328124999 0.7948190796875
0 0.56548245625 0.8418119515625 0.5695942984375 0.8392461625 0.56487573125 0.8227521937500001 0.5608004390625 0.8255482453124999 0.56548245625 0.8418119515625
0 0.5171235375000001 0.8238212718750001 0.5180135234375001 0.816620065625 0.508017178125 0.8135910093750001 0.506991959375 0.8202467109375 0.5171235375000001 0.8238212718750001
0 0.5132309937499999 0.8304331140625001 0.5149671046875001 0.8234649125000001 0.5065423984375 0.8197916671875 0.5052266078125001 0.826206140625 0.5132309937499999 0.8304331140625001
0 0.506597221875 0.8290844296875 0.50625 0.8358004390625 0.5170504390625 0.837938596875 0.5173245609375 0.8306195171875 0.506597221875 0.8290844296875
0 0.5293859656250001 0.8348684203125 0.5296600875 0.8275767546875 0.518260234375 0.8263843203125001 0.518108553125 0.83342379375 0.5293859656250001 0.8348684203125
0 0.53172331875 0.8344928734374999 0.5314053359375001 0.8415241234374999 0.543044590625 0.8436677625 0.5433625734375 0.8361595390625001 0.53172331875 0.8344928734374999
0 0.5333918125 0.8269243421875 0.533278509375 0.8337719296874999 0.544276315625 0.834073465625 0.5443548984375 0.827341009375 0.5333918125 0.8269243421875
0 0.5438541671875 0.8471244515624999 0.5485745609375 0.8475328953125001 0.549694809375 0.8279961625000001 0.5450840640625 0.8274671046875 0.5438541671875 0.8471244515624999
0 0.5635416671875 0.944161184375 0.5659356718749999 0.9494791671874999 0.572653509375 0.943382675 0.5703179828125 0.9380208328125 0.5635416671875 0.944161184375
1 0.5890789468750001 0.946858553125 0.5861184203125 0.9498464906249999 0.589546784375 0.9577028515625001 0.5924597953124999 0.9547532890625 0.5890789468750001 0.946858553125
1 0.592507309375 0.9565515343750001 0.589546784375 0.9595394734375 0.59297331875 0.967398575 0.5958881578125 0.9644462718750001 0.592507309375 0.9565515343750001
0 0.6822368421875 0.9228892546875 0.6806578953125 0.9173464906250001 0.6722331875 0.9225274125 0.6738413750000001 0.92803728125 0.6822368421875 0.9228892546875
0 0.6712719296875 0.9385142546875 0.666721490625 0.9401589906250001 0.6700475140625 0.9578947375 0.6744517546875 0.9561403515625001 0.6712719296875 0.9385142546875
1 0.516081871875 0.1156524125 0.51489400625 0.1171875 0.5178545328124999 0.1220942984375 0.519078946875 0.1204769734375 0.516081871875 0.1156524125
1 0.5606542390625 0.157346490625 0.55933845 0.15868969375 0.5620559203125 0.163747259375 0.5634064328124999 0.1623821265625 0.5606542390625 0.157346490625
1 0.6163559937499999 0.3037006578125 0.6150584796875 0.305211075 0.617902046875 0.31075383749999996 0.6192525578125 0.30938870625 0.6163559937499999 0.3037006578125
1 0.6359466375 0.3326754390625 0.6346783625 0.3343366234375 0.6375201015624999 0.3398793859375 0.6388706140625 0.3385142546875 0.6359466375 0.3326754390625
1 0.7270778515625 0.563393640625 0.7262792390625 0.5641995609375 0.727757675 0.5686842109375 0.728678728125 0.56792763125 0.7270778515625 0.563393640625
1 0.6083516078125 0.237554825 0.6033442984375 0.24347587656249997 0.61766081875 0.2667680921875 0.6225328953125 0.2603344296875 0.6083516078125 0.237554825
0 0.550365496875 0.038240131249999997 0.5536549703125 0.041803728125 0.5606907890625 0.0294133765625 0.5571637421875 0.02568530625 0.550365496875 0.038240131249999997
0 0.5654422515624999 0.0200657890625 0.56871345 0.0161184203125 0.562865496875 0.0064692984375 0.5595211984375 0.010498903125 0.5654422515624999 0.0200657890625
0 0.568695175 0.0181469296875 0.5662280703125 0.0217105265625 0.572205775 0.0290625 0.5746673984374999 0.0250822375 0.568695175 0.0181469296875
0 0.58364400625 0.0563870609375 0.5804824562500001 0.0528508765625 0.5747642546875 0.0634868421875 0.5779422515625 0.06716008749999999 0.58364400625 0.0563870609375
1 0.5795559203125 0.0286293859375 0.5816027046875 0.031891446875 0.5858369890625 0.02587719375 0.583739034375 0.0227330046875 0.5795559203125 0.0286293859375
1 0.581597221875 0.0318804828125 0.58364400625 0.03514254375 0.587883771875 0.029248903124999996 0.5857803359375 0.0259841015625 0.581597221875 0.0318804828125
1 0.5947185671875 0.038870614062499996 0.5908625734374999 0.033634868750000005 0.580098684375 0.049588815625 0.5845029234375 0.055838815625 0.5947185671875 0.038870614062499996
1 0.599294590625 0.04332236875 0.5952942250000001 0.03834978125 0.5856359656250001 0.0537554828125 0.5899524859375 0.058678728125 0.599294590625 0.04332236875
0 0.6003581875 0.0554605265625 0.597616959375 0.050624999999999996 0.5914985374999999 0.058223684374999994 0.5944444437499999 0.06334978125 0.6003581875 0.0554605265625
1 0.60233918125 0.061184210937500004 0.5987024859375001 0.055564693750000005 0.587483553125 0.07158442968749999 0.5913870609375 0.0772669953125 0.60233918125 0.061184210937500004
0 0.600632309375 0.0717543859375 0.5981725140624999 0.06790021874999999 0.5920303359375 0.07618695156250001 0.59460891875 0.08045504375 0.600632309375 0.0717543859375
0 0.6373720765625001 0.026864034375 0.6346491234375 0.02266995625 0.628472221875 0.0312225875 0.63128655 0.0356633765625 0.6373720765625001 0.026864034375
0 0.6498720765625 0.07870065781249999 0.65232090625 0.074841009375 0.64616228125 0.06669407968749999 0.6435672515624999 0.07083333281250001 0.6498720765625 0.07870065781249999
0 0.6641630109375 0.052604167187499995 0.661403509375 0.0483278515625 0.6543073828125 0.05828124999999999 0.65705409375 0.062938596875 0.6641630109375 0.052604167187499995
0 0.6693165203125 0.05650219375 0.666794590625 0.052741228125 0.661105628125 0.060764803125 0.6635599421875 0.0647203953125 0.6693165203125 0.05650219375
0 0.6612024859375001 0.0794133765625 0.6634320171875 0.073766446875 0.6545138890625 0.0672971484375 0.6524853796875 0.073135965625 0.6612024859375001 0.0794133765625
0 0.6774853796875 0.129742325 0.6800255843749999 0.12275219374999999 0.6701206140625 0.11491228125 0.667653509375 0.12212171093749999 0.6774853796875 0.129742325
0 0.6792032156250001 0.121463815625 0.680793128125 0.11485745624999999 0.670153509375 0.10969024062499999 0.6686403515625 0.11633771875000001 0.6792032156250001 0.121463815625
0 0.6849780703125 0.1358004390625 0.6877375734375 0.1302905703125 0.6805921046875001 0.12316337656250001 0.678070175 0.1290570171875 0.6849780703125 0.1358004390625
0 0.687481725 0.1267543859375 0.6896016078125 0.12140899062499999 0.6829130109375 0.116008771875 0.680847953125 0.1216008765625 0.687481725 0.1267543859375
0 0.6944078953124999 0.1158717109375 0.6923611109375 0.12291666718750001 0.7027028515625 0.1297971484375 0.7048336984375 0.12202028437500001 0.6944078953124999 0.1158717109375
0 0.7005482453125 0.1361567984375 0.703106725 0.130838815625 0.69603435625 0.12398574531249999 0.6936220765625001 0.129331140625 0.7005482453125 0.1361567984375
0 0.6786165937499999 0.142258771875 0.6819078953125 0.1369517546875 0.6728252921875 0.12615131562499998 0.6696089187500001 0.131688596875 0.6786165937499999 0.142258771875
0 0.6758954671875 0.148492325 0.679331140625 0.143695175 0.673775584375 0.135553728125 0.6703947375 0.1401315796875 0.6758954671875 0.148492325
0 0.636330409375 0.1399671046875 0.633839546875 0.1365158984375 0.6281012421875001 0.1447121703125 0.630367325 0.1483854171875 0.636330409375 0.1399671046875
0 0.638982090625 0.145010965625 0.6361111109375 0.141721490625 0.630811403125 0.15200109687500002 0.6337189328124999 0.1554331140625 0.638982090625 0.145010965625
0 0.666831140625 0.14481907968750002 0.6640533625 0.140296053125 0.656242690625 0.1507620609375 0.6591191515625 0.15572916718750002 0.666831140625 0.14481907968750002
0 0.66324926875 0.179385965625 0.6600146203125 0.1756578953125 0.654221490625 0.1865405703125 0.6572733921875 0.1903508765625 0.66324926875 0.179385965625
0 0.6683114031249999 0.1837171046875 0.6657894734375 0.179303728125 0.6591867687499999 0.1883333328125 0.661661184375 0.192754934375 0.6683114031249999 0.1837171046875
0 0.697331871875 0.24547697343750002 0.6993969296875 0.23922697343750002 0.689382309375 0.23234649062499999 0.6873903515625 0.238651315625 0.697331871875 0.24547697343750002
0 1 0.1234566890625 0.9966337718749999 0.126219846875 1 0.1380043859375 1 0.1234566890625
0 0.9368421046875 0.1067708328125 0.9372898390625 0.11310581093750001 0.94767909375 0.11170504375000001 0.9472222218749999 0.10540021875000001 0.9368421046875 0.1067708328125
0 0.849837353125 0.0976836625 0.8506578953125 0.103426534375 0.8583643999999999 0.10057291718750001 0.8572916671874999 0.0947368421875 0.849837353125 0.0976836625
0 0.8558114031249999 0.1470942984375 0.8519371343750001 0.1494243421875 0.8557675437500001 0.16248629375 0.8597770468749999 0.16014254375 0.8558114031249999 0.1470942984375
0 0.918748171875 0.252143640625 0.91850694375 0.24737390312500002 0.909230628125 0.24743969375 0.9093841375 0.25220942968750004 0.918748171875 0.252143640625
0 0.8967653515625 0.2875822375 0.9004842843749999 0.28670504375 0.898802996875 0.27383771874999996 0.8952467109375 0.274586075 0.8967653515625 0.2875822375
0 0.91335891875 0.33665021875 0.9144371343750001 0.34141995625 0.9230445906250001 0.3377741234375 0.9220211984375 0.33314144687499997 0.91335891875 0.33665021875
0 0.94767909375 0.43876096562500005 0.9466922515625 0.433141446875 0.937828946875 0.436376096875 0.938651315625 0.4420778515625 0.94767909375 0.43876096562500005
0 0.9575657890624999 0.43541666718750005 0.956725146875 0.43045504375 0.9478983921875 0.4334703953125 0.9486476609375 0.4384320171875 0.9575657890624999 0.43541666718750005
0 0.806472953125 0.4299780703125 0.8044992687500001 0.425043859375 0.7973154234375001 0.43183388125000005 0.7991849421875 0.4365707234375 0.806472953125 0.4299780703125
0 0.809634503125 0.4463596484375 0.8075073093749999 0.44057017500000006 0.798026315625 0.4478344296875 0.8000731 0.4537554828125 0.809634503125 0.4463596484375
0 0.8233004390625001 0.5080866234375 0.8275584796875 0.5047149125 0.8232638890624999 0.49336622812500003 0.8189510234374999 0.497203946875 0.8233004390625001 0.5080866234375
1 0.6860197375 0.392598684375 0.6804276312499999 0.3978070171875 0.692498171875 0.4261156796875 0.697962353125 0.42118146875000007 0.6860197375 0.392598684375
1 0.711348684375 0.4470120609375 0.705866228125 0.4521381578125 0.7172149125 0.4810307015625 0.72267909375 0.476096490625 0.711348684375 0.4470120609375
1 0.7976297515625 0.278604715625 0.8174707609375 0.3001918859375 0.8245979531250001 0.31269188593749997 0.8247880109375 0.3133991234375 0.83051900625 0.30649671093749997 0.8265350874999999 0.29161184218749997 0.80243969375 0.26856359687500003 0.7976297515625 0.278604715625
1 0.7759137421875 0.276151315625 0.7795504390625 0.28506030625 0.8115497078124999 0.2571820171875 0.8080720031249999 0.24834978125 0.7759137421875 0.276151315625
1 0.8154970765625 0.2578125 0.8237390343750001 0.2556469296875 0.8192817984375 0.2233854171875 0.8111842109375 0.2254934203125 0.8154970765625 0.2578125
1 0.8258223687499999 0.2603070171875 0.8176535093749999 0.26326754375 0.8239948828125 0.2932565796875 0.8321637421875 0.2908991234375 0.8258223687499999 0.2603070171875
1 0.7949652781250001 0.34175986875 0.8003289468749999 0.33711622812500003 0.7933241953125 0.318407346875 0.7875456875 0.32328673281250003 0.7949652781250001 0.34175986875
0 0.7670687140625 0.4408991234375 0.770778509375 0.4372532890625 0.7646747078125 0.4248903515625 0.7610928359375 0.42883771875 0.7670687140625 0.4408991234375
1 0.769133771875 0.42793311406249995 0.7701754390625 0.4263157890625 0.7669956140624999 0.4220120609375 0.7658260234375 0.42362938593750005 0.769133771875 0.42793311406249995
0 0.7136915203124999 0.5672807015625 0.7119883046875 0.5622807015625 0.7044590640624999 0.567938596875 0.706257309375 0.5730043859375 0.7136915203124999 0.5672807015625
1 0.7535489765625 0.6582620609375 0.7528636703125 0.6560498906250001 0.7486293859375001 0.65863486875 0.7493238296875 0.6609100875 0.7535489765625 0.6582620609375
1 0.7570723687500001 0.66792763125 0.7563779234375 0.6657620609375 0.7519389624999999 0.66853344375 0.7526461984374999 0.6705455046875 0.7570723687500001 0.66792763125
1 0.7581377921875 0.6715707234375 0.7574506578125 0.669358553125 0.7532163749999999 0.6720038374999999 0.7539236109375 0.674018640625 0.7581377921875 0.6715707234375
1 0.76238486875 0.69660361875 0.76225694375 0.6944106359375 0.758187134375 0.6951480265625001 0.7582913015625 0.6972615125 0.76238486875 0.69660361875
1 0.761812865625 0.689476425 0.7611823828125 0.6873821265625 0.7568128656249999 0.69022478125 0.75733918125 0.6922779609374999 0.761812865625 0.689476425
1 0.830098684375 0.7226699562500001 0.8313779234374999 0.7220394734375 0.8303179828125 0.716776315625 0.8290935671874999 0.7173793859375001 0.830098684375 0.7226699562500001
1 0.8197916671875 0.580948465625 0.8185307015625 0.5821546046875 0.8207054093749999 0.5872807015625 0.8218877921875001 0.5861951750000001 0.8197916671875 0.580948465625
1 0.8285160812499999 0.6486567984375 0.8275657890625 0.6468475875 0.8245321640625001 0.6500274125 0.8253728062500001 0.6518366234374999 0.8285160812499999 0.6486567984375
1 0.82429641875 0.6534155703125 0.8228801171875 0.6544682015625 0.8247624265625 0.66019736875 0.826197003125 0.6591447375 0.82429641875 0.6534155703125
1 0.8316520468749999 0.654742325 0.83051900625 0.6532346484375 0.8275950296874999 0.65849780625 0.8286915203125 0.659841009375 0.8316520468749999 0.654742325
1 0.8580409359375001 0.6592105265625 0.8574926906250001 0.657428728125 0.8537280703125001 0.6599232453125 0.8544042390625 0.66178728125 0.8580409359375001 0.6592105265625
1 0.8568000734375 0.7362993421875 0.8553435671875 0.737075109375 0.8566282890625001 0.743168859375 0.858044590625 0.7423355265625 0.8568000734375 0.7362993421875
1 0.7634137421875 0.6208059203125 0.7578581875 0.6271381578125 0.7716008765625 0.6553179828125 0.776937134375 0.6494517546874999 0.7634137421875 0.6208059203125
1 0.7527394000000001 0.653168859375 0.751169590625 0.6484375 0.7449013156250001 0.652768640625 0.746399853125 0.657510965625 0.7527394000000001 0.653168859375
1 0.75572185625 0.6638870609375 0.75392909375 0.6598684203125 0.7491940796875001 0.6641255484374999 0.751063596875 0.6683881578124999 0.75572185625 0.6638870609375
1 0.7598501468750001 0.6786732453125001 0.75858918125 0.67420504375 0.7528874265625001 0.6774945171875 0.7541483921875 0.6822642546875 0.7598501468750001 0.6786732453125001
1 0.7621308484375 0.6849725875 0.7610014625 0.6807017546874999 0.7555299703125 0.6838349781249999 0.7566666671875 0.6881935312499999 0.7621308484375 0.6849725875
0 0.76790935625 0.7184484656250001 0.7638340640625 0.7216008765625 0.768857821875 0.735581140625 0.77267909375 0.7325109656250001 0.76790935625 0.7184484656250001
0 0.7433150578125 0.8332894734374999 0.7442434203125 0.8404605265624999 0.7556999265625 0.8365296046875 0.7548245609374999 0.8296875 0.7433150578125 0.8332894734374999
1 0.8134502921875001 0.74136513125 0.8057748531250001 0.744956140625 0.8169225140625 0.8002741234374999 0.824579678125 0.7970942984375 0.8134502921875001 0.74136513125
1 0.8221271937499999 0.8415186406249999 0.8180190062499999 0.8422971484374999 0.8189163015625001 0.8522176531250001 0.8229952484374999 0.85131030625 0.8221271937499999 0.8415186406249999
0 0.8341557015625 0.8524671046875 0.829276315625 0.8540296046875 0.8319206875 0.8702658984375 0.8367507312500001 0.868695175 0.8341557015625 0.8524671046875
1 0.8300402046875 0.918407346875 0.8283991234375 0.9189418859374999 0.829597953125 0.926082784375 0.8311458328124999 0.9255619515625 0.8300402046875 0.918407346875
0 0.7994152046874999 0.884375 0.79455409375 0.88514254375 0.795796784375 0.9006578953125001 0.8005847953125 0.900054825 0.7994152046874999 0.884375
0 0.7450731 0.9689555921874999 0.7408808484375 0.9682565796875 0.7396911546875 0.9817461625 0.743784721875 0.98254111875 0.7450731 0.9689555921874999
0 0.7931103796875 0.93991228125 0.7881944437499999 0.9397203953125001 0.78746345 0.9570175437499999 0.7923976609375 0.9572642546875001 0.7931103796875 0.93991228125
0 0.81646564375 0.9436403515625 0.8143457609375 0.9497807015624999 0.8235946640625 0.9566995609375001 0.8255683484375 0.9506469296875 0.81646564375 0.9436403515625
1 0.8129568718750001 0.9686129390625 0.81235745625 0.9704358546874999 0.8160836984375001 0.9732593203125001 0.8167616953125 0.971477521875 0.8129568718750001 0.9686129390625
0 0.831597221875 0.9672149125 0.8274488296875001 0.9643640343750001 0.8240716375 0.9775657890625 0.8282346484374999 0.9804550437499999 0.831597221875 0.9672149125
0 0.83847405 0.9552247812499999 0.8339053359375 0.9560471484375 0.8348190796875 0.969533990625 0.8394608921875 0.9689309203124999 0.83847405 0.9552247812499999
0 0.84894736875 0.95332236875 0.8435855265625 0.9544682015625 0.8452631578125 0.9712417765625 0.8505847953125001 0.9699835531250001 0.84894736875 0.95332236875
1 0.8680007312500001 0.9458333328125 0.8660453218749999 0.9462171046875 0.8666593562499999 0.9533305921874999 0.8685307015625 0.953070175 0.8680007312500001 0.9458333328125
0 0.8520650578125 0.9454139250000001 0.85226608125 0.9525219296874999 0.863296784375 0.9516831140625 0.8630665203125 0.94459978125 0.8520650578125 0.9454139250000001
1 0.855171784375 0.9348958328125001 0.8559576015625 0.9330043859374999 0.8519554093749999 0.929248903125 0.8511878656249999 0.931195175 0.855171784375 0.9348958328125001
1 0.82485745625 0.9873684203125 0.8238486843749999 0.9890350874999999 0.8271600875 0.9936184203125 0.8281432750000001 0.9921875 0.82485745625 0.9873684203125
0 0.846390715625 1 0.8463084796875 0.9939967109375001 0.8400584796875 0.994078946875 0.84012426875 1 0.846390715625 1
0 0.8714364031249999 1 0.87118055625 0.9955317984375001 0.8662463453125 0.9961348687499999 0.8664290937500001 1 0.8714364031249999 1
1 0.90140168125 0.8946107453125001 0.8995833328125 0.8938651312499999 0.8983333328124999 0.9001809203125 0.9001498531250001 0.9008552625 0.90140168125 0.8946107453125001
1 0.9048501468750001 0.8947258765624999 0.9030317984374999 0.893977521875 0.9017817984375001 0.900296053125 0.90359831875 0.9009676531249999 0.9048501468750001 0.8947258765624999
1 0.90788194375 0.8964309203124999 0.906063596875 0.895682565625 0.904813596875 0.9020010968750001 0.9066301171875001 0.902672696875 0.90788194375 0.8964309203124999
1 0.910517178125 0.897867325 0.9086988296875 0.8971217109375 0.9074470031249999 0.9034402406250001 0.9092653515625001 0.9041118421875 0.910517178125 0.897867325
1 0.8619152046874999 0.8324835531250001 0.8604714906250001 0.8325932015624999 0.8608187140625001 0.8387609656249999 0.8622076015625 0.838623903125 0.8619152046874999 0.8324835531250001
1 0.8584046046875 0.8175685312500001 0.85698099375 0.8177905703125001 0.8575402046875 0.825002740625 0.858936403125 0.8246984656249999 0.8584046046875 0.8175685312500001
0 0.860453215625 0.6266447375 0.8623538015625 0.6326754390625 0.87138340625 0.6259786187499999 0.86959064375 0.61962719375 0.860453215625 0.6266447375
0 0.8725511703125 0.6247807015625 0.873283990625 0.6307730265625 0.881891446875 0.6284429828125 0.881251828125 0.6225767546875 0.8725511703125 0.6247807015625
0 0.86635599375 0.6387883765625 0.8680555562500001 0.6452028515625 0.8783442984375001 0.6393366234375 0.8766995609375 0.6328947375 0.86635599375 0.6387883765625
1 0.95581323125 0.9020010968750001 0.9562298984375 0.904616228125 0.9612701015624999 0.9027412281249999 0.9608187140625001 0.9001918859375 0.95581323125 0.9020010968750001
1 0.9771546046875 0.88785361875 0.978179825 0.889446271875 0.9812865499999999 0.88514254375 0.9803124999999999 0.8835115124999999 0.9771546046875 0.88785361875
0 0.8733369890624999 0.9890625 0.878106725 0.9884594296874999 0.876900584375 0.9737390343750001 0.8719298249999999 0.9744517546875 0.8733369890624999 0.9890625
0 0.8654605265624999 0.9935307015625 0.8700657890624999 0.9927631578125 0.8688961984375 0.9787828953125001 0.864283625 0.9792817984375001 0.8654605265624999 0.9935307015625
0 0.863724415625 0.977741228125 0.8689875734375001 0.9764528515625001 0.8671600875 0.960882675 0.8621162281249999 0.96165021875 0.863724415625 0.977741228125
0 0.8716008765625001 0.9711348687499999 0.8765533624999999 0.969901315625 0.8748355265625 0.953070175 0.8697916671874999 0.9540021937500001 0.8716008765625001 0.9711348687499999
0 0.8791301171875 0.96790021875 0.8827119890624999 0.97272478125 0.8901315796875 0.960526315625 0.88675073125 0.9559484656249999 0.8791301171875 0.96790021875
0 0.8944261703124999 0.9557291671874999 0.8989400578125 0.9626918859375 0.9078581874999999 0.9510142546875 0.9038011703125 0.9438870609375 0.8944261703124999 0.9557291671874999
0 0.89305555625 0.9450657890624999 0.8963633046874999 0.9505756578125 0.904258040625 0.9407072375000001 0.901206140625 0.93516995625 0.89305555625 0.9450657890624999
0 0.9427814328125 0.9094846484374999 0.9435855265624999 0.9154057015625 0.9526133046874999 0.9125822375 0.951973684375 0.9069078953125 0.9427814328125 0.9094846484374999
0 0.9599415203125 0.8967927625 0.9583516078125 0.8915570171875 0.9510233921875001 0.896573465625 0.9528453953125 0.9018229171875 0.9599415203125 0.8967927625
0 0.8658077484375 0.9271929828125 0.87114400625 0.9262609656249999 0.8693530703125001 0.9094024125000001 0.8641081875 0.9103892546875001 0.8658077484375 0.9271929828125
0 0.8561220765625001 0.9111842109375001 0.8607638890624999 0.9100603062499999 0.8588633046874999 0.8950932015624999 0.854203215625 0.8960800437499999 0.8561220765625001 0.9111842109375001
0 0.8643457609375 0.9050164468749999 0.86951754375 0.9035087718750001 0.8670504390625 0.8865131578125001 0.86178728125 0.887938596875 0.8643457609375 0.9050164468749999
1 0.8514619890624999 0.8845394734375001 0.8591008765625 0.88196271875 0.855902778125 0.8560581140625001 0.8481725140625 0.8579221484374999 0.8514619890624999 0.8845394734375001
0 0.861366959375 0.8784265343750001 0.8661001468749999 0.8774671046875 0.8643823093749999 0.8622807015625 0.8596491234375 0.8633223687499999 0.861366959375 0.8784265343750001
0 0.8586988296875001 0.8595942984375 0.8634685671875 0.8575932015625 0.8605994156250001 0.842242325 0.8556834796875 0.844051534375 0.8586988296875001 0.8595942984375
0 0.8542397656249999 0.8370065796875 0.859027778125 0.8356633765625 0.85696271875 0.8216557015625 0.852010234375 0.8227796046875 0.8542397656249999 0.8370065796875
1 0.8456323093749999 0.837801534375 0.8525402046874999 0.8347039468749999 0.841885965625 0.7787554828125 0.834320175 0.78207236875 0.8456323093749999 0.837801534375
1 0.84608918125 0.7873903515625 0.8516995609375 0.7851699562500001 0.8475511703124999 0.7627741234375 0.841831140625 0.7646655703125 0.84608918125 0.7873903515625
0 0.8318896203125 0.7212719296875 0.8358552625 0.71951754375 0.8324926906250001 0.7049616234375 0.8284173984375001 0.70707236875 0.8318896203125 0.7212719296875
1 0.8221125734375001 0.7213267546875 0.8301535093749999 0.7165570171875 0.81646564375 0.662911184375 0.8084612578125 0.6669133765625 0.8221125734375001 0.7213267546875
0 0.8264985375 0.7010142546875 0.83051900625 0.6986019734375 0.8265899125 0.6845120609374999 0.8225511703124999 0.6868146937499999 0.8264985375 0.7010142546875
0 0.82258771875 0.67730263125 0.826864034375 0.6743695171875 0.8224963453124999 0.6592653515625 0.8179276312500001 0.6623355265625 0.82258771875 0.67730263125
0 0.8066337718750001 0.6565789468750001 0.8108187140625001 0.6537828953125 0.8064875734375001 0.6384594296875 0.8020102343750001 0.6408442984375 0.8066337718750001 0.6565789468750001
0 0.7986659359375 0.6283991234374999 0.8029057015625 0.6260416671875 0.7985197375 0.6103070171875 0.794115496875 0.6125822375000001 0.7986659359375 0.6283991234374999
0 0.7909722218749999 0.603453946875 0.7955226609375 0.600438596875 0.7906981 0.5842105265625 0.7858187140624999 0.5877192984375 0.7909722218749999 0.603453946875
0 0.7984100875 0.5879934203125 0.80232090625 0.5854166671875001 0.798135965625 0.5720668859375 0.79378655 0.5745614031249999 0.7984100875 0.5879934203125
1 0.7843567250000001 0.5802083328125 0.788706140625 0.57727521875 0.7834429828125 0.5608278515625 0.7791666671875 0.563760965625 0.7843567250000001 0.5802083328125
0 0.7768092109375 0.5560307015625 0.7806834796875 0.5530427625 0.7756030703125 0.5380208328125 0.7717288015625 0.5408717109375 0.7768092109375 0.5560307015625
0 0.0391995609375 0.53977521875 0.044170321875 0.5393640343749999 0.0436659359375 0.5256441890625 0.039007675000000006 0.5259594296875 0.0391995609375 0.53977521875
1 0.028991228125 0.5411403515625001 0.0228070171875 0.537554825 0.015652412499999997 0.5595559203125 0.0219042390625 0.56381853125 0.028991228125 0.5411403515625001
0 0.0431103796875 0.5563596484375 0.046893275 0.5547149124999999 0.04462719375 0.5408442984375 0.0407565796875 0.5428947375 0.0431103796875 0.5563596484375
0 0.0381030703125 0.5606907890625 0.0426224421875 0.5585690796875 0.03981176875 0.541422696875 0.0352887421875 0.543448465625 0.0381030703125 0.5606907890625
0 0.026260965625 0.55227521875 0.030043859375 0.5555921046875001 0.0342269734375 0.541973684375 0.030550073437500002 0.53913103125 0.026260965625 0.55227521875
0 0.029373171875 0.560367325 0.026796418750000002 0.5561732453125 0.019444443750000002 0.5670230265625 0.022112573437499998 0.57113486875 0.029373171875 0.560367325
0 0.0180738296875 0.553070175 0.0205592109375 0.547313596875 0.012810671874999999 0.5397478062500001 0.0103801171875 0.5453125 0.0180738296875 0.553070175
0 0.020760234375 0.542516446875 0.021966375 0.5373629390625 0.0143274859375 0.5334703953125 0.0131560671875 0.53853344375 0.020760234375 0.542516446875
0 0.01899305625 0.53302905625 0.019426170312499998 0.5276315796875 0.0104952484375 0.525627740625 0.010056651562500001 0.5310553734375 0.01899305625 0.53302905625
0 0.013742690625000002 0.515797696875 0.013040935937500001 0.522047696875 0.021593567187500003 0.5249753296875 0.022273392187499998 0.5188240125 0.013742690625000002 0.515797696875
0 0.022264254687500002 0.5193996703125 0.021564328125 0.5254934203125 0.0305756578125 0.5285115125 0.03125 0.5221217109375 0.022264254687500002 0.5193996703125
0 0.02243969375 0.519133771875 0.0240497078125 0.51318530625 0.015606724999999998 0.50858004375 0.0141264625 0.514391446875 0.02243969375 0.519133771875
0 0.03325840625 0.5188432015625 0.0334064328125 0.512938596875 0.0245778515625 0.5122368421875 0.024285453125000002 0.5180482453125 0.03325840625 0.5188432015625
0 0.033293128125 0.5118558109375 0.0333881578125 0.5060032890625 0.023929093749999998 0.505836075 0.023848684375000002 0.5118695171875001 0.033293128125 0.5118558109375
0 0.0306030703125 0.5043393640625 0.0306469296875 0.49854714843750003 0.020953946875 0.49838541718749996 0.020778509375 0.5039446265625 0.0306030703125 0.5043393640625
0 0.035581140625 0.5005482453125001 0.038304093750000004 0.4955592109375 0.030082237499999998 0.48651315781250004 0.027278875 0.49174342031249996 0.035581140625 0.5005482453125001
0 0.034429825 0.48050986875 0.031907895312500004 0.48577302656250004 0.039382309375 0.4949917765625 0.0423976609375 0.489418859375 0.034429825 0.48050986875
0 0.035765715625 0.47568530625000005 0.034466375 0.48133223750000004 0.0432383046875 0.48522478125 0.044406067187499995 0.479073465625 0.035765715625 0.47568530625000005
0 0.028581871874999998 0.46650219374999996 0.027521929687500002 0.4719572375 0.035926534375 0.47623081093749997 0.03706323125 0.47060307031250004 0.028581871874999998 0.46650219374999996
0 0.038011695312499996 0.4692434203125 0.037554825 0.47491776249999995 0.044490131249999995 0.4764007671875 0.0450201015625 0.47083059218749995 0.038011695312499996 0.4692434203125
1 0.0669956140625 0.1923519734375 0.06580774843750001 0.20054824531249998 0.0791027046875 0.202713815625 0.080043859375 0.19443530625 0.0669956140625 0.1923519734375
0 0.0532711984375 0.26282894687499997 0.056578946875 0.259703946875 0.052010234375 0.24830043906250002 0.048866959375000005 0.2516447375 0.0532711984375 0.26282894687499997
0 0.1317379390625 0.4219024125 0.1316831140625 0.42749451718750003 0.139303728125 0.42782346562500007 0.1394133765625 0.42217653437499997 0.1317379390625 0.4219024125
1 0.10676169531249999 0.45128837656250004 0.10670687187500001 0.4438322375 0.09380482500000001 0.444216009375 0.0938596484375 0.4515625 0.10676169531249999 0.45128837656250004
0 0.11325109687499998 0.5798492328125 0.1165679828125 0.5797642546875 0.11646564374999999 0.5657894734375 0.1130793125 0.5659512062500001 0.11325109687499998 0.5798492328125
0 0.09950475156250001 0.6556167765625001 0.10387426875000001 0.6552083328125 0.1033442984375 0.6415570171875 0.099073465625 0.64196271875 0.09950475156250001 0.6556167765625001
0 0.165535453125 0.777612390625 0.16148391875 0.777373903125 0.1606103796875 0.7937006578125 0.164740496875 0.7940570171875 0.165535453125 0.777612390625
0 0.0314144734375 0.798251096875 0.0290387421875 0.802796053125 0.0359667390625 0.811864034375 0.038311403125 0.807190240625 0.0314144734375 0.798251096875
0 0.058388157812499994 0.8430921046875 0.0618603796875 0.846436403125 0.066100146875 0.8341831140625 0.0625 0.8310307015625 0.058388157812499994 0.8430921046875
0 0.1334100875 0.8914857453125 0.13260233906250002 0.8972039468749999 0.1400036546875 0.89925986875 0.140553728125 0.8933908984375 0.1334100875 0.8914857453125
0 0.14835891875 0.9198382671875001 0.15237573124999998 0.9185032890624999 0.15038194375 0.906321271875 0.1462902046875 0.9078399125000001 0.14835891875 0.9198382671875001
0 0.155484284375 0.924717653125 0.16014254375 0.9251918859374999 0.1608863296875 0.9095093203125 0.1562902046875 0.9091995609374999 0.155484284375 0.924717653125
1 0.13354714843749999 0.9080208328125 0.12891264687499998 0.906233553125 0.1266282890625 0.9164117328125 0.1313961984375 0.9186951750000001 0.13354714843749999 0.9080208328125
1 0.3486293859375 0.67035361875 0.3431286546875 0.6708881578125 0.3450932015625 0.6943695171875001 0.35045687187499996 0.69375 0.3486293859375 0.67035361875
0 0.355751096875 0.705112390625 0.35498355312499996 0.6988294953125 0.34443530624999996 0.7018229171875 0.3451370609375 0.7081716015625 0.355751096875 0.705112390625
0 0.3564144734375 0.7123355265625 0.3560489765625 0.7068530703125 0.34762426875 0.7084429828125 0.348081140625 0.7142543859375 0.3564144734375 0.7123355265625
0 0.35658077499999996 0.718963815625 0.35620248593750004 0.713278509375 0.34767909375 0.7155427624999999 0.3482090640625 0.7212445171875 0.35658077499999996 0.718963815625
0 0.42725328906250004 0.5119901312499999 0.4302631578125 0.5118695171875001 0.4298976609375 0.501233553125 0.42692251406250004 0.5014391453125 0.42725328906250004 0.5119901312499999
0 0.0612262421875 0.7647532890625001 0.058181651562500006 0.7619216015625 0.054367690625 0.7717105265625 0.0576206140625 0.7743969296875 0.0612262421875 0.7647532890625001
0 0.07099780624999999 0.6091557015625 0.075475146875 0.6088267546874999 0.075429459375 0.5945668859375 0.07119882968749999 0.5947094296875 0.07099780624999999 0.6091557015625
0 0.3044407890625 0.181661184375 0.301937134375 0.1864309203125 0.3086860375 0.1941419953125 0.311257309375 0.1893092109375 0.3044407890625 0.181661184375
1 0.8060489765625001 0.6218201750000001 0.811293859375 0.618448465625 0.8044773390625 0.5950657890625 0.7994152046874999 0.598135965625 0.8060489765625001 0.6218201750000001
1 0.8151498531250001 0.6517817984375001 0.8203399125 0.648081140625 0.8136695906250001 0.6252192984375 0.8083333328125001 0.6290296046875 0.8151498531250001 0.6517817984375001
0 0.91805555625 0.9200657890624999 0.9190423984375 0.9264254390625 0.9297149125 0.923026315625 0.9287280703125 0.9165021937500001 0.91805555625 0.9200657890624999
1 0.6775219296875 0.24523026250000002 0.67578581875 0.246518640625 0.6779861109375 0.2534429828125 0.67962719375 0.2520504390625 0.6775219296875 0.24523026250000002
1 0.7111476609375 0.64141995625 0.7095029234375 0.6364583328125 0.7025091375 0.64109375 0.7041191515625 0.6461567984375 0.7111476609375 0.64141995625
1 0.7078399125 0.6227796046875 0.7043019 0.624120065625 0.7063139625 0.6353591015625 0.7099378656249999 0.633780153125 0.7078399125 0.6227796046875