0 0.793293128125 0.6364583328125 0.78985745625 0.631661184375 0.7843439328125 0.6424808109375 0.7877558484375 0.6470942984375 0.793293128125 0.6364583328125
0 0.8267543859375 0.5248629390625 0.8306834796875 0.5273300437499999 0.8349780703125 0.513706140625 0.8309941515625001 0.5110745609375 0.8267543859375 0.5248629390625
1 0.9259502921875 0.26721491249999996 0.9304130109375001 0.270836075 0.9360197375 0.25515350937500003 0.9314144734375001 0.251507675 0.9259502921875 0.26721491249999996
0 0.934375 0.26178728125 0.9381396203125 0.265268640625 0.9431505843749999 0.253325109375 0.9394554093749999 0.2498081140625 0.934375 0.26178728125
0 0.9350146203125 0.24421600937500001 0.9390899125000001 0.24731359687499999 0.9440789468749999 0.2344024125 0.9401498531250001 0.2311677625 0.9350146203125 0.24421600937500001
0 0.9421600874999999 0.240570175 0.9465460531250001 0.24333881562499998 0.9498903515625001 0.23040021875 0.9455043859375 0.22809758750000003 0.9421600874999999 0.240570175
0 0.953179825 0.20742872812500002 0.9566301171875 0.21105537343749997 0.9619334796875 0.1990679828125 0.9588267546875 0.1953947375 0.953179825 0.20742872812500002
0 0.40963084843750003 0.501137609375 0.4051900578125 0.4998355265625 0.40286915156249997 0.5157620609375 0.4072551171875 0.5173245609375 0.40963084843750003 0.501137609375
0 0.5165935671875 0.87266995625 0.5118421046875 0.8711348687499999 0.5086440062500001 0.8889802625 0.51334064375 0.8908717109375001 0.5165935671875 0.87266995625
1 0.9690606718750001 0.23404605312500001 0.9711257312500001 0.2276315796875 0.958150584375 0.21770833281250002 0.9561038015625 0.22428728125 0.9690606718750001 0.23404605312500001
1 0.959009503125 0.1952028515625 0.9627923984375 0.19917763125000001 0.9690058484374999 0.1826754390625 0.9653326015625 0.179385965625 0.959009503125 0.1952028515625
1 0.9188048249999999 0.284429825 0.923739034375 0.2888157890625 0.9303362578125001 0.27110745625 0.9255299703125001 0.26705043906250003 0.9188048249999999 0.284429825
0 0.49683845 0.6514802625 0.5013157890625 0.6529057015624999 0.5042891078125 0.635641446875 0.4997258765625 0.6341831140624999 0.49683845 0.6514802625
1 0.89760599375 0.3473958328125 0.8912280703125001 0.34290021875 0.8861111109375001 0.3598684203125 0.8925804093749999 0.3645559203125 0.89760599375 0.3473958328125
0 0.5172880109375 0.9670778515625 0.5222002921875 0.9683744515624999 0.52472405 0.951123903125 0.5197733921875 0.949643640625 0.5172880109375 0.9670778515625
0 0.5357383046875 0.8408580046875 0.5405317984375 0.8423903515625 0.54303728125 0.8257291671875 0.5381761703125 0.8240405703125001 0.5357383046875 0.8408580046875
0 0.8587171046875 0.27996162343750003 0.8596673984375001 0.2740679828125 0.850526315625 0.269533990625 0.8495065796875 0.2756304828125 0.8587171046875 0.27996162343750003
0 0.863578215625 0.27724780625 0.8613998531249999 0.28228892499999997 0.8703399125000001 0.2904331140625 0.8722039468749999 0.285635965625 0.863578215625 0.27724780625
1 0.8408442984375 0.265268640625 0.8391995609375 0.2638980265625 0.8368421046875 0.26968201718749996 0.8385233921875 0.27099780625 0.8408442984375 0.265268640625
1 0.6063779234375 0.0861293859375 0.60551900625 0.08588267499999999 0.604616228125 0.0904331140625 0.6056652046875 0.09070723750000001 0.6063779234375 0.0861293859375
1 0.5834338453125001 0.2539254390625 0.584685671875 0.254207784375 0.5851059937499999 0.24978070156249998 0.5838998531249999 0.24953399062499998 0.5834338453125001 0.2539254390625
1 0.57894736875 0.24602521875 0.57739400625 0.2458881578125 0.577132675 0.2504906796875 0.5787646203125 0.25071271875 0.57894736875 0.24602521875
1 0.5151096484375 0.66970120625 0.51753655 0.671008771875 0.51949926875 0.66318530625 0.5171600875 0.6618421046875 0.5151096484375 0.66970120625
0 0.5669407890625 0.194216009375 0.5658625734375 0.199698465625 0.5748026312500001 0.20360745625 0.5757675437499999 0.198108553125 0.5669407890625 0.194216009375
1 0.6745266812499999 0.15226699531250001 0.6756761703125 0.15310307031249998 0.677686403125 0.1475383765625 0.6765661546875 0.14670230312500002 0.6745266812499999 0.15226699531250001
1 0.976275584375 0.16790844375 0.9720577484374999 0.164117325 0.9647386703124999 0.17981633749999998 0.9690423984375001 0.1837116234375 0.976275584375 0.16790844375
1 0.91058845 0.330466009375 0.9047222218750001 0.330126096875 0.9040570171875 0.34915021875 0.9099963453125 0.3493695171875 0.91058845 0.330466009375
1 0.683972953125 0.014528509375000002 0.68349780625 0.018804825 0.6889619890625001 0.019956140625 0.689418859375 0.015899123437500003 0.683972953125 0.014528509375000002
1 0.4279788015625 0.55084978125 0.4330043859375 0.5559758765625 0.444992690625 0.53125 0.43980263124999996 0.526233553125 0.4279788015625 0.55084978125
1 0.5894736843749999 0.8243832234375 0.594919590625 0.8256030703125001 0.5971673984375 0.8017269734375001 0.5917470765624999 0.8007483546874999 0.5894736843749999 0.8243832234375
1 0.5261403515625 0.9042105265625 0.53326754375 0.9066447375 0.541578946875 0.851546053125 0.53480263125 0.8491118421875001 0.5261403515625 0.9042105265625
0 0.1587116234375 0.46277412343749996 0.1569389625 0.4674616234375 0.1652174703125 0.47469846562500007 0.1671728796875 0.46976425468749994 0.1587116234375 0.46277412343749996
1 0.6271564328125 0.030783990625 0.6220029234375 0.030043859375 0.61948099375 0.059786184374999995 0.6248172515625 0.06069078906249999 0.6271564328125 0.030783990625
0 0.54921418125 0.8146929828125 0.55416849375 0.81615405625 0.5563231 0.8002192984375001 0.5514254390625 0.798876096875 0.54921418125 0.8146929828125
0 0.55087719375 0.747176534375 0.55553728125 0.748821271875 0.5578581875 0.7346491234375 0.5533625734375 0.7330592109375 0.55087719375 0.747176534375
0 0.5620065796875 0.67425986875 0.565953946875 0.67584978125 0.56803728125 0.6638157890625 0.5641995609375 0.6623903515625 0.5620065796875 0.67425986875
0 0.636642909375 0.153807565625 0.6412280703125 0.1551809203125 0.6436403515625 0.13911732500000001 0.6390716375000001 0.1375822375 0.636642909375 0.153807565625
0 0.543384503125 0.69931469375 0.5391630109375 0.697998903125 0.53678728125 0.713623903125 0.540953946875 0.7150767546875 0.543384503125 0.69931469375
0 0.39751827500000003 0.80662280625 0.39763340625 0.8132730265625 0.40854714843749995 0.8133305921874999 0.408812134375 0.8067927625 0.39751827500000003 0.80662280625
0 0.516794590625 0.631578946875 0.5179824562500001 0.6253837718749999 0.5075109656250001 0.6209703953125 0.50625 0.6270833328125 0.516794590625 0.631578946875
0 0.4533442984375 0.581578946875 0.4521198828125 0.5876096484375 0.46271929843750004 0.5921052625 0.4638523390625 0.5860471484375 0.4533442984375 0.581578946875
0 0.43662280625000005 0.593695175 0.44064327499999995 0.592653509375 0.438287646875 0.576864034375 0.43441155 0.5781524124999999 0.43662280625000005 0.593695175
0 0.41262061406250006 0.5540734656249999 0.41094663750000004 0.5600054828125 0.42174707656250005 0.5658717109375 0.4232090640625 0.5598958328125 0.41262061406250006 0.5540734656249999
0 0.4139894 0.5465734656250001 0.4125731 0.55235745625 0.4224963453125 0.557456140625 0.4238322375 0.5515076750000001 0.4139894 0.5465734656250001
0 0.4358991234375 0.523223684375 0.43997807031249997 0.525625 0.44357456093750003 0.512171053125 0.4397368421875 0.509901315625 0.4358991234375 0.523223684375
0 0.45020102343749996 0.5261513156250001 0.44910453281249996 0.53207236875 0.460241228125 0.5361842109375 0.46116228125000003 0.5301315796875 0.45020102343749996 0.5261513156250001
0 0.41332236875 0.514446271875 0.41785453281249996 0.51647478125 0.42121710468750007 0.5007401312499999 0.416703215625 0.49860197343749996 0.41332236875 0.514446271875
0 0.41734283593750005 0.51787280625 0.41326754374999997 0.5165570171875 0.41132858125 0.5298519734375 0.41546052656250004 0.5309210531249999 0.41734283593750005 0.51787280625
0 0.406652046875 0.47532894687500005 0.40759685625 0.46980263125 0.39892178437500003 0.46650219374999996 0.3978618421875 0.472203946875 0.406652046875 0.47532894687500005
0 0.15756578906250002 0.5578399125 0.1595942984375 0.5515899125 0.14963450312499998 0.5442708328125 0.1475511703125 0.5502192984375001 0.15756578906250002 0.5578399125
0 0.0079861109375 0.6839364031249999 0.0108187140625 0.68837719375 0.0171966375 0.6791118421875 0.014437134374999999 0.6750274125 0.0079861109375 0.6839364031249999
1 0.0388157890625 0.860526315625 0.04018823125 0.852176534375 0.02493055625 0.845792215625 0.0233004390625 0.8549342109375001 0.0388157890625 0.860526315625
0 0.016100146875 0.8421600874999999 0.0185489765625 0.8357730265625 0.007437865625 0.8264802625 0.005043859375 0.8327028515625001 0.016100146875 0.8421600874999999
1 0.06516995625000001 0.8665652406250001 0.0649524859375 0.8576425437499999 0.0486366953125 0.8576425437499999 0.048527046875 0.866891446875 0.06516995625000001 0.8665652406250001
1 0.42448099375000004 0.5524753296875 0.42285087656250003 0.5587856359375001 0.438274853125 0.5670285093749999 0.43971491250000005 0.5606606359375 0.42448099375000004 0.5524753296875
1 0.615716375 0.5120614031249999 0.6131030703125 0.5112116234374999 0.6117690062500001 0.5201206140625 0.614400584375 0.5209429828125 0.615716375 0.5120614031249999
1 0.5274671046875 0.5539830046875001 0.522658990625 0.5526343203125 0.51945358125 0.571578946875 0.5243896203125 0.5730208328125 0.5274671046875 0.5539830046875001
1 0.600411184375 0.8599588812500001 0.601991959375 0.8614309203125 0.6044481 0.8557017546875001 0.602810671875 0.854065240625 0.600411184375 0.8599588812500001
1 0.5544590640625 0.8799616234375 0.5560855265625 0.8802357453124999 0.5567799703125 0.873081140625 0.55522478125 0.872727521875 0.5544590640625 0.8799616234375
1 0.57183845 0.8266447375 0.571875 0.8240405703125001 0.56787280625 0.8239583328125001 0.56787280625 0.826507675 0.57183845 0.8266447375
1 0.5907858187499999 0.66302905625 0.5922514624999999 0.6639802625 0.5939692984375 0.65859375 0.5925292390625 0.6577987937499999 0.5907858187499999 0.66302905625
1 0.5582236843749999 0.73834978125 0.5598684203125 0.7388706140625 0.5608369890625 0.731578946875 0.5592635234375 0.7310910093749999 0.5582236843749999 0.73834978125
1 0.1396564328125 0.502686403125 0.1439692984375 0.5064692984375 0.15149305625 0.488209978125 0.14718201718749999 0.4840350875 0.1396564328125 0.502686403125
1 0.144937865625 0.5067982453125001 0.149910453125 0.5116995609375 0.157437865625 0.4924616234375 0.1521381578125 0.487883771875 0.144937865625 0.5067982453125001
0 0.1502631578125 0.587327303125 0.1542653515625 0.5837116234375 0.148536184375 0.5678865125 0.1443969296875 0.5712966015625 0.1502631578125 0.587327303125
0 0.15320358125 0.57063870625 0.1566081875 0.56759594375 0.1522295328125 0.5563870609375 0.14894736875 0.559344846875 0.15320358125 0.57063870625
1 0.0736293859375 0.300328946875 0.07267909375 0.3016721484375 0.0747807015625 0.3052357453125 0.07571271874999999 0.30391995625 0.0736293859375 0.300328946875
1 0.5431103796875 0.3696820171875 0.544919590625 0.36803728125 0.5425237578125001 0.3622944078125 0.5406981 0.3638706140625 0.5431103796875 0.3696820171875
1 0.575025584375 0.25829495625 0.5759685671875 0.2587719296875 0.5768274859375 0.25545504375 0.57584064375 0.2548793859375 0.575025584375 0.25829495625
1 0.5775767546874999 0.2412828953125 0.575769371875 0.2412280703125 0.5756103796875001 0.24525219374999999 0.577474415625 0.24530153437500002 0.5775767546874999 0.2412828953125
1 0.49292763125 0.8373903515625001 0.49108187187499996 0.8373355265625 0.49084978125 0.8424616234375 0.49270650624999995 0.8425191890624999 0.49292763125 0.8373903515625001
1 0.5167635234375 0.4767242328125 0.5182108921874999 0.4766447375 0.5181048984375 0.47036732499999995 0.5166575296875 0.470526315625 0.5167635234375 0.4767242328125
1 0.5192434203125 0.4376096484375 0.5177357453125 0.43695175468749997 0.5165990500000001 0.441831140625 0.5180829671875 0.4426370609375 0.5192434203125 0.4376096484375
1 0.51757858125 0.4311732453125 0.515990496875 0.4317434203125 0.5166940796875 0.437143640625 0.5182730265625 0.43662280625000005 0.51757858125 0.4311732453125
1 0.5420942984375 0.5084457234374999 0.5406560671875 0.5079358546875 0.540010965625 0.5116282890625 0.541412646875 0.512198465625 0.5420942984375 0.5084457234374999
1 0.5162956875 0.6375904609374999 0.515992325 0.6409457234375 0.5197916671875 0.641748903125 0.5201206140625 0.63837719375 0.5162956875 0.6375904609374999
1 0.5097185671875 0.688040021875 0.51131030625 0.688040021875 0.511312134375 0.6813870609375 0.5096418125 0.6814446265625 0.5097185671875 0.688040021875
1 0.5088450296875 0.7107456140624999 0.5106725140624999 0.7110197375 0.5109466375 0.7045778515625 0.5091557015625 0.704303728125 0.5088450296875 0.7107456140624999
1 0.53586805625 0.6111732453125 0.5368421046875 0.6091282890625 0.5330957609375 0.6052083328125 0.5321107453125 0.607288925 0.53586805625 0.6111732453125
1 0.53883771875 0.605301534375 0.5395321640625 0.6030729171875 0.535741959375 0.5999945171875 0.53507858125 0.6023163375 0.53883771875 0.605301534375
1 0.5343201750000001 0.5177357453125 0.5360690796875 0.5166036187499999 0.53394736875 0.5094983546875 0.532203946875 0.510635965625 0.5343201750000001 0.5177357453125
1 0.6161366953125 0.05042763125000001 0.616100146875 0.0478344296875 0.6125676171875 0.047774123437499996 0.6124725875 0.05042763125000001 0.6161366953125 0.05042763125000001
1 0.6553453953124999 0.010764803125 0.6567982453125001 0.010827851562500001 0.6569170328125 0.0061321265625000005 0.6554093562500001 0.0060581140625 0.6553453953124999 0.010764803125
1 0.6152668125 0.136932565625 0.61332236875 0.1365953953125 0.6126096484375 0.1432291671875 0.6146217109375 0.143695175 0.6152668125 0.136932565625
1 0.5848062859375001 0.4140707234375 0.5829678359375 0.4134594296875 0.58203581875 0.42014802656250005 0.5838815796875 0.42072368437499996 0.5848062859375001 0.4140707234375
1 0.5352887421875 0.7107182015625 0.53362573125 0.7107182015625 0.5334649125 0.717497259375 0.5351754390625 0.717497259375 0.5352887421875 0.7107182015625
1 0.5289491953125001 0.713492325 0.5273574562500001 0.71326754375 0.5269407890625 0.7190131578125001 0.528609284375 0.719290021875 0.5289491953125001 0.713492325
1 0.5282638890625 0.9111677625000001 0.5297331875 0.9110197375 0.5294407890625 0.90548245625 0.5278691515625 0.905679825 0.5282638890625 0.9111677625000001
1 0.5629970765625 0.7058031796875001 0.5645138890625 0.7060855265625 0.5653088453125 0.6990953953125 0.563793859375 0.698752740625 0.5629970765625 0.7058031796875001
1 0.5657711984375 0.6849232453125 0.5672459796875 0.6856167765625 0.568572734375 0.6791365125 0.5670942984375 0.6785115125 0.5657711984375 0.6849232453125
1 0.569216009375 0.664586075 0.5709612578125001 0.6651041671875 0.571982821875 0.6579934203125 0.570277778125 0.6574232453125 0.569216009375 0.664586075
1 0.63034905 0.24683662343749999 0.6318969296875 0.24730811406250003 0.6328125 0.24129385937499997 0.6312024859375 0.24077302656250002 0.63034905 0.24683662343749999
1 0.6794225140625 0.0004934203125 0.679115496875 0.0027741234375 0.68301900625 0.0036266453125000002 0.6832456140625001 0.0014089906249999998 0.6794225140625 0.0004934203125
1 0.6787280703125 0.0040296046875 0.678472221875 0.0067982453124999995 0.6826388890625 0.0073190796875000005 0.6828947375000001 0.0046052625 0.6787280703125 0.0040296046875
1 0.5884740500000001 0.686389803125 0.5899872078125 0.686389803125 0.5902138156250001 0.6817297156250001 0.5887024859375 0.6817297156250001 0.5884740500000001 0.686389803125
1 0.5733004390625001 0.8186677625 0.573609284375 0.8164117328125 0.5698355265624999 0.8153892546874999 0.56956323125 0.8175712718750001 0.5733004390625001 0.8186677625
1 0.5623958328125 0.838922696875 0.5605317984375 0.8385800437500001 0.559758771875 0.84553728125 0.5616593562500001 0.8458881578125 0.5623958328125 0.838922696875
1 0.6038285812499999 0.8606743421875 0.60443530625 0.8631743421875001 0.60860745625 0.8610745609375 0.6081871343749999 0.8583991234375 0.6038285812499999 0.8606743421875
1 0.66631944375 0.181661184375 0.666767178125 0.1832757671875 0.66944444375 0.1818804828125 0.669078946875 0.1803453953125 0.66631944375 0.181661184375
1 0.664846490625 0.1790707234375 0.6646564328125 0.1811677625 0.668421053125 0.181551534375 0.6685873531250001 0.179616228125 0.664846490625 0.1790707234375
1 0.662079678125 0.1817708328125 0.6618786546875 0.184073465625 0.6669170328125 0.184915021875 0.6670760234374999 0.182711075 0.662079678125 0.1817708328125
1 0.676224415625 0.0182291671875 0.676703215625 0.0213870609375 0.682662646875 0.01824013125 0.682185671875 0.015167215625 0.676224415625 0.0182291671875
1 0.676864034375 0.0103892546875 0.676840278125 0.014794407812499999 0.6822733921874999 0.014555920312500002 0.682364765625 0.0103344296875 0.676864034375 0.0103892546875
1 0.67759685625 0.0242516453125 0.67733918125 0.02743969375 0.681615496875 0.028125 0.681900584375 0.02509594375 0.67759685625 0.0242516453125
1 0.677322734375 0.029958881250000003 0.6771564328124999 0.0321820171875 0.681624634375 0.03285361875 0.6818183484375 0.030660635937500003 0.677322734375 0.029958881250000003
1 0.68675073125 0.054166667187499996 0.688216375 0.054476424999999995 0.688706140625 0.049561403125 0.68722405 0.049353070312500004 0.68675073125 0.054166667187499996
1 0.6749067984375 0.06259046093750001 0.674634503125 0.06483004375 0.6788450296875 0.0657182015625 0.6790771203125 0.06353344375 0.6749067984375 0.06259046093750001
1 0.6759320171875001 0.06833881562500001 0.67573099375 0.070723684375 0.6802357453125001 0.071776315625 0.68053728125 0.06943530625 0.6759320171875001 0.06833881562500001
1 0.6752704671875 0.07167763125 0.6747404968749999 0.0735142546875 0.678812134375 0.07574835468749999 0.679239765625 0.073848684375 0.6752704671875 0.07167763125
1 0.670990496875 0.109860196875 0.6690040203125001 0.1095641453125 0.6682090640625 0.1172094296875 0.6701937140625 0.11757127187500001 0.670990496875 0.109860196875
1 0.75861659375 0.23443530625000003 0.7596125734375 0.23163377187499998 0.7554221484375 0.2285005484375 0.7544700296875 0.23136239062500003 0.75861659375 0.23443530625000003
1 0.7938961984375 0.2531578953125 0.7933114031249999 0.255811403125 0.7966831140624999 0.2574616234375 0.7972587718749999 0.2546875 0.7938961984375 0.2531578953125
1 0.8885416671874999 0.32149122812500003 0.8889802625 0.318338815625 0.8851242687499999 0.3174342109375 0.8847587718750001 0.3204221484375 0.8885416671874999 0.32149122812500003
1 0.6681122078125 0.1475794953125 0.669188596875 0.14895833281249998 0.6718530703125001 0.144147478125 0.670769371875 0.142711075 0.6681122078125 0.1475794953125
1 0.677231359375 0.1543996703125 0.6783808484375 0.1552357453125 0.68039108125 0.149671053125 0.6792708328125 0.148834978125 0.677231359375 0.1543996703125
1 0.6793019 0.1553755484375 0.68044590625 0.1563020828125 0.6825493421875 0.151663925 0.68137426875 0.15050438593749998 0.6793019 0.1553755484375
1 0.6811567984375 0.15722861875 0.6827960531249999 0.157971490625 0.6844645468749999 0.15157346562500001 0.6827960531249999 0.1506907890625 0.6811567984375 0.15722861875
1 0.6662975140625 0.176219846875 0.6663011703125 0.1782346484375 0.67071271875 0.178780153125 0.670778509375 0.176507675 0.6662975140625 0.176219846875
1 0.6721966375 0.176776315625 0.672383040625 0.17889254375000002 0.6766447375 0.1779331140625 0.6763888890625 0.17587719375 0.6721966375 0.176776315625
1 0.6998099421874999 0.1680043859375 0.7013340640625 0.16855811406250001 0.7025657890625 0.16209155625 0.70109831875 0.1615131578125 0.6998099421874999 0.1680043859375
1 0.70318530625 0.17040021875 0.7048793859375 0.17116228125 0.706268275 0.1645559203125 0.70462719375 0.163752740625 0.70318530625 0.17040021875
1 0.7063541671875 0.17124999999999999 0.70802814375 0.17167489062500002 0.7086202484374999 0.166148575 0.7069462718749999 0.1657620609375 0.7063541671875 0.17124999999999999
1 0.70920504375 0.17290844375 0.7108369890625 0.1732428734375 0.7115058484375 0.168125 0.7099049703125 0.1677905703125 0.70920504375 0.17290844375
1 0.711578946875 0.17163103125 0.7129934203125 0.171929825 0.7134703953125 0.1670120609375 0.7121363296875 0.16662280625 0.711578946875 0.17163103125
1 0.8074342109374999 0.2605509875 0.8078764625 0.25764802656249997 0.8037646203125 0.25622258750000004 0.8033625734375001 0.2592105265625 0.8074342109374999 0.2605509875
1 0.89324013125 0.3320942984375 0.8948410093750001 0.3332154609375 0.89618055625 0.3295230265625 0.8945741953124999 0.328407346875 0.89324013125 0.3320942984375
1 0.8744883046874999 0.30893640312500004 0.8736440062499999 0.3109375 0.877205775 0.3136595390625 0.87805555625 0.31160361875000003 0.8744883046874999 0.30893640312500004
1 0.8773044593750001 0.2918119515625 0.8771966375 0.2941365125 0.8817379390625 0.29477796093749997 0.8818439328125001 0.292373903125 0.8773044593750001 0.2918119515625
1 0.889694809375 0.3213569078125 0.8890259500000001 0.3233607453125 0.8920687140625001 0.325139803125 0.8927448828125 0.3231907890625 0.889694809375 0.3213569078125
1 0.8974780703125 0.3232730265625 0.8987024859374999 0.3243969296875 0.9004130109374999 0.3204029609375 0.8991849421874999 0.31936129375 0.8974780703125 0.3232730265625
1 0.8770906437500001 0.30135964843749996 0.87722405 0.30316337656250003 0.8810069437499999 0.30269736875 0.8808735375 0.300893640625 0.8770906437500001 0.30135964843749996
1 0.8962719296874999 0.314364034375 0.8965003656249999 0.315825109375 0.900016446875 0.3145559203125 0.8997934937500001 0.312952303125 0.8962719296874999 0.314364034375
1 0.49320723749999995 0.8662006578125 0.48952119843749997 0.8645175437500001 0.48722405 0.87477521875 0.490972221875 0.8764528515625001 0.49320723749999995 0.8662006578125
1 0.5104239765624999 0.48499177656250003 0.51025219375 0.48961074531250004 0.5170120609375 0.48986567968749994 0.5170120609375 0.4852604171875 0.5104239765624999 0.48499177656250003
1 0.5142543859375001 0.47891995625000006 0.5134502921874999 0.48393640312499997 0.5203033625 0.48645833281249995 0.52114400625 0.48144188593750004 0.5142543859375001 0.47891995625000006
1 0.50308845 0.7219572375000001 0.5060307015625 0.7231633765625001 0.5075840640625 0.714364034375 0.5046472953125 0.713209978125 0.50308845 0.7219572375000001
1 0.5097222218749999 0.9119243421875 0.506725146875 0.9111293859374999 0.505392909375 0.921195175 0.508421053125 0.9221957234374999 0.5097222218749999 0.9119243421875
1 0.6095577484375 0.3649671046875 0.61334064375 0.365679825 0.614680190625 0.353577303125 0.6108369890625001 0.35285087656249997 0.6095577484375 0.3649671046875
1 0.4695577484375 0.5745312499999999 0.47483552656250005 0.5779331140624999 0.48269371406249995 0.5484100875 0.47756030625 0.545200109375 0.4695577484375 0.5745312499999999
0 0.3825456875 0.54740405625 0.381670321875 0.5526315796875 0.38963998593750004 0.5563267546875 0.390625 0.551260965625 0.3825456875 0.54740405625
0 0.3845577484375 0.5396381578125 0.383260234375 0.545614034375 0.3941136703125 0.55100603125 0.3955409359375 0.544956140625 0.3845577484375 0.5396381578125
0 0.387194809375 0.5306167765625001 0.38572185625 0.5359375 0.39457236875 0.54133771875 0.3961988296875 0.5358552624999999 0.387194809375 0.5306167765625001
0 0.44883954687500005 0.23692982499999998 0.44769736875 0.24210526250000003 0.458114034375 0.24695723749999998 0.459161184375 0.241773575 0.44883954687500005 0.23692982499999998
1 0.148885234375 0.47064144687500004 0.14676535156249998 0.47700109687500003 0.1612372078125 0.487245065625 0.16347404999999998 0.4800822375 0.148885234375 0.47064144687500004
1 0.5614784359375 0.5813623906250001 0.554956140625 0.579358553125 0.546233553125 0.6336979171875 0.5525201015625 0.6360553734375001 0.5614784359375 0.5813623906250001
1 0.521820175 0.7307565796875 0.516739765625 0.7291091015625 0.5130847953125001 0.7533442984375001 0.5182200296875 0.7548245609374999 0.521820175 0.7307565796875
1 0.50635599375 0.8322066890625001 0.50073099375 0.8330043859374999 0.5014437140625 0.8584347593749999 0.5069444437499999 0.8580400218750001 0.50635599375 0.8322066890625001
1 0.5008607453125 0.8593366234375001 0.49529422500000003 0.8591748906250001 0.49415204687500003 0.893393640625 0.4996600875 0.8935526312500001 0.5008607453125 0.8593366234375001
1 0.6465588453125 0.1316666671875 0.6523574562500001 0.133168859375 0.6557255109375 0.10162828906250002 0.65 0.100383771875 0.6465588453125 0.1316666671875
1 0.6406652046875 0.1861869515625 0.6458516078125001 0.1872807015625 0.6483004390625 0.1662828953125 0.6431670328125 0.1651096484375 0.6406652046875 0.1861869515625
1 0.6318439328125 0.190211075 0.6373464906249999 0.1918503296875 0.640484284375 0.1652467109375 0.6350274125 0.163610196875 0.6318439328125 0.190211075
1 0.62239400625 0.26199013125000004 0.6275402046874999 0.2638980265625 0.63103435625 0.2405729171875 0.62575840625 0.2388678734375 0.62239400625 0.26199013125000004
1 0.6318256578125 0.2583059203125 0.637134503125 0.2595120609375 0.6400109656249999 0.23619517499999998 0.63485745625 0.23505756562500002 0.6318256578125 0.2583059203125
1 0.6282638890625 0.2813267546875 0.6336805562500001 0.2826480265625 0.6364491953125 0.26035361875 0.6309173984374999 0.259216009375 0.6282638890625 0.2813267546875
1 0.62476608125 0.30716831093749997 0.630116959375 0.3087719296875 0.633216375 0.28676260937500003 0.6279879390625001 0.2853399125 0.62476608125 0.30716831093749997
1 0.603453946875 0.3896107453125 0.6087536546875 0.3912006578125 0.6122679093750001 0.3677220390625 0.6067562140625 0.3660032890625 0.603453946875 0.3896107453125
0 0.6081158624999999 0.4148766453125 0.6122989765625 0.41639254374999995 0.6150274125 0.3989830046875 0.6107986109375 0.3976891453125 0.6081158624999999 0.4148766453125
1 0.5989601609374999 0.48218475937500005 0.604188596875 0.483889803125 0.6073720765624999 0.4606990125 0.602295321875 0.45927905625000004 0.5989601609374999 0.48218475937500005
1 0.5874616234375 0.4988569078125 0.5951553359374999 0.501395284375 0.60328581875 0.445655153125 0.5956469296875 0.4433607453125 0.5874616234375 0.4988569078125
1 0.5902905703125 0.5382428734375 0.595650584375 0.540296053125 0.5993841375 0.5168941890625 0.5942452484375 0.5151206140625 0.5902905703125 0.5382428734375
1 0.5786184203125 0.55866228125 0.584579678125 0.5605427625 0.5894261703125 0.5282264249999999 0.58366228125 0.526260965625 0.5786184203125 0.55866228125
1 0.571330409375 0.6679248906249999 0.5764053359375 0.6698081140625 0.580116959375 0.6486019734374999 0.5748172515625 0.6466557015625 0.571330409375 0.6679248906249999
1 0.5663432015625001 0.6955509875 0.57207236875 0.697924890625 0.575838815625 0.6753316890625001 0.570107821875 0.673040021875 0.5663432015625001 0.6955509875
1 0.5610727343749999 0.7355509875 0.566909721875 0.737924890625 0.5723684203125 0.7060855265625 0.5664199562500001 0.7037116234374999 0.5610727343749999 0.7355509875
1 0.5522642546875 0.79475603125 0.5583223687500001 0.7968009875 0.5634502921875 0.76438870625 0.5573391812499999 0.7625054828125 0.5522642546875 0.79475603125
1 0.52585891875 0.9634594296874999 0.532847221875 0.965778509375 0.5416739765624999 0.909887609375 0.5341191515625 0.907510965625 0.52585891875 0.9634594296874999
0 0.7641630109374999 0.229989034375 0.7624086250000001 0.23596491249999998 0.7720358187499999 0.24329495625000003 0.7737043124999999 0.23715734687499998 0.7641630109374999 0.229989034375
0 0.7953216375000001 0.2233552625 0.791794590625 0.22206688593749999 0.790052996875 0.23321271875 0.7935581140625 0.23463267499999998 0.7953216375000001 0.2233552625
0 0.7998519734375 0.2154358546875 0.7963267546874999 0.21538103125000002 0.79606176875 0.22782894687500002 0.7996235375 0.22794133749999998 0.7998519734375 0.2154358546875
0 0.8043494156250001 0.2180729171875 0.8005592109374999 0.2171655703125 0.7987408625 0.231091009375 0.8026133046874999 0.23218201718749998 0.8043494156250001 0.2180729171875
0 0.04290935625 0.903125 0.043821271875 0.8965296046875 0.0342288015625 0.8932017546875001 0.033187134374999996 0.8998903515625001 0.04290935625 0.903125
0 0.0278874265625 0.8315241234374999 0.02891081875 0.8252741234375 0.020303362499999998 0.821929825 0.019208698437499998 0.8283525218750001 0.0278874265625 0.8315241234374999
0 0 0.7184594296875 0.0072258765625 0.705836075 0.00349780625 0.701403509375 0 0.7079605265625 0 0.7184594296875
0 0.0934941515625 0.1259457234375 0.0947733921875 0.1205592109375 0.0866282890625 0.1159868421875 0.0851279234375 0.12144188593750001 0.0934941515625 0.1259457234375
0 0 0.7051754390625 0.0049798984375 0.6963623906249999 0.0014327484375 0.6919956140625 0 0.694561403125 0 0.7051754390625
0 0.1252010234375 0.5510416671875 0.129239765625 0.553481359375 0.1328399125 0.5419407890625 0.1288011703125 0.5393366234375 0.1252010234375 0.5510416671875
0 0.130221125 0.5267680921875 0.1266447375 0.5231085531249999 0.12008406406250001 0.536573465625 0.12355811406249999 0.5406469296874999 0.130221125 0.5267680921875
0 0.137847221875 0.5646107453125 0.141831140625 0.56792763125 0.14669225156250001 0.551864034375 0.142489034375 0.548821271875 0.137847221875 0.5646107453125
0 0.1576388890625 0.5466557015625 0.15972222187500001 0.5405153515625 0.14892909375000002 0.532286184375 0.1468841375 0.538196271875 0.1576388890625 0.5466557015625
0 0.1608918125 0.533908990625 0.1623355265625 0.527768640625 0.1524762421875 0.521735196875 0.1509612578125 0.5281030703125 0.1608918125 0.533908990625
0 0.1627192984375 0.5271929828124999 0.164382309375 0.52110745625 0.15429641875 0.515200109375 0.15263157968750002 0.521463815625 0.1627192984375 0.5271929828124999
0 0.109064328125 0.2489309203125 0.1127923984375 0.25394736875 0.119579678125 0.2418229171875 0.11578947343749998 0.23766447343750002 0.109064328125 0.2489309203125
0 0.148830409375 0.26705043906250003 0.151151315625 0.2615405703125 0.1432638890625 0.25425986875 0.140990496875 0.2596491234375 0.148830409375 0.26705043906250003
0 0.18892543906249998 0.18824013125 0.19305555624999998 0.1873903515625 0.1921911546875 0.1741913375 0.1881743421875 0.175043859375 0.18892543906249998 0.18824013125
0 0.2026754390625 0.164983553125 0.202704678125 0.1591008765625 0.193453946875 0.1591557015625 0.193384503125 0.165268640625 0.2026754390625 0.164983553125
0 0.20495248593749998 0.14701206093750002 0.2036184203125 0.1408168859375 0.1944572375 0.145594846875 0.19577850937500002 0.151973684375 0.20495248593749998 0.14701206093750002
0 0.5065040203125 0.179163925 0.510356359375 0.1807757671875 0.5132017546875 0.1668475875 0.5092507312500001 0.1652384875 0.5065040203125 0.179163925
0 0.5061586250000001 0.1684594296875 0.5020851609375 0.16694353125 0.4997807015625 0.18053728125 0.5040423984375 0.182102521875 0.5061586250000001 0.1684594296875
0 0.45939510156249996 0.242415021875 0.45849780625000003 0.247286184375 0.466045321875 0.250356359375 0.46692068750000004 0.245139803125 0.45939510156249996 0.242415021875
0 0.42885964843749996 0.467796053125 0.42870979531250003 0.46184210468750003 0.420811403125 0.4617105265625 0.4207456140625 0.46799342031249996 0.42885964843749996 0.467796053125
0 0.41996893281250003 0.4683991234375 0.41984100937499996 0.47415570156250003 0.4287043125 0.474320175 0.42885051093750004 0.4683168859375 0.41996893281250003 0.4683991234375
0 0.41232090625 0.4692516453125 0.416399853125 0.47043585468750004 0.418821271875 0.45492324531249995 0.414689328125 0.45381578906250003 0.41232090625 0.4692516453125
0 0.4091557015625 0.4654057015625 0.412920321875 0.46620065781250003 0.414375 0.4518832234375 0.41058479531250003 0.45129111875000005 0.4091557015625 0.4654057015625
0 0.39733187187499996 0.4731633765625 0.3963815796875 0.47900219374999997 0.40710891875 0.48300438593750006 0.4079678359375 0.4770559203125 0.39733187187499996 0.4731633765625
0 0.40539108125 0.4904879390625 0.40633406406250006 0.48475603125 0.397571271875 0.48167763125 0.3967288015625 0.487116228125 0.40539108125 0.4904879390625
0 0.39562317187499996 0.489533990625 0.39451754375000003 0.49490131562500006 0.40438596562500007 0.4996381578125 0.405570175 0.494032346875 0.39562317187499996 0.489533990625
0 0.4021308484375 0.5081195171874999 0.403757309375 0.502198465625 0.39378655 0.496436403125 0.3920687140625 0.5021381578125 0.4021308484375 0.5081195171874999
0 0.390668859375 0.5210197375 0.389528509375 0.5266173249999999 0.39915935625 0.53048245625 0.40029605312500005 0.524901315625 0.390668859375 0.5210197375
0 0.40346491249999994 0.51022478125 0.3998684203125 0.5078892546875 0.3955774859375 0.5221820171875 0.39948099375 0.5244846484375 0.40346491249999994 0.51022478125
0 0.4165917390625 0.49211896875 0.4157711984375 0.49775219374999996 0.42538194375 0.500723684375 0.426197003125 0.49507949531250006 0.4165917390625 0.49211896875
0 0.4170760234375 0.4840104171875 0.41593567187499997 0.49029605312499996 0.42639254375 0.49486567968750006 0.4276023390625 0.4885882671875 0.4170760234375 0.4840104171875
0 0.41465277812499995 0.5451041671875 0.4181469296875 0.5453125 0.41876827499999997 0.5334703953125 0.41539839218749997 0.5332291671875 0.41465277812499995 0.5451041671875
0 0.41875365468750003 0.5455317984375 0.42221856718749995 0.5465844296875 0.42441155 0.5350054828124999 0.420902778125 0.5337225875 0.41875365468750003 0.5455317984375
0 0.4556578953125 0.5214391453125 0.455438596875 0.5267598687499999 0.4630957609375 0.5276644734375 0.463278509375 0.52234375 0.4556578953125 0.5214391453125
0 0.454437134375 0.5138020828125 0.45409356718750005 0.520010965625 0.46432748593750006 0.5207757671875 0.46454678437499997 0.51459155625 0.454437134375 0.5138020828125
0 0.4415497078125 0.5248711625 0.44554093593750005 0.5260553734375 0.4472733921875 0.513325109375 0.44345760156249997 0.5122066890625 0.4415497078125 0.5248711625
0 0.428936403125 0.5378481359375 0.43251644687499996 0.5406524125 0.437043128125 0.5291118421875 0.43357090625000005 0.526233553125 0.428936403125 0.5378481359375
0 0.42483187187500004 0.5494928734375 0.4282529234375 0.5520586625 0.43196271875000003 0.5406907890625 0.4285690796875 0.538125 0.42483187187500004 0.5494928734375
0 0.431991959375 0.573125 0.4273866953125 0.5725740125 0.42630847968749996 0.5898245609375 0.4308607453125 0.5906140343749999 0.431991959375 0.573125
0 0.44394554062499997 0.5778919953125 0.4399707609375 0.5786403515625 0.4411549703125 0.59368146875 0.44489217812500004 0.5928919953125 0.44394554062499997 0.5778919953125
0 0.446233553125 0.595852521875 0.45004934218750003 0.595655153125 0.44994517500000003 0.579742325 0.44625365468749995 0.5799342109375 0.446233553125 0.595852521875
0 0.45318165156249995 0.589772478125 0.45218201718750006 0.5955345390625 0.4629970765625 0.5996408984375 0.463918128125 0.5941529609375 0.45318165156249995 0.589772478125
0 0.490632309375 0.5867379390624999 0.4896016078125 0.5933662281250001 0.5008406437499999 0.59769736875 0.501973684375 0.590882675 0.490632309375 0.5867379390624999
0 0.49384685624999997 0.5766913375 0.49290935625000004 0.5829495609374999 0.503927265625 0.5868667765625 0.50472405 0.5804413375 0.49384685624999997 0.5766913375
0 0.5109155703125 0.5548656796875 0.5069682015625 0.55368146875 0.504652778125 0.5700246703125 0.508706140625 0.571247259375 0.5109155703125 0.5548656796875
0 0.5159576015625 0.5953591015625 0.51974780625 0.597727521875 0.5230939328125 0.584320175 0.5193366234375 0.5821408984375 0.5159576015625 0.5953591015625
0 0.5131578953125 0.637415021875 0.513839546875 0.631820175 0.5056999265625 0.629229715625 0.5050621343749999 0.63508771875 0.5131578953125 0.637415021875
0 0.43383771875 0.79646655625 0.4327467109375 0.7898519734375 0.42124086250000004 0.7933991234375 0.42205957656250004 0.8002878296875 0.43383771875 0.79646655625
0 0.4483004390625 0.8084978062499999 0.4485562859375 0.8011513156250001 0.43636695937500003 0.799561403125 0.435793128125 0.8068393640625 0.4483004390625 0.8084978062499999
0 0.4441465640625 0.8008991234374999 0.4454166671875 0.7951754390625 0.4361111109375 0.7904879390625 0.43474963437499997 0.79646655625 0.4441465640625 0.8008991234374999
0 0.413168859375 0.8042351968749999 0.41226060000000003 0.7981524125 0.4008534359375 0.8010526312499999 0.4018019 0.8075328953125 0.413168859375 0.8042351968749999
0 0.6437353796874999 0.864418859375 0.64446271875 0.8577302625 0.6365990499999999 0.8563678734375 0.6359466375 0.8629111843749999 0.6437353796874999 0.864418859375
0 0.6577284359375 0.53650219375 0.6568439328125 0.5419490125 0.6646765343750001 0.5455016453125 0.66581323125 0.53991228125 0.6577284359375 0.53650219375
0 0.6540844296875 0.3863678734375 0.6542105265625 0.380635965625 0.6443347953125 0.37960526250000004 0.644097221875 0.38547149062499997 0.6540844296875 0.3863678734375
0 0.6861403515625 0.0749671046875 0.68568530625 0.08116502187499999 0.6932657156250001 0.08201754375 0.693492325 0.0760471484375 0.6861403515625 0.0749671046875
0 0.68678728125 0.067653509375 0.6861111109375 0.07428728125 0.6931652046875 0.076123903125 0.6936586250000001 0.069873903125 0.68678728125 0.067653509375
0 0.687189328125 0.06014254375 0.6865131578125 0.0665296046875 0.6943165203125 0.0688596484375 0.694956140625 0.062308114062499996 0.687189328125 0.06014254375
0 0.6732565796875 0.05396655625 0.6696564328125 0.053511512500000004 0.6687097953125 0.0647094296875 0.6722715640625 0.0652768640625 0.6732565796875 0.05396655625
0 0.6913888890625 0.045912829687500004 0.690953946875 0.051041667187499994 0.6983351609375 0.05211896875000001 0.6985252187500001 0.0467653515625 0.6913888890625 0.045912829687500004
0 0.6345595765625001 0.01894736875 0.6305573828125 0.0186458328125 0.6298629390625 0.030158990625 0.6337372078125 0.030625000000000003 0.6345595765625001 0.01894736875
0 0.615259503125 0.15474232500000001 0.6111567984375 0.15370888124999998 0.6095595765625 0.1670038375 0.6137591375 0.16804550468749999 0.615259503125 0.15474232500000001
0 0.6222350140625 0.1587719296875 0.6182419593749999 0.15765076718749998 0.6166447374999999 0.1703645828125 0.6206122078125 0.171252740625 0.6222350140625 0.1587719296875
0 0.5667269734375 0.4796134875 0.5624616234375 0.47845668906250005 0.5601114765624999 0.494684759375 0.56447185625 0.496077303125 0.5667269734375 0.4796134875
0 0.542249634375 0.6644627187500001 0.5379130109375 0.663270284375 0.53572185625 0.6793750000000001 0.5401736109375 0.68082236875 0.542249634375 0.6644627187500001
0 0.5332967843749999 0.76014254375 0.5289692984375 0.75894736875 0.5267434203125 0.7751315796875 0.5311019734375 0.7764720390625001 0.5332967843749999 0.76014254375
0 0.5229404234375 0.8137637062499999 0.5186750734375 0.8130208328125 0.5171290203125001 0.826702303125 0.5213633046874999 0.8276754390625 0.5229404234375 0.8137637062499999
0 0.5247880109375 1 0.526348684375 0.9917735750000001 0.522267909375 0.989827303125 0.5202192984375 1 0.5247880109375 1
0 0.5170942984375 1 0.5172606 0.9991200656249999 0.5123263890625 0.9970038375 0.511670321875 1 0.5170942984375 1
0 0.6500328953125 0 0.6495559203125 0.0040405703125 0.6538596484375 0.0047094296875 0.654285453125 0 0.6500328953125 0
0 0.6581652046875 0 0.65756944375 0.004597039062500001 0.6620577484375 0.005655153125 0.66272478125 0 0.6581652046875 0
0 0.6491483921875 0.021735196875 0.6539327484374999 0.0223492328125 0.6548245609375 0.007491776562499999 0.6500749265625 0.007157346875 0.6491483921875 0.021735196875
0 0.6562701015625 0.0220696265625 0.6608333328125 0.0228481359375 0.661873171875 0.006822917187499999 0.657198465625 0.006321271874999999 0.6562701015625 0.0220696265625
0 0.6478618421875 0.0380482453125 0.6519261703125 0.0385416671875 0.65277595 0.023936403125 0.6486842109375 0.0233552625 0.6478618421875 0.0380482453125
0 0.6561129390625 0.0402933109375 0.6596125734375 0.041036184375 0.660508040625 0.02883771875 0.6570102343750001 0.028237390624999997 0.6561129390625 0.0402933109375
0 0.65053728125 0.0969544953125 0.654989034375 0.0979303734375 0.6563797515625 0.0827192984375 0.6519590640625 0.08216282968750001 0.65053728125 0.0969544953125
0 0.6409539468750001 0.1165707234375 0.6450950296875 0.1175904609375 0.6467653515625 0.10238212656250001 0.6424689328125 0.101362390625 0.6409539468750001 0.1165707234375
0 0.63863486875 0.13470120624999998 0.6429623531249999 0.1358607453125 0.6449415203125 0.12009594374999999 0.64076754375 0.11902960468749998 0.63863486875 0.13470120624999998
0 0.6451937140624999 0.14931469375 0.6493421046875001 0.1505208328125 0.65087719375 0.1380208328125 0.6467288015625 0.1369791671875 0.6451937140624999 0.14931469375
0 0.6294042390625 0.21115679843750002 0.63362573125 0.2126918859375 0.6360014625 0.19769736875 0.6318384499999999 0.19615405625 0.6294042390625 0.21115679843750002
0 0.636964546875 0.2149671046875 0.641195175 0.21685855312500002 0.6442726609375 0.20049890312500002 0.6401553359375 0.19871710468749998 0.636964546875 0.2149671046875
0 0.6349250734375 0.2317434203125 0.6388578218750001 0.233135965625 0.6407492687499999 0.22011513124999998 0.6368969296875 0.21883223749999997 0.6349250734375 0.2317434203125
0 0.6265350875 0.234676534375 0.6311038015625 0.23607456093749998 0.633366228125 0.21950109687500002 0.62887426875 0.21828399062499998 0.6265350875 0.234676534375
0 0.6198446640624999 0.281844846875 0.6240862578125 0.2834155703125 0.6259959796875 0.2699259875 0.621856725 0.268393640625 0.6198446640624999 0.281844846875
0 0.6157803359375 0.303421053125 0.6201388890625 0.3049616234375 0.6223684203125 0.290158990625 0.6182529234375 0.288766446875 0.6157803359375 0.303421053125
0 0.61162280625 0.3311403515625 0.6158625734375 0.3326206140625 0.6183059203125 0.31727521875 0.6142361109375 0.3158442984375 0.61162280625 0.3311403515625
0 0.6202905703125 0.329717653125 0.624669225 0.331573465625 0.6270650578125 0.317428728125 0.6227887421875 0.31576754375 0.6202905703125 0.329717653125
0 0.6169956140624999 0.3474506578125 0.6212902046875 0.3490405703125 0.6237554828125 0.332842653125 0.6196363296875 0.331395284375 0.6169956140624999 0.3474506578125
0 0.6103435671875 0.348135965625 0.6143274859375001 0.34920504375 0.6161165937499999 0.3358580046875 0.6121290203124999 0.33479166718750003 0.6103435671875 0.348135965625
0 0.61487573125 0.3716557015625 0.6188779234374999 0.3728070171875 0.6212171046875 0.35707236875000004 0.6171235375 0.355921053125 0.61487573125 0.3716557015625
0 0.6127010234375 0.391036184375 0.6170687140625 0.39243421093749997 0.6188888890625 0.37902412343749997 0.61474780625 0.377713815625 0.6127010234375 0.391036184375
0 0.5973866953125 0.42746710468750004 0.6015953953125 0.42923245625 0.604221490625 0.4154057015625 0.599981725 0.413733553125 0.5973866953125 0.42746710468750004
0 0.6057200296875 0.4342927625 0.6097697375 0.435002740625 0.6109375 0.42342927656249996 0.6072532890625 0.4224808109375 0.6057200296875 0.4342927625
0 0.6037097953125 0.45243969375 0.6077850875 0.4540570171875 0.6101315796875 0.43918311406250005 0.606027046875 0.43780153437499997 0.6037097953125 0.45243969375
0 0.5953764625 0.50540021875 0.5996546046875 0.5068366234374999 0.6021747078125 0.491858553125 0.5979349421875 0.49021381562500005 0.5953764625 0.50540021875
0 0.5881396203125 0.5568804828125 0.5922697375 0.5582236843749999 0.594303728125 0.5443530703125 0.59023391875 0.542998903125 0.5881396203125 0.5568804828125
0 0.5858735375 0.5783442984375 0.590149853125 0.5798793859375 0.59224780625 0.5661019734375 0.588017178125 0.5645970390625 0.5858735375 0.5783442984375
0 0.5751096484375 0.5833333328125 0.5796600875 0.5849506578125 0.582456140625 0.5682565796875 0.5778874265625 0.5665844296875 0.5751096484375 0.5833333328125
0 0.5818165203125 0.5935855265625001 0.586206140625 0.5949259875 0.5881578953125 0.5824013156250001 0.584009503125 0.580783990625 0.5818165203125 0.5935855265625001
0 0.5722331875 0.6024342109374999 0.5769937859375001 0.603963815625 0.5792817984374999 0.5886156796875001 0.5744590640625 0.5873629390625 0.5722331875 0.6024342109374999
0 0.5790350875 0.61342379375 0.5835800437499999 0.6148629390625 0.5856816515625 0.5994216015625 0.5812298984375001 0.5980756578124999 0.5790350875 0.61342379375
0 0.569080775 0.6255729171875 0.5735635968749999 0.626872259375 0.5759137421875 0.611348684375 0.5715222953125 0.6099013156249999 0.569080775 0.6255729171875
0 0.5646747078125001 0.6587171046875 0.5693530703125 0.66025219375 0.5714510234375 0.6453645828125001 0.5669682015624999 0.6441145828125 0.5646747078125001 0.6587171046875
0 0.5579861109375 0.6984923249999999 0.56253655 0.7 0.5653965640624999 0.6830208328125 0.5607638890625 0.6810581140624999 0.5579861109375 0.6984923249999999
0 0.5551717843749999 0.7220668859375 0.5594298249999999 0.7233278515625 0.5617726609375 0.707979715625 0.5575804093750001 0.70641995625 0.5551717843749999 0.7220668859375
0 0.5591758046875 0.752828946875 0.5632858187500001 0.7541666671875 0.5655939328125 0.7404221484375 0.561661184375 0.738862390625 0.5591758046875 0.752828946875
0 0.5467105265625001 0.77386513125 0.5509777046875 0.775200109375 0.5533516078125 0.7594517546875 0.5492324562500001 0.7583333328124999 0.5467105265625001 0.77386513125
0 0.5433717109375 0.7957894734375001 0.54819444375 0.79751370625 0.5509777046875 0.7809320171875 0.54652595 0.7790953953125 0.5433717109375 0.7957894734375001
0 0.5391812859375 0.8214418859375 0.5436312140624999 0.82311129375 0.5460434937499999 0.80680646875 0.5415168125 0.8052494515624999 0.5391812859375 0.8214418859375
1 0.67206323125 0.0776096484375 0.6692616953125 0.076946271875 0.668329678125 0.085635965625 0.6710343562500001 0.0862116234375 0.67206323125 0.0776096484375
1 0.7130500734375 0.1763980265625 0.7158991234375 0.1775328953125 0.7171016078125 0.1691858546875 0.7142525578125001 0.16818530625 0.7130500734375 0.1763980265625
1 0.7195047515625 0.1808059203125 0.7226224421875 0.183141446875 0.7252485375 0.1754632671875 0.7222203953124999 0.17319353125 0.7195047515625 0.1808059203125
1 0.6775767546875 0.051617325000000006 0.67679641875 0.056790021875 0.6823099421875 0.0587171046875 0.683114034375 0.053453946875000005 0.6775767546875 0.051617325000000006
1 0.679331140625 0.04608004375 0.6787463453125 0.0513706140625 0.6843603796875 0.0528892546875 0.6850036546875 0.047442434374999995 0.679331140625 0.04608004375
1 0.702176534375 0.021436403125 0.702176534375 0.0239967109375 0.706597221875 0.02423245625 0.7065606718749999 0.0216831140625 0.702176534375 0.021436403125
1 0.8667945906250001 0.2907072375 0.8677997078124999 0.2877192984375 0.86354349375 0.2841557015625 0.8624451750000001 0.2872258765625 0.8667945906250001 0.2907072375
1 0.898991228125 0.3504961625 0.9003801171875001 0.34850603125 0.8979495609375 0.344528509375 0.8964729531250001 0.346518640625 0.898991228125 0.3504961625
1 0.5641282890625 0.8668804828125 0.5654934203125 0.8668804828125 0.5656743421875 0.8602658984374999 0.5642726609375 0.8603344296875 0.5641282890625 0.8668804828125
1 0.5661732453125 0.8482456140625001 0.5676187859375 0.8485279609375 0.5682803359374999 0.8423218203125 0.566831140625 0.8420778515625 0.5661732453125 0.8482456140625001
1 0.568439328125 0.8203947375 0.5683771937500001 0.8222697374999999 0.5724342109375 0.8224671046875001 0.5724597953125 0.820614034375 0.568439328125 0.8203947375
1 0.587061403125 0.62420504375 0.5875091375 0.626820175 0.5928508765625 0.6247724781249999 0.5922514624999999 0.6221491234375 0.587061403125 0.62420504375
1 0.5891264625 0.6420778515625 0.5876096484375 0.6425246703124999 0.588216375 0.647584978125 0.5897331875 0.647299890625 0.5891264625 0.6420778515625
1 0.586454678125 0.6352604171875 0.586454678125 0.6376480265625 0.59084978125 0.6375904609374999 0.5908132312500001 0.6354303734375 0.586454678125 0.6352604171875
1 0.5928545328125 0.6205317984375001 0.593090278125 0.617979715625 0.5888523390625 0.6169682015625 0.5886567984375 0.61957236875 0.5928545328125 0.6205317984375001
1 0.6393019 0.1188843203125 0.6408808484375 0.1193530703125 0.6415752921875 0.11485745624999999 0.639965278125 0.11433662343749999 0.6393019 0.1188843203125
1 0.475221125 0.8339692984375 0.4763797515625 0.8323492328125001 0.47414108125 0.828591009375 0.472984284375 0.830139803125 0.475221125 0.8339692984375
0 0.5462298984375 0.8341282890624999 0.550420321875 0.8355208328125 0.5524616234375 0.8208305921875001 0.548269371875 0.8196052625 0.5462298984375 0.8341282890624999
0 0.5443165203125 0.85230263125 0.5486659359375 0.8535087718750001 0.5506286546875 0.83912280625 0.546436403125 0.8377192984375 0.5443165203125 0.85230263125
0 0.5408077484375 0.8741228062499999 0.5453399125 0.8751096484374999 0.5473336984375 0.860016446875 0.5428362578125 0.85863486875 0.5408077484375 0.8741228062499999
0 0.5371107453125 0.8973081140625 0.5417415937500001 0.8988459437499999 0.5441008765625 0.8817516453125 0.5396491234374999 0.8802138156250001 0.5371107453125 0.8973081140625
0 0.5243238296875 0.927686403125 0.5290204671875001 0.9295230265625 0.5321052625 0.9128947374999999 0.527580409375 0.910948465625 0.5243238296875 0.927686403125
0 0.5209064328124999 0.9421600874999999 0.5252010234375 0.943393640625 0.5272459796875 0.9301452843750001 0.523132309375 0.9287554828125 0.5209064328124999 0.9421600874999999
0 0.523062865625 0.9793585531250001 0.52739400625 0.9809758765625001 0.52962719375 0.9672395828125 0.525438596875 0.9658442984375 0.523062865625 0.9793585531250001
0 0.5140844296875 0.9859320171875 0.5180902781250001 0.9872149125 0.5201644734374999 0.9749698468749999 0.51590095 0.973582784375 0.5140844296875 0.9859320171875
0 0.8724433484375 0.627971490625 0.8684758765625 0.6275767546875 0.867635234375 0.6419928734375 0.8718201750000001 0.642327303125 0.8724433484375 0.627971490625
0 0.8944060671875 0.5086485749999999 0.8949616234375 0.503407346875 0.8869243421874999 0.501321271875 0.88621345 0.506422696875 0.8944060671875 0.5086485749999999
0 0.8837463453125001 0.5062856359375 0.8844133765625 0.50134594375 0.875643275 0.49874177656249996 0.8748428359375 0.5040844296875 0.8837463453125001 0.5062856359375
0 0.98209064375 0.1473958328125 0.9860745609375 0.1509320171875 0.9905153515625 0.139501096875 0.98671418125 0.136266446875 0.98209064375 0.1473958328125
0 0.8971673984375 0.368283990625 0.8936038015625 0.364364034375 0.88829495625 0.3757730265625 0.8922331874999999 0.3796600875 0.8971673984375 0.368283990625
0 0.9909027781249999 0.5077878296875 0.9949926906250001 0.5074287281250001 0.9948300437500001 0.49469298281249996 0.990466009375 0.49477247812499997 0.9909027781249999 0.5077878296875
0 0.8021016078125 0.6214364031249999 0.798114034375 0.619703946875 0.795526315625 0.631973684375 0.7994517546875 0.63352521875 0.8021016078125 0.6214364031249999
1 0.5786933484375 0.41164473749999997 0.5732364765625 0.4097341015625 0.56850694375 0.4413157890625 0.5741922515625 0.44322642500000003 0.5786933484375 0.41164473749999997
0 0.4068658625 0.78899396875 0.40690789531249993 0.7966419953125 0.41844298281250003 0.7963267546874999 0.41848501406249994 0.7894956140625 0.4068658625 0.78899396875
0 0.9239400578125 0.4021655703125 0.9262609656249999 0.3963267546875 0.9173793859374999 0.3888706140625 0.9150767546875 0.39503837656249996 0.9239400578125 0.4021655703125
1 0.1623355265625 0.4529057015625 0.1600328953125 0.4588815796875 0.1703764625 0.46757127187499997 0.172626096875 0.461551534375 0.1623355265625 0.4529057015625