1 0.484777046875 0.8868969296874999 0.48978435625000005 0.8922697375 0.498757309375 0.871518640625 0.4938596484375 0.8666118421875 0.484777046875 0.8868969296874999
1 0.6250731 0.7984100875 0.6303545328125 0.8045230265625 0.6388157890625 0.7861019734375 0.6336440062500001 0.7801809203125 0.6250731 0.7984100875
1 0.9493421046874999 0.1915296046875 0.9471491234375 0.1854440796875 0.9366228062499999 0.19298245625 0.9389802625 0.19950657968750002 0.9493421046874999 0.1915296046875
1 0.9064510234375 0.2290296046875 0.903490496875 0.22420504375 0.8944133765625001 0.23599780625000003 0.8973866953125 0.24106359687499998 0.9064510234375 0.2290296046875
1 0.22966008750000003 0.4724232453125 0.226973684375 0.476096490625 0.23134137500000002 0.48283991249999997 0.233954678125 0.47905701718750004 0.22966008750000003 0.4724232453125
0 0.25625 0.50233004375 0.2530135234375 0.5059895828125 0.2579678359375 0.5161732453125001 0.26114766093749997 0.5124451750000001 0.25625 0.50233004375
1 0.313596490625 0.6153782890625 0.3106542390625 0.6185032890625 0.31509502968750003 0.62727521875 0.31789108125 0.6239309203125 0.313596490625 0.6153782890625
0 0.324671053125 0.6283991234374999 0.320723684375 0.632757675 0.32710160781250003 0.6450657890625 0.3310489765625 0.6404605265625001 0.324671053125 0.6283991234374999
0 0.17308845 0.6525932015625 0.16845029218750002 0.6565487937500001 0.1744700296875 0.6735471484375 0.1791483921875 0.66959978125 0.17308845 0.6525932015625
1 0.40648757343749997 0.7595942984375 0.41111111093749997 0.7533168859375 0.40005482499999995 0.733196271875 0.3951571640625 0.7392269734375 0.40648757343749997 0.7595942984375
1 0.40210160781250004 0.79116228125 0.398099415625 0.797313596875 0.410599415625 0.8166666671874999 0.41451023437499995 0.8104714906250001 0.40210160781250004 0.79116228125
0 0.42185672500000004 0.799616228125 0.42505482499999997 0.7950932015625 0.418384503125 0.7837445171875 0.41500365468749995 0.7883771937499999 0.42185672500000004 0.799616228125
0 0.43353435625000003 0.8212993421875 0.437116228125 0.8160361843749999 0.42845394687500005 0.8025493421875 0.4248172515625 0.8076480265624999 0.43353435625000003 0.8212993421875
0 0.4430738296875 0.8414473687499999 0.4466008765625 0.8365405703125001 0.43936403437499993 0.8246710531250001 0.43574561406249995 0.829632675 0.4430738296875 0.8414473687499999
0 0.455062134375 0.860553728125 0.45857090625 0.8552357453124999 0.4506030703125 0.8427905703125 0.4469481 0.8480263156250001 0.455062134375 0.860553728125
0 0.466027046875 0.8766447375 0.46911549687500004 0.8719572375 0.4627558484375 0.8618969296874999 0.4596308484375 0.86639254375 0.466027046875 0.8766447375
0 0.4786184203125 0.8952576750000001 0.48199926875 0.8888432015625 0.47235014687500004 0.876617325 0.46884137499999995 0.8827302625 0.4786184203125 0.8952576750000001
0 0.490990496875 0.9106633765625001 0.4943896203125 0.9050164468749999 0.48552631562500004 0.8927357453125 0.4822551171875 0.8983278515625001 0.490990496875 0.9106633765625001
1 0.4982273390625 0.8636787281249999 0.5015716375 0.866008771875 0.5040570171875001 0.8572916671874999 0.50080409375 0.8549616234374999 0.4982273390625 0.8636787281249999
0 0.4146016078125 0.9273026312500001 0.41875 0.9239309203125 0.4134137421875 0.9083607453125 0.4090826015625 0.9115953953125 0.4146016078125 0.9273026312500001
0 0.4295504390625 0.905811403125 0.43302266093749997 0.9002741234375 0.4248903515625 0.8878837718750001 0.4212719296875 0.8936677625 0.4295504390625 0.905811403125
1 0.45789473750000004 0.9014528515625001 0.46056286562500004 0.8975054828125 0.4553545328125 0.88980263125 0.4526315796875 0.8935855265624999 0.45789473750000004 0.9014528515625001
1 0.4893092109375 0.9173519734375001 0.49163011718750005 0.9131030703125 0.486257309375 0.9060581140625 0.48379020468749995 0.9102796046874999 0.4893092109375 0.9173519734375001
0 0.53048245625 0.9450383765625 0.5313779234375 0.95238486875 0.541849415625 0.9493146937500001 0.5408808484375001 0.9422423249999999 0.53048245625 0.9450383765625
0 0.5436586250000001 0.9415296046874999 0.5466922515625 0.9475054828125 0.5559228796875 0.9361896937499999 0.5530519 0.93045504375 0.5436586250000001 0.9415296046874999
0 0.5653070171875 0.9388157890625 0.5700657890625 0.9425164468749999 0.5758589187500001 0.9248355265624999 0.5709429828125 0.921436403125 0.5653070171875 0.9388157890625
1 0.5712171046875001 0.9432565796875 0.573081140625 0.94457236875 0.575438596875 0.93678728125 0.5736659359375 0.935526315625 0.5712171046875001 0.9432565796875
0 0.5611111109375 0.9837445171875 0.5659356718749999 0.98662280625 0.5703764625 0.9708059203125 0.5656067250000001 0.96806469375 0.5611111109375 0.9837445171875
0 0.5755116953125 0.9384594296875 0.5799342109375 0.9421052624999999 0.5858369890625 0.9251370609375 0.58121345 0.9219572375 0.5755116953125 0.9384594296875
0 0.5833698828125 0.9122807015625 0.5879934203125 0.915926534375 0.5922149125 0.9038925437499999 0.5877192984375 0.9004934203125 0.5833698828125 0.9122807015625
0 0.584429825 0.8814967109375 0.5889802625 0.88522478125 0.5950475140625 0.8684758765625 0.5904788015625 0.86491228125 0.584429825 0.8814967109375
0 0.591849415625 0.88358004375 0.5966739765625 0.8873081140625001 0.6016995609375 0.8727796046874999 0.5970029234374999 0.8691337718750001 0.591849415625 0.88358004375
0 0.6009502921875 0.861348684375 0.6056286546874999 0.865268640625 0.6108918125 0.8505482453125 0.606341375 0.8466008765625 0.6009502921875 0.861348684375
0 0.60857090625 0.8408991234375 0.6130116953125 0.8447642546875 0.6178362578125001 0.830893640625 0.6133954671875 0.82730263125 0.60857090625 0.8408991234375
0 0.601242690625 0.834073465625 0.6064510234375 0.8384320171875 0.6126644734375 0.820696271875 0.6076571640624999 0.8166392546875001 0.601242690625 0.834073465625
0 0.616008771875 0.818695175 0.6207236843749999 0.8231907890624999 0.6267726609375 0.8082785093749999 0.6220577484375001 0.8038103062499999 0.616008771875 0.818695175
0 0.6224049703125 0.7791940796875 0.6262792390625 0.783196271875 0.6317982453125001 0.7705043859375 0.6279788015625 0.76650219375 0.6224049703125 0.7791940796875
0 0.6390168125 0.780811403125 0.6430921046875 0.7860471484375 0.6497441515625 0.7732730265625001 0.645778509375 0.768366228125 0.6390168125 0.780811403125
1 0.6336440062500001 0.7756304828125 0.638706140625 0.781606359375 0.6489948828125 0.7601699562500001 0.6438231 0.7544133765625001 0.6336440062500001 0.7756304828125
1 0.645650584375 0.7642543859375001 0.648117690625 0.7685307015625 0.6531798249999999 0.7615679828124999 0.6506030703125 0.7571271937499999 0.645650584375 0.7642543859375001
0 0.6467836250000001 0.75087719375 0.650456871875 0.75553728125 0.6574378656250001 0.7419956140624999 0.6536732453125 0.7373081140625 0.6467836250000001 0.75087719375
0 0.6438961984375 0.7316611843749999 0.6484100875000001 0.73678728125 0.6557565796875 0.7220942984375001 0.6513157890625 0.716858553125 0.6438961984375 0.7316611843749999
0 0.680080409375 0.6573190796875 0.6838084796875 0.662033990625 0.6908808484375 0.6488212718749999 0.687024853125 0.6442434203125 0.680080409375 0.6573190796875
0 0.6947916671875001 0.629989034375 0.6984466375 0.6349232453125 0.705153509375 0.6231359656250001 0.7015168125 0.618448465625 0.6947916671875001 0.629989034375
0 0.7088633046874999 0.6297423249999999 0.7126279234374999 0.634731359375 0.7196820171875 0.622313596875 0.715953946875 0.6174616234375 0.7088633046874999 0.6297423249999999
0 0.71792763125 0.615158990625 0.72099780625 0.6202850875 0.7284722218749999 0.608251096875 0.7252192984375 0.6034265343749999 0.71792763125 0.615158990625
0 0.7138084796874999 0.600413925 0.7177083328125 0.6058114031249999 0.7259320171875 0.5924616234375 0.7220211984375 0.587116228125 0.7138084796874999 0.600413925
0 0.7282894734375 0.5975054828124999 0.7320175437499999 0.6024945171875 0.7388157890625 0.590296053125 0.7350694437499999 0.585526315625 0.7282894734375 0.5975054828124999
0 0.7403326015625 0.57584978125 0.743658625 0.580783990625 0.7497076015624999 0.5704495609375 0.7464364031249999 0.565625 0.7403326015625 0.57584978125
0 0.7530153515625 0.536376096875 0.7561038015625 0.5416940796875 0.76332236875 0.530893640625 0.7603252921875 0.5260416671875 0.7530153515625 0.536376096875
1 0.765259503125 0.5467653515625 0.76960891875 0.5529057015625 0.780153509375 0.5344024125 0.77578581875 0.5286184203125 0.765259503125 0.5467653515625
0 0.7681469296875 0.5122258765625001 0.770705409375 0.5169407890625 0.77730263125 0.5083881578125 0.7748172515625 0.5037828953125 0.7681469296875 0.5122258765625001
0 0.8941520468749999 0.33440241249999997 0.896820175 0.3393092109375 0.902777778125 0.3314418859375 0.9000365499999999 0.3267543859375 0.8941520468749999 0.33440241249999997
0 0.9109338453125 0.3216529609375 0.9141154968749999 0.32676809218749997 0.92105263125 0.317132675 0.9178728062499999 0.312061403125 0.9109338453125 0.3216529609375
0 0.93040935625 0.294133771875 0.933260234375 0.29923245625 0.939349415625 0.290778509375 0.9365497078124999 0.2860471484375 0.93040935625 0.294133771875
0 0.9303362578125001 0.2826206140625 0.9329312859375 0.2873355265625 0.939331140625 0.2788240125 0.9367141812499999 0.27450657968750003 0.9303362578125001 0.2826206140625
0 0.9920321640624999 0.20285087656249998 0.99453581875 0.20712719375000002 0.9999817249999999 0.199616228125 0.9975146203125 0.1955866234375 0.9920321640624999 0.20285087656249998
1 0.936421784375 0.1084429828125 0.9377741234375 0.11269188593749999 0.9426535093749999 0.10915570156250001 0.9412463453125 0.105098684375 0.936421784375 0.1084429828125
1 0.934283625 0.13459429843749998 0.9368969296874999 0.132428728125 0.9344481 0.126206140625 0.9318530703125001 0.1282894734375 0.934283625 0.13459429843749998
1 0.9341008765625001 0.12733004375 0.9370248531250001 0.126096490625 0.9358369890624999 0.12023026249999999 0.9328947375000001 0.121463815625 0.9341008765625001 0.12733004375
0 0.9640899125000001 0.20444078906250002 0.9664290937500001 0.19928728125 0.9604532156250001 0.1928179828125 0.9578399125000001 0.1979440796875 0.9640899125000001 0.20444078906250002
1 0.65071271875 0.6087445171875 0.6462719296875 0.603179825 0.6356542390625 0.6228344296875 0.6402960531249999 0.62881030625 0.65071271875 0.6087445171875
0 0.7028691515625 0.49841008750000004 0.699616228125 0.49372258750000003 0.693695175 0.5032894734375 0.696875 0.5080317984375 0.7028691515625 0.49841008750000004
1 0.43053728125 0.8457785093749999 0.43225511718750004 0.843366228125 0.429276315625 0.8384868421875 0.4275219296875 0.8410087718750001 0.43053728125 0.8457785093749999
1 0.17573099375 0.325030153125 0.176900584375 0.32360745625 0.1744700296875 0.31943530625 0.1733369890625 0.3209155703125 0.17573099375 0.325030153125
0 0.8055738296875001 0.3649671046875 0.8027777781250001 0.36008771875 0.796820175 0.3677357453125 0.799524853125 0.37258771875 0.8055738296875001 0.3649671046875
1 0.7759320171875 0.3962171046875 0.7731542390625 0.3915296046875 0.7657529234375 0.4015625 0.7685014625 0.4064254390625 0.7759320171875 0.3962171046875
1 0.8352887421874999 0.31480263124999996 0.8328216375 0.3109375 0.8271929828125 0.318393640625 0.8295869890625 0.3225328953125 0.8352887421874999 0.31480263124999996
0 0.87112573125 0.2655975875 0.8684210531250001 0.2611567984375 0.8622441515625001 0.26902412343750004 0.8648940062499999 0.27351973749999997 0.87112573125 0.2655975875
1 0.8884137421875 0.2624725875 0.8876279234375 0.2609100875 0.8847770468749999 0.2642817984375 0.8855263156250001 0.26581688593749997 0.8884137421875 0.2624725875
1 0.9787280703125001 0.22417763124999998 0.9794956140625001 0.22574013124999998 0.9828033625 0.22220394687499997 0.9820723687499999 0.220696271875 0.9787280703125001 0.22417763124999998
1 0.75551900625 0.6521655703125 0.7556286546875 0.6502741234375 0.7517361109375 0.6500274125 0.7516081875 0.651891446875 0.75551900625 0.6521655703125
1 0.6598684203125 0.7514802625 0.6611659359375001 0.7530427625 0.6640168125 0.7478892546875 0.6627192984375 0.7463815796875 0.6598684203125 0.7514802625
0 0.61323099375 1 0.6076388890625 0.9956140343750001 0.60628655 1 0.61323099375 1
0 0.687134503125 0.8337171046874999 0.6844846484375 0.8389254390625001 0.6920138890625 0.8472587718750001 0.6943347953125001 0.8420504390625 0.687134503125 0.8337171046874999
0 0.7045321640625 0.8063322375 0.708278509375 0.8020833328125001 0.7026133046874999 0.7897478062500001 0.6987207609375 0.7936677624999999 0.7045321640625 0.8063322375
0 0.6984466375 0.962143640625 0.6939144734375 0.9645285093749999 0.6984100875 0.982373903125 0.7028508765625 0.9795504390625001 0.6984466375 0.962143640625
0 0.7704678359375 0.9474232453125 0.7720029234375 0.9416666671874999 0.762847221875 0.9351425437499999 0.7612024859375001 0.9411184203125 0.7704678359375 0.9474232453125
0 0.7796783625 0.866748903125 0.7764985375 0.8717653515625001 0.783150584375 0.8814144734375 0.7860562859375 0.8765625 0.7796783625 0.866748903125
0 0.78362573125 0.8602796046875 0.7803362578125 0.8654057015625 0.7868421046875 0.8751096484374999 0.7900402046874999 0.8699835531250001 0.78362573125 0.8602796046875
0 0.8818347953125001 0.8677905703125001 0.8776315796875 0.8728344296874999 0.8857638890624999 0.8865679828124999 0.8896016078125 0.8814144734375 0.8818347953125001 0.8677905703125001
0 0.875 0.876617325 0.874634503125 0.882867325 0.88196271875 0.8841831140625 0.8821637421874999 0.8780482453125 0.875 0.876617325
0 0.9540021937500001 0.9783168859375 0.9570175437499999 0.9726973687499999 0.9484100874999999 0.9611842109375001 0.9450639625000001 0.9669353062500001 0.9540021937500001 0.9783168859375
0 0.7184576015624999 0.7483004390625 0.7212902046874999 0.742626096875 0.7115862578125001 0.7298519734375 0.7084064328124999 0.7358278515625 0.7184576015624999 0.7483004390625
0 0.7223866953125 0.7412280703125 0.7259502921875 0.7353070171875 0.7184758765625 0.725356359375 0.7150036546874999 0.730948465625 0.7223866953125 0.7412280703125
0 0.726151315625 0.76162280625 0.728070175 0.755071271875 0.7181103796875 0.7484100875 0.7162097953125001 0.7548519734375 0.726151315625 0.76162280625
0 0.7608918124999999 0.7408991234375 0.7571271937499999 0.7368695171875 0.75073099375 0.7503015343749999 0.7545504390625 0.7544133765625001 0.7608918124999999 0.7408991234375
0 0.7659539468750001 0.7485745609375 0.762847221875 0.743804825 0.7564510234374999 0.7542489031249999 0.7595029234374999 0.75860745625 0.7659539468750001 0.7485745609375
0 0.7717288015625 0.73355263125 0.77569444375 0.7372258765625 0.7807200296875 0.7228070171875001 0.776900584375 0.7194353062500001 0.7717288015625 0.73355263125
0 0.8426900578125001 0.644106359375 0.8380847953125 0.6474780703125 0.8438231 0.6624177625 0.8482273390625 0.6588541671875 0.8426900578125001 0.644106359375
0 0.9452485375 0.8325383765625001 0.9487573093749999 0.8267817984375 0.94146564375 0.814501096875 0.9377010234375 0.819983553125 0.9452485375 0.8325383765625001
0 0.276661184375 0.6898081140625 0.2803271203125 0.6863706140625 0.2756030703125 0.6748629390625001 0.2720029234375 0.6783168859375001 0.276661184375 0.6898081140625
0 0.0501827484375 0.3865131578125 0.051516812499999995 0.39416118437500003 0.0614583328125 0.389528509375 0.06017909375 0.3821546046875 0.0501827484375 0.3865131578125
0 0.04773391875 0.40463267500000005 0.048117690625 0.4127192984375 0.05933845 0.40953947343749997 0.058845029687499995 0.4013980265625 0.04773391875 0.40463267500000005
0 0.0126096484375 0.405153509375 0.0126644734375 0.3989857453125 0.0033808484375000003 0.39923245625 0.003490496875 0.40550986875 0.0126096484375 0.405153509375
0 0.047057748437500005 0.0912006578125 0.05082236875 0.0876644734375 0.0459429828125 0.0768366234375 0.0421418125 0.080071271875 0.047057748437500005 0.0912006578125
0 0.0338267546875 0.22184758750000003 0.031706871875 0.21510416718749997 0.0217105265625 0.22266995625 0.0240314328125 0.2294407890625 0.0338267546875 0.22184758750000003
0 0.038742690625 0.2260416671875 0.036805556249999996 0.2197094296875 0.0270833328125 0.2265899125 0.02896564375 0.23333333281250002 0.038742690625 0.2260416671875
0 0.0390533625 0.23253837656249998 0.037079678125 0.2263157890625 0.029473684374999996 0.2317434203125 0.03133771875 0.238421053125 0.0390533625 0.23253837656249998
0 0.047459795312500004 0.23146929843750003 0.0451388890625 0.22576754375000002 0.035709064062500004 0.23393640312500003 0.0381213453125 0.2400219296875 0.047459795312500004 0.23146929843750003
0 0.048885234374999996 0.238760965625 0.046436403125 0.2321546046875 0.03669590625 0.2404057015625 0.0389802625 0.246929825 0.048885234374999996 0.238760965625
0 0.052046784375 0.2438322375 0.0487207609375 0.23824013125 0.0411915203125 0.24745065781250003 0.044645467187499996 0.25320723749999996 0.052046784375 0.2438322375
0 0.047989765625 0.2539254390625 0.050566520312499995 0.260526315625 0.0598866953125 0.251973684375 0.057328215625 0.24564144687499997 0.047989765625 0.2539254390625
0 0.052750365625 0.26720120625 0.05570175468750001 0.2747807015625 0.066867690625 0.2649671046875 0.0638340640625 0.2575932015625 0.052750365625 0.26720120625
0 0.06999269062499999 0.27162828906250003 0.0678545328125 0.26469298281250003 0.0579861109375 0.27225877187499997 0.06012426875 0.279276315625 0.06999269062499999 0.27162828906250003
0 0.073062865625 0.2782620609375 0.0705592109375 0.27264254375 0.062847221875 0.280016446875 0.06535087656250001 0.2857456140625 0.073062865625 0.2782620609375
0 0.001096490625 0.2764254390625 0.0058296781249999995 0.2763432015625 0.0069261703125 0.2604440796875 0.00243055625 0.2604166671875 0.001096490625 0.2764254390625
0 0.007657164062500001 0.2724780703125 0.012883771875 0.27261513125 0.0139619890625 0.25934758750000003 0.008918128124999999 0.25962171093749997 0.007657164062500001 0.2724780703125
0 0.0188596484375 0.2818256578125 0.023135965624999998 0.28031798281250003 0.021546053125 0.265926534375 0.0174524859375 0.2676809203125 0.0188596484375 0.2818256578125
0 0.0264254390625 0.2637883765625 0.022277046875 0.2657620609375 0.023885234375 0.2770559203125 0.02816155 0.27524671093749997 0.0264254390625 0.2637883765625
0 0.034850146875 0.27609649062499997 0.0389985375 0.2739309203125 0.0364802625 0.2616419953125 0.032364765625 0.263706140625 0.034850146875 0.27609649062499997
0 0.08336988281249999 0.3005208328125 0.08055555625000001 0.2943804828125 0.07101608125 0.30326206093749997 0.0735562859375 0.3095120609375 0.08336988281249999 0.3005208328125
0 0.085508040625 0.30825109687499996 0.083223684375 0.3021929828125 0.0740862578125 0.31019736875000004 0.0764254390625 0.31636513125 0.085508040625 0.30825109687499996
0 0.087134503125 0.31792763125 0.08490497031250001 0.31132127187499997 0.07695540937499999 0.31795504375 0.079367690625 0.3244791671875 0.087134503125 0.31792763125
0 0.0473866953125 0.3033717109375 0.0478252921875 0.3107456140625 0.057328215625 0.30704495625 0.056652046874999994 0.2993421046875 0.0473866953125 0.3033717109375
0 0.0471673984375 0.31165021875 0.04764254375 0.3182291671875 0.056597221875000006 0.315570175 0.055921053124999995 0.3087993421875 0.0471673984375 0.31165021875
0 0.0484283625 0.3188322375 0.0479349421875 0.3252192984375 0.056725146875 0.32472587656249996 0.0571454671875 0.31806469375 0.0484283625 0.3188322375
0 0.048263889062499996 0.3374177625 0.0483369890625 0.34427083281250004 0.0571637421875 0.34196820156249996 0.056918859375 0.334854715625 0.048263889062499996 0.3374177625
0 0.0485380109375 0.34835526250000004 0.0486476609375 0.3556743421875 0.058241959375 0.3541940796875 0.0578947375 0.3466831140625 0.0485380109375 0.34835526250000004
0 0.0494883046875 0.376206140625 0.049579678125 0.383278509375 0.057786915625000004 0.3816858546875 0.057576754687499995 0.374542215625 0.0494883046875 0.376206140625
1 0.9900950296875 0.268366228125 0.991758040625 0.2709429828125 0.9955409359375 0.265679825 0.9939875734375001 0.26326754375 0.9900950296875 0.268366228125
1 0.642580409375 0.7282072375 0.6436038015625 0.7297971484375 0.64691155 0.724588815625 0.6459429828125 0.7229989031249999 0.642580409375 0.7282072375
1 0.7932401312499999 0.6834649125000001 0.791966375 0.6853070171875 0.7964692984374999 0.6908333328125 0.7977869156249999 0.688922696875 0.7932401312499999 0.6834649125000001
1 0.7892543859375001 0.596573465625 0.78834064375 0.594983553125 0.7853801171875 0.598766446875 0.786293859375 0.6002467109375 0.7892543859375001 0.596573465625
1 0.5285270468750001 1 0.526864034375 0.9958881578125001 0.525420321875 0.9972587718750001 0.5264985375 1 0.5285270468750001 1
1 0.51016081875 0.982510965625 0.50862573125 0.9804550437499999 0.505153509375 0.9864309203125 0.506633771875 0.9884320171875001 0.51016081875 0.982510965625
0 0.551242690625 1 0.5546966375 0.9896929828125 0.550018275 0.986293859375 0.54521564375 1 0.551242690625 1
1 0.5653344296875 1 0.565972221875 0.9981907890624999 0.5596308484375 0.9938870609375 0.55753655 1 0.5653344296875 1
0 0.634703946875 0.7514254390625 0.63837719375 0.7563870609375 0.64599780625 0.7421600875000001 0.6423976609375 0.7376096484375 0.634703946875 0.7514254390625
1 0.6565241234375 0.737856359375 0.6604166671875 0.7447916671875 0.6721673984375001 0.7279879390625 0.668274853125 0.72116228125 0.6565241234375 0.737856359375
0 0.6537097953125001 0.7120065796875 0.658132309375 0.7173793859375001 0.666008771875 0.7021929828125 0.66173245625 0.6967927625 0.6537097953125001 0.7120065796875
0 0.6622258765625 0.7158991234375 0.6662828953125 0.72108004375 0.673903509375 0.7070175437499999 0.6698282156250001 0.7017543859375001 0.6622258765625 0.7158991234375
0 0.6632821640625 0.6923930921875 0.6671783625 0.6974506578125 0.6748355265625 0.6837993421874999 0.670705409375 0.6787828953124999 0.6632821640625 0.6923930921875
0 0.67425073125 0.69306469375 0.6779239765625 0.6979440796875 0.6844298249999999 0.685882675 0.6806286546875 0.6811129390625 0.67425073125 0.69306469375
0 0.6845577484375001 0.6751918859375 0.68826754375 0.6795230265625001 0.6944078953124999 0.66787280625 0.690643275 0.6634868421875 0.6845577484375001 0.6751918859375
0 0.6959247078125 0.6524945171875001 0.7001279234375 0.6575383765625 0.70712719375 0.644078946875 0.703070175 0.6392817984375 0.6959247078125 0.6524945171875001
0 0.7307401312499999 0.5691995609375 0.734356725 0.5745065796875 0.7427083328124999 0.561376096875 0.7392361109375 0.5561403515625 0.7307401312499999 0.5691995609375
0 0.7539309203125 0.553651315625 0.757401315625 0.5587445171875001 0.763687865625 0.548766446875 0.7603252921875 0.5436677624999999 0.7539309203125 0.553651315625
0 0.787847221875 0.48503289531249993 0.7907163749999999 0.48991228124999997 0.7966191515625 0.481578946875 0.7938048249999999 0.476617325 0.787847221875 0.48503289531249993
0 0.8564692984375 0.3888706140625 0.8600694437499999 0.393695175 0.8664290937500001 0.3833607453125 0.862975146875 0.3783717109375 0.8564692984375 0.3888706140625
1 0.9097039468749999 0.1505482453125 0.9115862578125 0.1532620609375 0.9150036546875 0.14761513125 0.9131944437499999 0.14503837656250002 0.9097039468749999 0.1505482453125
1 0.9146929828125 0.1525219296875 0.9162828953125001 0.1553453953125 0.9204678359375 0.1499725875 0.9188413750000001 0.147176534375 0.9146929828125 0.1525219296875
0 0.962097953125 0.1950932015625 0.9658442984375 0.190625 0.9603983921875001 0.180893640625 0.9563231 0.18571820156250002 0.962097953125 0.1950932015625
0 0.7947916671875 0.9045230265624999 0.7911915203125 0.8993146937500001 0.784375 0.9100603062499999 0.7877192984375 0.91477521875 0.7947916671875 0.9045230265624999
0 0.8385051171875 0.6474232453125001 0.83368055625 0.6507949562500001 0.837865496875 0.6639254390625 0.842489034375 0.6603344296875 0.8385051171875 0.6474232453125001
1 0.47951388906250003 0.9782346484375 0.4779057015625 0.977686403125 0.476242690625 0.985526315625 0.4778508765625 0.986293859375 0.47951388906250003 0.9782346484375
1 0.9762426906250001 0.13130482500000001 0.97271564375 0.12724780625 0.9656615499999999 0.13980263125 0.9691520468749999 0.144216009375 0.9762426906250001 0.13130482500000001
0 0.42509137499999994 0.8697916671874999 0.4218019 0.8650767546875 0.41383771874999997 0.877612390625 0.4172514625 0.8822642546875 0.42509137499999994 0.8697916671874999
1 1 0.085581140625 0.9976425437499999 0.0814692984375 0.9864948828125 0.0952850875 0.989400584375 0.10046600937500001 1 0.0870641453125 1 0.085581140625
1 0.9880116953125 0.040296053124999995 0.9872807015625 0.0388157890625 0.983954678125 0.042543859375 0.9846856718750001 0.0439967109375 0.9880116953125 0.040296053124999995
1 0.8858808484375 0.162584978125 0.8851973687499999 0.1615953953125 0.8830774859374999 0.16474780625000002 0.8837902046874999 0.1657894734375 0.8858808484375 0.162584978125
1 0.8674524859374999 0.20068530624999997 0.8668676906250001 0.199643640625 0.86485745625 0.2021107453125 0.8654422515625001 0.203125 0.8674524859374999 0.20068530624999997
1 0.8675621343750001 0.20249451718749997 0.8670138890624999 0.2014802625 0.8650402046875 0.20391995624999998 0.865533625 0.204989034375 0.8675621343750001 0.20249451718749997
1 0.7852887421875 0.602686403125 0.784722221875 0.60074013125 0.78199926875 0.602713815625 0.7825840640624999 0.6046600875 0.7852887421875 0.602686403125
1 1 0.08857730312499999 0.994883040625 0.0955043859375 0.9978983921875001 0.101123903125 1 0.0982730265625 1 0.08857730312499999
1 0.21968201718749997 0.47431469374999996 0.22225877187499998 0.4797971484375 0.227759503125 0.4733004390625 0.2252375734375 0.46800986875 0.21968201718749997 0.47431469374999996
1 0.22839912343750002 0.4766995609375 0.22489035156249998 0.47960526249999996 0.227796053125 0.48730811406249996 0.231268275 0.4842927625 0.22839912343750002 0.4766995609375
1 0.3526133046875 0.6864583328125 0.35087719375000004 0.68826754375 0.3533808484375 0.6938322375 0.355080409375 0.6919956140625 0.3526133046875 0.6864583328125
1 0.6149908625 0.79850603125 0.61878655 0.8021655703125001 0.6226059937499999 0.7927905703125 0.6190423984375 0.7892817984375 0.6149908625 0.79850603125
1 0.9302101609375001 0.1945942984375 0.927759503125 0.18974780625 0.921527778125 0.19698464843750002 0.9239948828125 0.201891446875 0.9302101609375001 0.1945942984375