0 0.25603070156249996 0.040186403125 0.25486111093749997 0.0463815796875 0.2642361109375 0.04915021875 0.2654057015625 0.042489034375 0.25603070156249996 0.040186403125
0 0.99919590625 0.787061403125 0.9942434203125 0.7870065796875 0.994060671875 0.8014802624999999 0.9990497078124999 0.8016447375 0.99919590625 0.787061403125
0 0.9168676906250001 0.8049616234375 0.9163742687499999 0.812061403125 0.928070175 0.8139802625 0.928527046875 0.8068804828125 0.9168676906250001 0.8049616234375
0 0.9287828953125 0.8037280703125 0.929276315625 0.796463815625 0.9174524859375 0.7946820171875 0.9169225140625 0.8018092109375001 0.9287828953125 0.8037280703125
0 0.48989400625 0.5308662281250001 0.4943347953125 0.5334703953125 0.49819078906250003 0.517242325 0.49380482499999995 0.51483004375 0.48989400625 0.5308662281250001
0 0.47891081875 0.5401315796875 0.48296783593750003 0.54287280625 0.48667763124999996 0.5299342109375 0.4828033625 0.5273300437499999 0.47891081875 0.5401315796875
0 0.5259868421875 0.7290570171875 0.521472953125 0.7272203953124999 0.5182383046875 0.7434758765625 0.5228435671875 0.7454495609375 0.5259868421875 0.7290570171875
0 0.6331505843749999 0.6363486843749999 0.6376480265625 0.6409018640624999 0.64457236875 0.626206140625 0.6398391812499999 0.621491228125 0.6331505843749999 0.6363486843749999
0 0.96010599375 0.9411732453124999 0.9606542390625 0.9330592109375001 0.94756944375 0.9310855265625 0.9469115499999999 0.9390350875 0.96010599375 0.9411732453124999
0 0.9438413750000001 0.9396107453125 0.9440789468749999 0.9318804828125 0.9311038015624999 0.931578946875 0.9308296781250001 0.9390899125000001 0.9438413750000001 0.9396107453125
0 0.1789418859375 0.126376096875 0.1817982453125 0.121875 0.1753947375 0.11205317968749999 0.17248355312500002 0.11634868437500001 0.1789418859375 0.126376096875
0 0.2588267546875 0.05805921093750001 0.260635965625 0.05243969375 0.25233918125 0.046820175000000006 0.250475146875 0.05227521875 0.2588267546875 0.05805921093750001
0 0.8300073093749999 0.1864857453125 0.8296783624999999 0.1814144734375 0.82101608125 0.1822368421875 0.8211805562500001 0.1875 0.8300073093749999 0.1864857453125
0 0.1900584796875 0.0779879390625 0.19287280625 0.08358004375 0.20158991249999997 0.074671053125 0.1983735375 0.069078946875 0.1900584796875 0.0779879390625
1 0.14058845 0.230811403125 0.1389071640625 0.23495065781250002 0.146783625 0.24172149062499998 0.14837353749999999 0.237445175 0.14058845 0.230811403125