1 0.22280701718749998 0.0994791671875 0.2224415203125 0.0970668859375 0.21721491249999997 0.098821271875 0.217616959375 0.10106907968750001 0.22280701718749998 0.0994791671875
1 0.22353435625 0.10243695156249999 0.22350146249999997 0.1000274125 0.21800073125 0.1006578953125 0.2181469296875 0.103125 0.22353435625 0.10243695156249999
0 0.2754934203125 0.38366228125 0.2803545328125 0.3834155703125 0.28031798281250003 0.3681743421875 0.2756396203125 0.3681469296875 0.2754934203125 0.38366228125
0 0.22678545312499998 0.1725767546875 0.223117690625 0.1752192984375 0.22668128593749998 0.1875274125 0.2304879390625 0.18506853125 0.22678545312499998 0.1725767546875
0 0.03253655 0.1444270828125 0.0267909359375 0.1439144734375 0.0251644734375 0.16049890312499998 0.030902778125000002 0.161266446875 0.03253655 0.1444270828125
0 0.0350201015625 0.1255345390625 0.030135234374999997 0.1243695171875 0.028070175000000003 0.1411184203125 0.033479532812500004 0.1421052625 0.0350201015625 0.1255345390625
0 0.039904970312499996 0.0887746703125 0.043768275 0.09147478125 0.0482090640625 0.0782346484375 0.0443896203125 0.07568530625 0.039904970312499996 0.0887746703125
0 0.8192068718750001 0.8617324562500001 0.8181834796875 0.8686677625 0.828179825 0.8720394734375001 0.829203215625 0.8651589906250001 0.8192068718750001 0.8617324562500001
0 0.72267909375 0.6630756578125 0.721783625 0.66949013125 0.7322551171875 0.672971490625 0.7330226609375 0.6662280703125 0.72267909375 0.6630756578125
0 0.846472953125 0.06288377187500001 0.8442434203125 0.056962718749999995 0.8364583328125 0.0626918859375 0.8390899125000001 0.0687225875 0.846472953125 0.06288377187500001
0 0.8049524859374999 0.0078947375 0.8011513156250001 0.0037856359375000002 0.79612573125 0.0129934203125 0.7997624265625001 0.0173519734375 0.8049524859374999 0.0078947375
0 0.8182931281249999 0 0.8137975140625 0.00394736875 0.8163687859375001 0.0093393640625 0.823830409375 0.001864034375 0.8227704671874999 0 0.8182931281249999 0
1 0.3780153515625 0.36998355312500003 0.3779239765625 0.367489034375 0.3728435671875 0.36787280624999996 0.3728070171875 0.3703125 0.3780153515625 0.36998355312500003
1 0.39216008750000003 0.360635965625 0.39139254375 0.3587445171875 0.3868603796875 0.362116228125 0.38764619843750003 0.36398026250000004 0.39216008750000003 0.360635965625
1 0.22902046718750002 0.015953946875 0.2232821640625 0.0169682015625 0.2248355265625 0.038706140625 0.2305921046875 0.0368421046875 0.22902046718750002 0.015953946875
0 0.20502558437500001 0.019024123437500002 0.2036184203125 0.011705043750000001 0.196856725 0.015405701562499999 0.198062865625 0.022834429687499998 0.20502558437500001 0.019024123437500002
1 0.25391081875 0.35860745625 0.244992690625 0.3579769734375 0.24072916718749998 0.4338294953125 0.250475146875 0.4351233546875 0.25391081875 0.35860745625
1 0.694097221875 0.8644736843749999 0.6955226609375 0.8662280703125 0.6984466375 0.8608552625 0.6970942984375 0.8591557015625 0.694097221875 0.8644736843749999
1 0.22468932812500003 0.136348684375 0.22467105312500002 0.13355263125 0.21979166718749998 0.1337719296875 0.219828215625 0.13643092031249998 0.22468932812500003 0.136348684375
1 0.22457967812500002 0.1301809203125 0.2243603796875 0.12727521875 0.2194755109375 0.128094846875 0.21962719375 0.1307565796875 0.22457967812500002 0.1301809203125
1 0.7063048249999999 0.8202302625 0.7080774859375001 0.82102521875 0.7096491234375 0.813678728125 0.7079312859375 0.812801534375 0.7063048249999999 0.8202302625
1 0.2248355265625 0.114007675 0.22454312812500002 0.1106633765625 0.2191758046875 0.11163651249999999 0.2194261703125 0.11474780625 0.2248355265625 0.114007675
1 0.9186038015625 0.47143640312499996 0.9176900578125 0.46943530625 0.9142361109375001 0.4728344296875 0.915241228125 0.47494517500000005 0.9186038015625 0.47143640312499996
0 0.9169407890624999 0.573135965625 0.92116228125 0.5706962718749999 0.917838084375 0.5570504390625 0.9137975140625001 0.559375 0.9169407890624999 0.573135965625
1 0.9552631578125 0.8231633765625 0.9567434203125 0.8208333328125 0.953453946875 0.8162280703125001 0.951918859375 0.8186129390625 0.9552631578125 0.8231633765625
1 0.2579861109375 0.37428728125 0.2559758765625 0.37420504375 0.255884503125 0.3821820171875 0.25800438593749997 0.3823190796875 0.2579861109375 0.37428728125
1 0.27165570156249996 0.40507127187499997 0.27030336250000003 0.4029057015625 0.2669042390625 0.40822368437499995 0.268274853125 0.41025219375 0.27165570156249996 0.40507127187499997
1 0.19941520468750001 0.028563596875000003 0.19448099375 0.0344024125 0.2025036546875 0.05079495625 0.207510965625 0.044544956250000003 0.19941520468750001 0.028563596875000003
0 0.9674159359375001 0.2598958328125 0.9643274859375 0.2557565796875 0.9578033625 0.2658442984375 0.9609100875 0.2702028515625 0.9674159359375001 0.2598958328125
0 0.9151133046875 0.7309758765625001 0.9182565796875 0.72727521875 0.9125365499999999 0.7174067984375 0.9092470765625 0.7211074562500001 0.9151133046875 0.7309758765625001
0 0.0434064328125 0.2202028515625 0.0483552625 0.21866776250000003 0.04683845 0.20394736875000002 0.0422697375 0.20531798281250002 0.0434064328125 0.2202028515625
0 0.028801170312500003 0.209731359375 0.029989034375 0.20389254375000002 0.0220029234375 0.20109649062499999 0.02108918125 0.20701754375 0.028801170312500003 0.209731359375
0 0.017653509375 0.20742872812500002 0.0189327484375 0.20079495625 0.0096308484375 0.197286184375 0.008241959375 0.2036184203125 0.017653509375 0.20742872812500002
0 0.25078581875 0.2552083328125 0.2463084796875 0.25548245625 0.24683845 0.27190241249999997 0.251096490625 0.27165570156249996 0.25078581875 0.2552083328125
0 0.2637792390625 0.38673245624999997 0.263633040625 0.393393640625 0.2740679828125 0.3935307015625 0.27419590625 0.38686951718749996 0.2637792390625 0.38673245624999997
1 0.2682017546875 0.4213815796875 0.2669773390625 0.4192708328125 0.26381578906250003 0.4243969296875 0.265149853125 0.42626096562500004 0.2682017546875 0.4213815796875
0 0.042653509374999996 0.179303728125 0.039491959375 0.1799342109375 0.0404057015625 0.1919682015625 0.04375 0.1912006578125 0.042653509374999996 0.179303728125
0 0.0038011703125 0.184786184375 0.0021564328125000002 0.1903508765625 0.009685671875 0.1954221484375 0.011385234375 0.189117325 0.0038011703125 0.184786184375
1 0.2580592109375 0.18363486874999999 0.2502192984375 0.18418311406250001 0.2524269 0.2546683109375 0.2603527046875 0.25402412343749997 0.2580592109375 0.18363486874999999
1 0.23357090625 0.2516721484375 0.2357090640625 0.251151315625 0.2348866953125 0.244106359375 0.23280336250000003 0.24462719375000003 0.23357090625 0.2516721484375
1 0.3234283625 0.40128837656250005 0.3216922515625 0.401233553125 0.32158260156249996 0.4075383765625 0.32337353750000003 0.4075932015625 0.3234283625 0.40128837656250005
1 0.326918859375 0.40424890312499995 0.3251644734375 0.40413925468749995 0.32514619843750003 0.4108552625 0.326955409375 0.4108278515625 0.326918859375 0.40424890312499995
1 0.335034721875 0.4179221484375 0.335489765625 0.41351425468749997 0.3291666671875 0.41215734687500005 0.3287097953125 0.41655701718750004 0.335034721875 0.4179221484375
1 0.3248538015625 0.417653509375 0.3256030703125 0.41603618437499995 0.3228983921875 0.4130756578125 0.32200292343750003 0.4146929828125 0.3248538015625 0.417653509375
1 0.3232456140625 0.36277412343750004 0.3252741234375 0.36321271875 0.326078215625 0.3560032890625 0.32419590625 0.35537280625 0.3232456140625 0.36277412343750004
1 0.3200292390625 0.3544956140625 0.31796418125 0.354248903125 0.317598684375 0.3611019734375 0.3197368421875 0.361348684375 0.3200292390625 0.3544956140625
0 0.9068165203125 0.656688596875 0.9098866953125 0.651864034375 0.901652046875 0.6396491234374999 0.8983954671875001 0.6446628296875 0.9068165203125 0.656688596875
0 0.8372258765625 0.6312774125 0.8371710531250001 0.6370888156250001 0.84766081875 0.6365131578125001 0.84760599375 0.6306195171875 0.8372258765625 0.6312774125
1 0.6990131578125001 0.8406524125000001 0.6994700296875 0.8390076750000001 0.6967288015624999 0.837554825 0.6962993421875 0.8390981359374999 0.6990131578125001 0.8406524125000001
0 0.7788066515625001 0.385682565625 0.7765168124999999 0.38001644687499997 0.7662280703125 0.388651315625 0.76852521875 0.3946792765625 0.7788066515625001 0.385682565625
1 0.19634137499999998 0.97574013125 0.1984100875 0.976973684375 0.20019736875 0.9707812499999999 0.1981670328125 0.96949013125 0.19634137499999998 0.97574013125
1 0.21593567187499998 0.9900493421875 0.21584429843750003 0.9932291671875 0.22094298281250002 0.9932839906250001 0.22101608125 0.9901589906250001 0.21593567187499998 0.9900493421875
1 0.2256761703125 0.984375 0.2265332609375 0.9823519734374999 0.2230208328125 0.9795093203125 0.2221600875 0.9815241234375 0.2256761703125 0.984375
1 0.259320175 0.9794407890624999 0.260581140625 0.9807291671874999 0.26264619843750003 0.9762883765625 0.26133589218750003 0.9750383765624999 0.259320175 0.9794407890624999
1 0.7063413749999999 0.724643640625 0.7038194437499999 0.7280975875 0.7072514625 0.73345120625 0.7098556281249999 0.7297944078125 0.7063413749999999 0.724643640625
1 0.762116228125 0.682428728125 0.763742690625 0.6841557015624999 0.766730628125 0.6779879390625 0.7650402046875 0.6763157890625 0.762116228125 0.682428728125
1 0.7962536546875 0.5880756578125 0.7970942984375 0.5908168859375 0.801224415625 0.58821271875 0.800475146875 0.5853207234375 0.7962536546875 0.5880756578125
1 0.8516721484374999 0.6327357453125 0.8514254390625 0.635581140625 0.855829678125 0.636403509375 0.8561348687500001 0.6335389250000001 0.8516721484374999 0.6327357453125
0 0.978216375 0.2870065796875 0.975221125 0.282387609375 0.9696454671874999 0.290570175 0.9724780703125001 0.294983553125 0.978216375 0.2870065796875
0 0.5772203953124999 0.006940789062499999 0.57571271875 0.01167763125 0.5810855265625 0.0151041671875 0.582383040625 0.010553728125 0.5772203953124999 0.006940789062499999
0 0.5464912281250001 0.0353344296875 0.5452595031249999 0.040778509375 0.55087719375 0.043311403124999995 0.5521564328124999 0.0381030703125 0.5464912281250001 0.0353344296875
1 0.30076754375000003 0.2423793859375 0.303125 0.2423793859375 0.3029422515625 0.235471490625 0.3006213453125 0.23569078906250002 0.30076754375000003 0.2423793859375
1 0.3209521203125 0.36052083281249997 0.3229166671875 0.361239034375 0.32397660781250004 0.355016446875 0.3221491234375 0.3541940796875 0.3209521203125 0.36052083281249997
1 0.327194809375 0.3631716015625 0.3291849421875 0.3640899125 0.3302540203125 0.35808936406249997 0.3283442984375 0.3571546046875 0.327194809375 0.3631716015625
1 0.3123720765625 0.42341008750000003 0.3120065796875 0.4256716015625 0.31655701718749996 0.42675438593750004 0.316849415625 0.424616228125 0.3123720765625 0.42341008750000003
0 0.30210891875 0.5424424343750001 0.30095029218749997 0.548876096875 0.31144371406250004 0.5527933109375 0.3126096484375 0.546463815625 0.30210891875 0.5424424343750001
1 0.31239948906250004 0.675764803125 0.31215095000000004 0.679632675 0.316721490625 0.680153509375 0.3169608921875 0.6763596484375001 0.31239948906250004 0.675764803125
1 0.204331140625 0.5067982453125001 0.2023081140625 0.5079769734374999 0.20373537968750002 0.51431469375 0.20581140312500001 0.5131578953125 0.204331140625 0.5067982453125001
1 0.2172094296875 0.2973355265625 0.21666483906249998 0.29912006562500004 0.2199415203125 0.301351425 0.2205317984375 0.29964089843749997 0.2172094296875 0.2973355265625
1 0.2183004390625 0.29555098750000003 0.21770833281250002 0.2974780703125 0.22078033593750002 0.2997149125 0.221472953125 0.2978618421875 0.2183004390625 0.29555098750000003
1 0.2079312859375 0.2963815796875 0.20862573125 0.29421600937500003 0.205508040625 0.2919791671875 0.2047642546875 0.2940625 0.2079312859375 0.2963815796875
1 0.19928545312499998 0.2609046046875 0.19917763125000001 0.2577028515625 0.193329678125 0.258223684375 0.193402778125 0.2614309203125 0.19928545312499998 0.2609046046875
1 0.296966375 0.19317434218750001 0.2988176171875 0.1931003296875 0.2986111109375 0.186266446875 0.2968347953125 0.18640625 0.296966375 0.19317434218750001
0 0.3475292390625 0.090581140625 0.3455665203125 0.0957593203125 0.351937134375 0.1018366234375 0.354258040625 0.0970668859375 0.3475292390625 0.090581140625
1 0.2263340640625 0.0970668859375 0.22839912343750002 0.0955043859375 0.2264254390625 0.08955592031250001 0.22431286562500002 0.09115953906249999 0.2263340640625 0.0970668859375
1 0.22453399062499999 0.11061677656249999 0.22430555624999998 0.10707236875 0.2189309203125 0.1080866234375 0.21917763125 0.11158168906249999 0.22453399062499999 0.11061677656249999
0 0.021326754687499998 0.11713267499999999 0.021783625 0.1118421046875 0.014820906249999998 0.11080043906249999 0.0142361109375 0.1158991234375 0.021326754687499998 0.11713267499999999
0 0.0260416671875 0.1343475875 0.027814328125 0.1296600875 0.021787281250000002 0.12424342031249999 0.0197002921875 0.1290296046875 0.0260416671875 0.1343475875
0 0.02578581875 0.1431469296875 0.0271546046875 0.137543859375 0.0203581875 0.1341008765625 0.018802996875 0.1398245609375 0.02578581875 0.1431469296875
0 0.024104532812500003 0.152658990625 0.025259503125 0.147313596875 0.017799707812500003 0.14387061406249999 0.0164510234375 0.14920778437499999 0.024104532812500003 0.152658990625
0 0.0177448828125 0.171463815625 0.0190423984375 0.1665296046875 0.012605993749999999 0.16311129375 0.01128655 0.1679331140625 0.0177448828125 0.171463815625
0 0.1110928359375 0.32582236875000004 0.107492690625 0.326096490625 0.1078399125 0.3421875 0.1116045328125 0.3419133765625 0.1110928359375 0.32582236875000004
1 0.0451571640625 0.3224780703125 0.048044590625 0.3209703953125 0.0467470765625 0.3153782890625 0.0438231 0.3170230265625 0.0451571640625 0.3224780703125
1 0.0482090640625 0.32431469375 0.0450475140625 0.3262883765625 0.0469846484375 0.3334703953125 0.050219298437500004 0.3314967109375 0.0482090640625 0.32431469375
0 0.0526315796875 0.3908991234375 0.052739400000000006 0.385622259375 0.0439619890625 0.385696271875 0.0438139625 0.3908278515625 0.0526315796875 0.3908991234375
0 0.0858004390625 0.4919682015625 0.087024853125 0.48665021875000003 0.0801900578125 0.48294956093749997 0.0787646203125 0.4885142546875 0.0858004390625 0.4919682015625
1 0.2572733921875 0.7009320171875 0.26253655 0.7044407890625 0.2685489765625 0.6843201750000001 0.26326754375 0.6806743421875 0.2572733921875 0.7009320171875
1 0.238651315625 0.5606907890625 0.2328764625 0.5591831140625 0.2298976609375 0.5824013156250001 0.2358369890625 0.583991228125 0.238651315625 0.5606907890625
0 0.2455774859375 0.48242872812500004 0.2411732453125 0.48201754374999994 0.24031432812500003 0.4952850875 0.2447733921875 0.49583333281249997 0.2455774859375 0.48242872812500004
1 0.2423793859375 0.5813870609375 0.24047880156249998 0.58040021875 0.23916301093749998 0.5861567984375 0.2410325296875 0.5871628296875 0.2423793859375 0.5813870609375
1 0.25652595 0.5181880484375 0.2538011703125 0.517543859375 0.2530153515625 0.5241776312499999 0.255829678125 0.5248629390625 0.25652595 0.5181880484375
0 0.25862573125 0.40581140312499997 0.25400219375 0.40570175468749997 0.2532894734375 0.42099780625000005 0.25791301093749996 0.4213541671875 0.25862573125 0.40581140312499997
0 0.27351973749999997 0.43681469375 0.27900219375 0.4373629390625 0.2795687140625 0.4209429828125 0.2743238296875 0.42072368437499996 0.27351973749999997 0.43681469375
0 0.3279422515625 0.588596490625 0.32741228125 0.5950383765625 0.3378326015625 0.59675986875 0.33835891875 0.5901315796875 0.3279422515625 0.588596490625
0 0.3243347953125 0.6572368421875 0.32894736875 0.657401315625 0.3294956140625 0.642571271875 0.324689328125 0.6423245609375 0.3243347953125 0.6572368421875
0 0.19658260156250001 0.6826480265625 0.197240496875 0.6766447375 0.1880847953125 0.6745065796875 0.18746345 0.6806743421875 0.19658260156250001 0.6826480265625
0 0.1798812140625 0.7108168859374999 0.1782346484375 0.7170230265625 0.1864510234375 0.7219544953125 0.1880939328125 0.716063596875 0.1798812140625 0.7108168859374999
0 0.1766630109375 0.73212719375 0.1755299703125 0.7388980265625 0.1844517546875 0.742626096875 0.1855939328125 0.735770284375 0.1766630109375 0.73212719375
0 0.16683114062499999 0.791803728125 0.1650402046875 0.7978618421875 0.17295504374999998 0.8030427625 0.17461988281250002 0.7972395828125001 0.16683114062499999 0.791803728125
1 0.23364400624999998 0.812938596875 0.2404422515625 0.8150493421875 0.24466374218750003 0.7832538375 0.2381761703125 0.7812225875000001 0.23364400624999998 0.812938596875
1 0.2619152046875 0.67272478125 0.267562134375 0.6735745609375 0.2693713453125 0.649671053125 0.2638888890625 0.6487390343749999 0.2619152046875 0.67272478125
0 0.20091374218750002 0.6053179828124999 0.20554824531250002 0.60650219375 0.20703581875000002 0.5942434203125 0.2024671046875 0.5928453953124999 0.20091374218750002 0.6053179828124999
0 0.32474415156249997 0.553508771875 0.3202668125 0.55243969375 0.3184941515625 0.5665570171875001 0.323081140625 0.5676809203125 0.32474415156249997 0.553508771875
1 0.26955409375 0.77738486875 0.268384503125 0.7815241234375 0.27362938593749997 0.7845120609375 0.27479897656249996 0.78037280625 0.26955409375 0.77738486875
1 0.2661732453125 0.5466008765625 0.268731725 0.5468475875000001 0.269133771875 0.5400493421875 0.2665752921875 0.5398026312499999 0.2661732453125 0.5466008765625
1 0.27569444375 0.520696271875 0.2784320171875 0.5209566890625 0.2787463453125 0.5140350875 0.2760051171875 0.5138157890625 0.27569444375 0.520696271875
1 0.2545869890625 0.479358553125 0.248739034375 0.47864583281249995 0.24758771875000002 0.49810855312499996 0.25356359687499996 0.49876644687500005 0.2545869890625 0.479358553125
0 0.0240533625 0.10407072343749998 0.028508771874999998 0.10445449531249999 0.029349415625000003 0.0905153515625 0.024945175 0.08991228125 0.0240533625 0.10407072343749998
0 0.0334429828125 0.09243421093750001 0.037975146875 0.09292763125 0.0391630109375 0.07743969375000001 0.034777046875 0.0767543859375 0.0334429828125 0.09243421093750001
0 0.0291849421875 0.09287280625 0.0333333328125 0.093448465625 0.0346125734375 0.0783442984375 0.0305921046875 0.0779605265625 0.0291849421875 0.09287280625
0 0.0424524859375 0.163623903125 0.038486842187499995 0.1646929828125 0.0396198828125 0.17886513125 0.043676900000000005 0.1776315796875 0.0424524859375 0.163623903125
0 0.1084795328125 0.46334978125 0.1041666671875 0.4665844296875 0.1087902046875 0.47998903437499996 0.11288377187500001 0.4768366234375 0.1084795328125 0.46334978125
0 0.0493969296875 0.5001644734374999 0.053198100000000005 0.5030153515625 0.056798245312499995 0.49174890312499997 0.052945906249999994 0.48918311406250004 0.0493969296875 0.5001644734374999
0 0.037097953125 0.5887883765625 0.0346125734375 0.5942708328124999 0.042635234375 0.6026315796875 0.0452302625 0.5969846484375 0.037097953125 0.5887883765625
0 0.065296053125 0.6345120609375 0.06600877187500001 0.627796053125 0.054312865625 0.6246710531249999 0.05350877187500001 0.631633771875 0.065296053125 0.6345120609375
0 0.0814510234375 0.6560307015625 0.0826937140625 0.649533990625 0.072277046875 0.6452028515625 0.07114400625 0.651096490625 0.0814510234375 0.6560307015625
1 0.078581871875 0.6208333328125 0.08201754375 0.61321271875 0.0697002921875 0.599945175 0.06590095 0.6074396937500001 0.078581871875 0.6208333328125
0 0.0783991234375 0.6891995609375 0.0827668125 0.6899945171875 0.0837171046875 0.6775767546875 0.0794590640625 0.676864034375 0.0783991234375 0.6891995609375
1 0.223757309375 0.8254660093749999 0.22606725156250002 0.8264857453125 0.2271052625 0.820315240625 0.22485380156249998 0.81946271875 0.223757309375 0.8254660093749999
1 0.20811769062500002 0.8266365125 0.205847953125 0.8252192984375 0.20402046718750003 0.83196271875 0.206341375 0.8332236843749999 0.20811769062500002 0.8266365125
0 0.25645102343750004 0.8790844296874999 0.25537463437499996 0.88493969375 0.2631030703125 0.887856359375 0.2640533625 0.88212719375 0.25645102343750004 0.8790844296874999
0 0.25820540937500003 0.8716831140625001 0.2569078953125 0.8777412281249999 0.2645833328125 0.8810307015625 0.2656981 0.8752467109375001 0.25820540937500003 0.8716831140625001
0 0.2599963453125 0.8634046046874999 0.25855263125 0.8692708328125001 0.26588084843750004 0.8731907890624999 0.26734283593749997 0.867653509375 0.2599963453125 0.8634046046874999
1 0.250310671875 0.8532894734375001 0.24963450312500002 0.8579495609375 0.2547149125 0.8598958328125 0.2555738296875 0.8553728062499999 0.250310671875 0.8532894734375001
1 0.2532346484375 0.8469024125000001 0.25237573125 0.8515241234375001 0.2578033625 0.8537828953125001 0.2588267546875 0.8492598687499999 0.2532346484375 0.8469024125000001
0 0.2673245609375 0.8474780703125001 0.266341375 0.8528097593749999 0.273775584375 0.85553728125 0.2747624265625 0.8505756578125 0.2673245609375 0.8474780703125001
0 0.7955957609375 0.5992050437499999 0.7988103062499999 0.6040625000000001 0.8072002921875001 0.5915844296875 0.80394736875 0.58670504375 0.7955957609375 0.5992050437499999
0 0.786293859375 0.577658990625 0.7890168125 0.583168859375 0.7975511703125 0.5734100875 0.7945175437499999 0.568393640625 0.786293859375 0.577658990625
1 0.5317434203125 0.1868695171875 0.5341008765625 0.1895833328125 0.5372076015625 0.18426535156249998 0.5349415203125 0.1813322375 0.5317434203125 0.1868695171875
0 0.26646564375000004 0.07560307031249999 0.2709338453125 0.0747615125 0.26957236875 0.0623629390625 0.265168128125 0.06329495625 0.26646564375000004 0.07560307031249999
0 0.0437097953125 0.1417571265625 0.0407894734375 0.13769188593749998 0.034998171875 0.1466858546875 0.038068348437499996 0.151077303125 0.0437097953125 0.1417571265625
0 0.0290752921875 0.119956140625 0.030866228125 0.115241228125 0.023775584375 0.109703946875 0.0220741953125 0.114446271875 0.0290752921875 0.119956140625
0 0.21057748593749998 0.9869517546875001 0.21341374218750003 0.9908442984375 0.2186769 0.9818804828125 0.2158077484375 0.9783717109375001 0.21057748593749998 0.9869517546875001
1 0.2775767546875 0.9865679828125 0.2752010234375 0.984429825 0.27191337656250003 0.9916008765625 0.27421418124999997 0.9938322375 0.2775767546875 0.9865679828125
1 0.280774853125 0.991063596875 0.2787646203125 0.9887335531250001 0.2752558484375 0.994873903125 0.27722953281249996 0.9973410093749999 0.280774853125 0.991063596875
1 0.28210891875 0.9909539468749999 0.27885599375000003 0.9977796046874999 0.281081871875 1 0.282474415625 0.9972587718750001 0.284356725 0.9932017546875 0.28210891875 0.9909539468749999
1 0.2724780703125 0.984375 0.270760234375 0.9827302625 0.26834795312500004 0.9878837718750001 0.2700292390625 0.9895285093749999 0.2724780703125 0.984375
1 0.2694682015625 0.98154879375 0.2678362578125 0.9798245609375 0.2654422515625 0.984813596875 0.2670687140625 0.9864583328125001 0.2694682015625 0.98154879375
1 0.2743603796875 0.9859649125000001 0.2728983921875 0.984429825 0.2703399125 0.9895093203125 0.271875 0.991063596875 0.2743603796875 0.9859649125000001
1 0.22595029218749998 0.126233553125 0.22512792343750002 0.12042214843750002 0.2179331140625 0.12243695156250001 0.2187554828125 0.12829769687499998 0.22595029218749998 0.126233553125
1 0.2251096484375 0.11987390312499999 0.2244517546875 0.11419956093750001 0.2172514625 0.11578947343749998 0.21772843593750002 0.1215104171875 0.2251096484375 0.11987390312499999
0 0.03196271875 0.107456140625 0.036732456250000003 0.10808388124999999 0.0376644734375 0.0932017546875 0.0330226609375 0.092653509375 0.03196271875 0.107456140625
0 0.248775584375 0.9106907890624999 0.243430190625 0.9072286187499999 0.23831323124999998 0.9235608546874999 0.24384685625000002 0.927398575 0.248775584375 0.9106907890624999
0 0.0099597953125 0.1740953953125 0.008461257812500001 0.1797697375 0.015460526562499998 0.1833607453125 0.016794590625 0.1776315796875 0.0099597953125 0.1740953953125
1 0.0415387421875 0.11422697343749999 0.034393275 0.114007675 0.0337353796875 0.135526315625 0.041027046875 0.1360745609375 0.0415387421875 0.11422697343749999
0 0.02574926875 0.0900493421875 0.029367690624999998 0.0905427625 0.03053728125 0.0782072375 0.027010234374999997 0.0778508765625 0.02574926875 0.0900493421875
0 0.019608918750000003 0.1044682015625 0.023775584375 0.1046600875 0.024141081249999998 0.0907346484375 0.020010965625 0.09070723750000001 0.019608918750000003 0.1044682015625
0 0.178044590625 0.720479715625 0.17684576093749999 0.726918859375 0.18506944375 0.7308908984375 0.18669590625000002 0.7244517546875 0.178044590625 0.720479715625
1 0.235955775 0.98209155625 0.23481359687499997 0.9780153515625001 0.228528875 0.9816611843749999 0.22966008750000003 0.9856907890625 0.235955775 0.98209155625
1 0.2174159359375 0.984320175 0.21642909375000002 0.9866776312500001 0.2201388890625 0.9893640343750001 0.22099780624999998 0.9870065796875 0.2174159359375 0.984320175
0 0.298793859375 0.5280701750000001 0.3025036546875 0.5283717109375 0.3036366953125 0.5169133765625 0.29992507343749997 0.5163898031249999 0.298793859375 0.5280701750000001
0 0.345632309375 0.230893640625 0.344919590625 0.2239309203125 0.33408260156249997 0.2260690796875 0.33466739843750004 0.233114034375 0.345632309375 0.230893640625
1 0.15949561406249999 1 0.16165935625 0.9897203953125 0.15548245624999998 0.9870339906250001 0.152359284375 1 0.15949561406249999 1
1 0.177796053125 0.9571820171875001 0.1759685671875 0.9559210531250001 0.173848684375 0.9622807015625 0.1757273390625 0.9635389249999999 0.177796053125 0.9571820171875001
0 0.3148903515625 0.25673245625 0.31883040937499996 0.256219846875 0.3177997078125 0.24246162343750002 0.31411915156250003 0.2428508765625 0.3148903515625 0.25673245625
0 0.30947733906249997 0.46283168906250005 0.3092470765625 0.4692708328125 0.32006944375 0.46988486875 0.320367325 0.4638157890625 0.30947733906249997 0.46283168906250005
0 0.200921053125 0.5133854171875 0.20160635937500002 0.5074725875 0.1932017546875 0.5052905703125 0.1923611109375 0.511321271875 0.200921053125 0.5133854171875
0 0.019437134375 0.207373903125 0.01805555625 0.21324013125 0.026231725 0.21719298281250002 0.0277192984375 0.2111677625 0.019437134375 0.207373903125
1 0.22291666718749997 0.097231359375 0.22236842031249998 0.09150219375 0.21546052656249998 0.09303728125 0.216081871875 0.0989857453125 0.22291666718749997 0.097231359375
1 0.22341008750000002 0.10652412343749999 0.2228618421875 0.1020833328125 0.21646564375000002 0.1041118421875 0.2170321640625 0.10852521875000001 0.22341008750000002 0.10652412343749999
0 0.7845741953125 0.7331907890625 0.78037280625 0.7300986843749999 0.7749780703125 0.744372259375 0.7795138890625 0.7478344296875 0.7845741953125 0.7331907890625
0 0.742640715625 0.7302302625 0.7472295328125 0.7342269734375 0.7519682015625 0.7235663375 0.7476736109375001 0.7193475874999999 0.742640715625 0.7302302625
0 0.3408168859375 0.8287527406249999 0.340716375 0.8324835531250001 0.3452302625 0.832842653125 0.345328946875 0.8291995609375 0.3408168859375 0.8287527406249999
1 0.2092927625 0.9791118421875 0.2056103796875 0.98040021875 0.20672331875 0.9891365125 0.210581140625 0.9881030703125001 0.2092927625 0.9791118421875
0 0.23549707656250002 0.3038706140625 0.23135599375 0.303977521875 0.2313596484375 0.3162006578125 0.23535453281250002 0.31618969375 0.23549707656250002 0.3038706140625
0 0.02400219375 0.117658990625 0.0220741953125 0.12290844375000001 0.02878655 0.12868969375 0.030641446875 0.12312225937500001 0.02400219375 0.117658990625
0 0.001114765625 0.19831688593750002 0.00008771875 0.20417763125000002 0.0084247078125 0.2067982453125 0.0093421046875 0.201403509375 0.001114765625 0.19831688593750002
0 0.006871345312500001 0.2004934203125 0.008629385937500001 0.1951809203125 0.0022898390625 0.19029879375 0.00023757343749999997 0.19583333281249998 0.006871345312500001 0.2004934203125
0 0.332510965625 0.098026315625 0.332437865625 0.10455043906249999 0.340643275 0.10444078906250001 0.3406469296875 0.09790844374999999 0.332510965625 0.098026315625
0 0.32465277812500004 0.108196271875 0.325365496875 0.115679825 0.3355756578125 0.1138678734375 0.33500548281250003 0.1063706140625 0.32465277812500004 0.108196271875
1 0.5944334796875 0.068352521875 0.5967470765625 0.0702850875 0.5994024125 0.063338815625 0.5969170328125 0.0616694078125 0.5944334796875 0.068352521875
0 0.8049762421875 0.038703398437499995 0.809294590625 0.0376233546875 0.8077485375 0.0249725875 0.8033260234374999 0.026206140625000002 0.8049762421875 0.038703398437499995
0 0.7888157890625 0.04758771875 0.7919956140625 0.0522203953125 0.798793859375 0.041885965625 0.7955957609375 0.0374177625 0.7888157890625 0.04758771875
0 0.7855226609375 0.040030153125 0.7887116234375 0.0448108546875 0.7954970765625 0.0354029609375 0.792205775 0.030315240625 0.7855226609375 0.040030153125
0 0.835489765625 0.044051534375 0.8331286546875001 0.03787280625 0.8255208328125001 0.0440405703125 0.827777778125 0.050219298437500004 0.835489765625 0.044051534375
0 0.8407346484374999 0.0494517546875 0.8383771937500001 0.042653509374999996 0.829632675 0.0492845390625 0.8322039468750001 0.0563788375 0.8407346484374999 0.0494517546875
0 0.8431122078125 0.057042215625 0.8414674703125 0.05118146875 0.8333516078125 0.0562774125 0.8349908625 0.062439693750000004 0.8431122078125 0.057042215625
0 0.7201388890625 0.6705729171875 0.71859831875 0.6765871703124999 0.7284685671875 0.6827576750000001 0.730010965625 0.6764336625 0.7201388890625 0.6705729171875
1 0.23594115468750002 0.7705921046875 0.238596490625 0.7708470390625 0.23885416718750002 0.763135965625 0.23619700312499997 0.76275219375 0.23594115468750002 0.7705921046875
1 0.26282894687499997 0.8115515343749999 0.2619700296875 0.8164473687499999 0.2681469296875 0.819133771875 0.26908260156249997 0.8142516453124999 0.26282894687499997 0.8115515343749999
0 0.08585891875 0.5238541671875 0.090213815625 0.5265323468750001 0.09385599375 0.51272478125 0.08949926875 0.51025219375 0.08585891875 0.5238541671875
0 0.07986111093750001 0.5261019734375 0.083936403125 0.5286732453125 0.08764254375 0.5169983546875 0.083287646875 0.5139994515625 0.07986111093750001 0.5261019734375
0 0.0829312859375 0.5139994515625 0.0870065796875 0.5165844296875 0.09164839218750001 0.5037280703125 0.0875 0.50061129375 0.0829312859375 0.5139994515625
0 0.02587719375 0.2192434203125 0.030811403124999998 0.22171052656249998 0.0347277046875 0.20567434218749997 0.029895832812500002 0.20274396874999998 0.02587719375 0.2192434203125
0 0.3095942984375 0.476178728125 0.3100146203125 0.48259320156249996 0.3200822375 0.481206140625 0.31993969375 0.47445723749999996 0.3095942984375 0.476178728125
0 0.3106542390625 0.45282346562500003 0.31016081875 0.45989583281249996 0.3197971484375 0.461389803125 0.320153509375 0.45442982499999995 0.3106542390625 0.45282346562500003
0 0.3179404234375 0.49866228125 0.31843932812500003 0.4920230265625 0.307437865625 0.49010416718750005 0.30701754375 0.4968475875 0.3179404234375 0.49866228125
1 0.27289108125 0.7599780703125 0.272185671875 0.76480263125 0.27753289531249997 0.7667242328125 0.2783899859375 0.7619051531250001 0.27289108125 0.7599780703125
1 0.2863139625 0.66675986875 0.2860745609375 0.6712225875 0.29256030625 0.6720257671875001 0.2927394 0.6672066890624999 0.2863139625 0.66675986875
1 0.2857821640625 0.6743421046875 0.285471490625 0.679248903125 0.291966375 0.6804166671874999 0.2924342109375 0.675328946875 0.2857821640625 0.6743421046875
1 0.30458698906250004 0.6671052625 0.3044590640625 0.6720394734374999 0.3108278515625 0.6724725874999999 0.3110654234375 0.667653509375 0.30458698906250004 0.6671052625
1 0.30422331874999997 0.6737225875 0.304044225 0.6782730265625 0.31100694375 0.67881030625 0.31112573125 0.674078946875 0.30422331874999997 0.6737225875
1 0.3034502921875 0.6797916671875 0.3029788015625 0.6845120609374999 0.3095778515625 0.6862171046875 0.3101133046875 0.681307565625 0.3034502921875 0.6797916671875
0 0.34025950312500003 0.5844572375 0.340990496875 0.576864034375 0.32951571562500004 0.5740981359374999 0.32865314375 0.5813157890625 0.34025950312500003 0.5844572375
0 0.166767178125 0.7824232453125 0.165277778125 0.7881304828125 0.17414473749999998 0.793848684375 0.17575109687499998 0.7876891453125 0.166767178125 0.7824232453125
0 0.173232821875 0.7474342109375 0.17244152031249999 0.7531524125 0.18131030625 0.7562116234375 0.18210891875 0.7506332234374999 0.173232821875 0.7474342109375
0 0.23856907968750002 0.7330619515625 0.2436403515625 0.7348958328124999 0.2455774859375 0.7196820171875 0.24100877187499997 0.7181743421875 0.23856907968750002 0.7330619515625
0 0.381560671875 0.6859375 0.378125 0.68980263125 0.3841191515625 0.7001918859375 0.3873355265625 0.695778509375 0.381560671875 0.6859375
0 0.35228435625 0.7035087718749999 0.356633771875 0.7009320171875 0.35299159375 0.6878645828125001 0.34899305625 0.6906469296875 0.35228435625 0.7035087718749999
0 0.327337353125 0.5972944078125 0.32697916718750003 0.6040433109375 0.3361184203125 0.604901315625 0.3364053359375 0.5982593203125 0.327337353125 0.5972944078125
0 0.30705409375000003 0.563760965625 0.30341739843750004 0.567516446875 0.309850146875 0.5799342109375 0.31319444375 0.5757675437499999 0.30705409375000003 0.563760965625
0 0.3107711984375 0.595153509375 0.3116282890625 0.589262609375 0.3024177625 0.58529879375 0.30135233906250003 0.591721490625 0.3107711984375 0.595153509375
0 0.3102704671875 0.6061842109375 0.31091008750000004 0.6001918859375001 0.30048976562499996 0.5972944078125 0.29977521875 0.603508771875 0.3102704671875 0.6061842109375
0 0.25784173906249996 0.5943832234374999 0.2627192984375 0.5955317984375 0.264267178125 0.5805016453125 0.2592982453125 0.579473684375 0.25784173906249996 0.5943832234374999
0 0.226169590625 0.31091008750000004 0.2216374265625 0.31091008750000004 0.22112573124999998 0.3248081140625 0.22585891875000003 0.3252741234375 0.226169590625 0.31091008750000004
0 0.2748172515625 0.29133771875000003 0.2799524859375 0.29087171093749997 0.279533990625 0.273596490625 0.27470760156249996 0.27360197343750003 0.2748172515625 0.29133771875000003
1 0.24812865468749998 0.7277055921875 0.25356359687499996 0.7298519734375 0.256982821875 0.708426534375 0.25155336250000004 0.7063870609375 0.24812865468749998 0.7277055921875
1 0.25441337656249996 0.7299561406249999 0.2603252921875 0.7322094296875 0.2634137421875 0.7106633765625 0.2578399125 0.70821271875 0.25441337656249996 0.7299561406249999
1 0.24133771875 0.762828946875 0.2472002921875 0.7655153515625 0.25297880156249997 0.7344572375 0.24663742656249998 0.7316611843749999 0.24133771875 0.762828946875
1 0.244919590625 0.774588815625 0.2504934203125 0.7782346484375 0.25870431250000003 0.74889254375 0.25270650625 0.7448218203125 0.244919590625 0.774588815625
1 0.19049524843750001 0.0637883765625 0.187171053125 0.0638706140625 0.18704495625 0.0731578953125 0.1903691515625 0.07324561406249999 0.19049524843750001 0.0637883765625
1 0.8960051171875 0.48762335468750007 0.8947002921875 0.48692434218749997 0.8932803359375001 0.4922669953125 0.8946436406249999 0.49305646875000003 0.8960051171875 0.48762335468750007
1 0.29814327500000004 0.6505071265625 0.2997076015625 0.65082236875 0.3002010234375 0.6443530703125 0.2985562859375 0.6440241234374999 0.29814327500000004 0.6505071265625
1 0.2828326015625 0.6512746703125 0.283132309375 0.6532072375 0.286918859375 0.6518311406249999 0.2865478796875 0.6498245609375 0.2828326015625 0.6512746703125
1 0.2825657890625 0.653481359375 0.28286915156250003 0.655397478125 0.28676900625 0.654059759375 0.2863980265625 0.6520531796875 0.2825657890625 0.653481359375
1 0.2820778515625 0.6567050437499999 0.2820778515625 0.6588432015625 0.28651315781250003 0.658908990625 0.2865296046875 0.6567050437499999 0.2820778515625 0.6567050437499999
1 0.281091009375 0.660751096875 0.281091009375 0.6632182015625 0.2853618421875 0.66321271875 0.2853892546875 0.6608168859375 0.281091009375 0.660751096875
1 0.2805208328125 0.6645339906250001 0.2796875 0.6668695171875 0.284007675 0.6698958328125 0.284795321875 0.667543859375 0.2805208328125 0.6645339906250001
1 0.2802613296875 0.6705921046875 0.2798812140625 0.6732428734375 0.2845869890625 0.675328946875 0.28508771875 0.67272478125 0.2802613296875 0.6705921046875
1 0.28037280625 0.674616228125 0.280080409375 0.6771381578125 0.284533990625 0.6785005484375 0.2846600875 0.675992325 0.28037280625 0.674616228125
1 0.279671053125 0.67741228125 0.2795760234375 0.679969846875 0.2845942984375 0.6811129390625 0.28472222187499996 0.678536184375 0.279671053125 0.67741228125
1 0.2788176171875 0.6800164468750001 0.2783808484375 0.6825657890625 0.283168859375 0.6844572375 0.28362573125 0.68196271875 0.2788176171875 0.6800164468750001
1 0.27818530625000004 0.68266995625 0.277649853125 0.6849917765625 0.2826388890625 0.6880208328124999 0.28336988281250003 0.6854166671875 0.27818530625000004 0.68266995625
1 0.2774049703125 0.68816611875 0.2768603796875 0.6904166671875 0.281588084375 0.6929413375 0.282180190625 0.690825109375 0.2774049703125 0.68816611875
1 0.2763596484375 0.6924616234375 0.27585891875 0.6947807015625 0.280679825 0.6966913375 0.28099780625 0.6947807015625 0.2763596484375 0.6924616234375
1 0.2755409359375 0.69641995625 0.274722221875 0.699147478125 0.27931469375 0.70146655625 0.2799067984375 0.699216009375 0.2755409359375 0.69641995625
1 0.28322551093750004 0.6988733546875 0.2838084796875 0.701206140625 0.288954678125 0.6996244515625001 0.28836439999999997 0.69709978125 0.28322551093750004 0.6988733546875
1 0.2824067984375 0.7003070171875 0.2814071640625 0.7020805921875 0.28459064375 0.70535361875 0.28572733906250003 0.7037280703125 0.2824067984375 0.7003070171875
1 0.27730263125 0.686403509375 0.2762975140625 0.6845668859375 0.272185671875 0.6884868421875 0.2732638890625 0.6907072375000001 0.27730263125 0.686403509375
1 0.272313596875 0.6880482453125001 0.270760234375 0.6888157890625 0.2719042390625 0.69563870625 0.2734521203125 0.69464638125 0.272313596875 0.6880482453125001
1 0.21292032187499998 0.08097587656250001 0.212481725 0.0759046046875 0.20724780625 0.07688870625000001 0.2076388890625 0.08212719375000001 0.21292032187499998 0.08097587656250001
1 0.2040935671875 0.06992872812499999 0.20663377187499998 0.0692406796875 0.205838815625 0.0627055921875 0.20329861093749999 0.0633881578125 0.2040935671875 0.06992872812499999
1 0.20037828906250002 0.0764967109375 0.2018457609375 0.0765350875 0.202028509375 0.0708607453125 0.2005683484375 0.070811403125 0.20037828906250002 0.0764967109375
0 0.390338084375 0.687354715625 0.3869024125 0.6912198468749999 0.3928965640625 0.7016091015625 0.3961129390625 0.6971957234375 0.390338084375 0.687354715625