0 0.80862573125 0.1560032890625 0.8091008765625001 0.1475328953125 0.7965460531249999 0.144161184375 0.7959795328125 0.1532620609375 0.80862573125 0.1560032890625
0 0.8274671046875 0.16066337656250002 0.828070175 0.1529057015625 0.8171418125000001 0.149698465625 0.8164473687499999 0.1579495609375 0.8274671046875 0.16066337656250002
1 0.8766630109375001 0.16167763125 0.8772295328125 0.151918859375 0.862152778125 0.1473958328125 0.861348684375 0.157346490625 0.8766630109375001 0.16167763125
0 0.938633040625 0.18514254375 0.9391209796875 0.17720120625 0.9294590640625 0.1734649125 0.9286184203125 0.181606359375 0.938633040625 0.18514254375
1 0.9685307015625 0.1963541671875 0.9690606718750001 0.18610197343749998 0.95230263125 0.1791392546875 0.9516812859374999 0.18928179843749998 0.9685307015625 0.1963541671875
1 1 0.208278509375 0.97118055625 0.19646381562499998 0.9700657890625 0.20975877187499997 1 0.221463815625 1 0.208278509375
0 0.2134320171875 0.596518640625 0.2126827484375 0.603591009375 0.22203947343750002 0.6058388156250001 0.22266081875000002 0.5986293859375 0.2134320171875 0.596518640625
0 0.4223684203125 0.0490679828125 0.41955409374999997 0.0432291671875 0.41094846562500004 0.051077303124999994 0.4140405703125 0.0574917765625 0.4223684203125 0.0490679828125
1 0.3530519 0.0459703953125 0.35301535156249997 0.04300986875 0.34756944375 0.0431469296875 0.34758771875 0.04608004375 0.3530519 0.0459703953125
0 0.152704678125 0.06543311406249999 0.15277777812499999 0.073382675 0.1638340640625 0.073135965625 0.163724415625 0.065213815625 0.152704678125 0.06543311406249999
0 0.9588267546875 0.4142269734375 0.9618055562500001 0.40625 0.952046784375 0.397286184375 0.94915935625 0.40509868437499996 0.9588267546875 0.4142269734375
1 0.9517909359375001 0.40416666718750005 0.9465460531250001 0.39684758750000004 0.9377923984375001 0.41559758750000003 0.9434758765625 0.42269736875 0.9517909359375001 0.40416666718750005
0 0.9548428359375001 0.4120065796875 0.9508954671875 0.4063596484375 0.94303728125 0.42006578906250003 0.9474963453124999 0.42579495625 0.9548428359375001 0.4120065796875
0 0.7359100875 0.603125 0.73525219375 0.61022478125 0.74607090625 0.6129385968750001 0.746527778125 0.6053453953125 0.7359100875 0.603125
0 0.729331140625 0.6193256578125 0.7279422515625 0.6246984656250001 0.73678728125 0.6294956140625 0.7379934203125 0.6240953953124999 0.729331140625 0.6193256578125
0 0.7338450296875 0.61014254375 0.7330043859375001 0.61790021875 0.7461988296875 0.6208333328125 0.7468019 0.6130756578125001 0.7338450296875 0.61014254375
0 0.741197003125 0.6426041671875 0.746418128125 0.644216009375 0.748008040625 0.6302357453125 0.7431469296875 0.6286458328125 0.741197003125 0.6426041671875
0 0.7206140343749999 0.6452576750000001 0.7221856718749999 0.6379111843749999 0.7099232453125001 0.63050986875 0.7079678359375 0.637966009375 0.7206140343749999 0.6452576750000001
0 0.5712536546875 0.3384594296875 0.57569444375 0.33577302656249997 0.5715095031249999 0.320751096875 0.5670869890625 0.3231907890625 0.5712536546875 0.3384594296875
0 0.5521747078125 0.3372807015625 0.5470942984375 0.334841009375 0.5434576015625 0.3494791671875 0.548775584375 0.35224780624999996 0.5521747078125 0.3372807015625
1 0.8453216375 0.0911732453125 0.8517726609375 0.09273574531249999 0.85391081875 0.067516446875 0.84756944375 0.0658442984375 0.8453216375 0.0911732453125
0 0.844115496875 0.08226425468750001 0.8385599421875 0.0827028515625 0.8407346484374999 0.10087719375 0.846418128125 0.10054824531249999 0.844115496875 0.08226425468750001
1 0.749689328125 0.0345942984375 0.749945175 0.045257675000000004 0.7658625734375 0.044956140625 0.7653874265625 0.034292762500000004 0.749689328125 0.0345942984375
1 0.7778691515625 0.0515899125 0.776991959375 0.0626370609375 0.7943165203125 0.06795504375 0.79449926875 0.057428728124999995 0.7778691515625 0.0515899125
1 0.7565058484375 0.0525219296875 0.7572551171875 0.06370614062499999 0.774597953125 0.06480263124999999 0.7734466375 0.0537554828125 0.7565058484375 0.0525219296875
0 0.46549707656250006 0.03209978125 0.46599049687500005 0.025301534375 0.45555007343750004 0.0229358546875 0.4546235375 0.029714912500000003 0.46549707656250006 0.03209978125
0 0.4497807015625 0.039446271875 0.4454495609375 0.0373355265625 0.4423976609375 0.0516447375 0.4470211984375 0.053536184375 0.4497807015625 0.039446271875
0 0.43713450312499996 0.0361567984375 0.432419590625 0.036321271875 0.43262061406249996 0.050219298437500004 0.4373903515625 0.0501096484375 0.43713450312499996 0.0361567984375
0 0.3310307015625 0.008196271875 0.327010234375 0.012006579687500001 0.3338815796875 0.0236019734375 0.337902046875 0.019161184375 0.3310307015625 0.008196271875
1 0.33859649062499997 0 0.33801169531249997 0.010581140625 0.34287280625 0.010581140625 0.3432200296875 0 0.33859649062499997 0
0 0.3337536546875 0 0.33084795312500004 0.008936403125 0.3353983921875 0.0122532890625 0.3389254390625 0 0.3337536546875 0
0 0.3275036546875 0 0.325475146875 0.0036184203125 0.3296052625 0.008360745312499999 0.33408260156249997 0 0.3275036546875 0
0 0.310617690625 0.03826754375 0.3108187140625 0.029632675000000004 0.2993786546875 0.0299342109375 0.2990862578125 0.0388980265625 0.310617690625 0.03826754375
0 0.14290935625 0.048492324999999996 0.1483187140625 0.04758771875 0.1484831875 0.0299616234375 0.143695175 0.0314144734375 0.14290935625 0.048492324999999996
0 0.12165570156250001 0.0415296046875 0.1263888890625 0.043256579687500005 0.12896564375 0.02900219375 0.124597953125 0.027658990625 0.12165570156250001 0.0415296046875
0 0.1267726609375 0.052796053125 0.1262975140625 0.0450657890625 0.1150219296875 0.047231359375 0.115222953125 0.0548519734375 0.1267726609375 0.052796053125
0 0.1126644734375 0.07645285156250001 0.11246344999999999 0.06951754375 0.10138888906250001 0.07099780624999999 0.10113304062499999 0.07807017499999999 0.1126644734375 0.07645285156250001
0 0.1080592109375 0.0500822375 0.112938596875 0.048793859375 0.11174890312500001 0.0315542765625 0.10727339218750001 0.033004385937500005 0.1080592109375 0.0500822375
1 0.105811403125 0.057510965625 0.1059941515625 0.0473958328125 0.0904788015625 0.048492324999999996 0.090204678125 0.0583607453125 0.105811403125 0.057510965625
0 0.07854532187499999 0.0521655703125 0.0786366953125 0.061184210937500004 0.0891630109375 0.059758771875000005 0.0889071640625 0.0509046046875 0.07854532187499999 0.0521655703125
0 0.059777046874999996 0.0349506578125 0.055391081249999995 0.0365405703125 0.05553728125 0.050986842187500006 0.06017909375 0.0493695171875 0.059777046874999996 0.0349506578125
0 0.055391081249999995 0.0435581140625 0.0505847953125 0.044462718750000005 0.0497807015625 0.0584155703125 0.054970760937499995 0.057456140625 0.055391081249999995 0.0435581140625
0 0.013468567187499999 0.0731907890625 0.013669590625 0.06647478125 0.0046052625 0.065953946875 0.0043128656250000005 0.07275219375 0.013468567187499999 0.0731907890625
0 0.0170504390625 0.0623629390625 0.017543859375 0.0561403515625 0.0087719296875 0.054276315625 0.008241959375 0.0603618421875 0.0170504390625 0.0623629390625
0 0.02576754375 0.0479440796875 0.02569444375 0.0406524125 0.015899123437500003 0.0412554828125 0.015899123437500003 0.0483004390625 0.02576754375 0.0479440796875
0 0.02587719375 0.039501096875 0.02576754375 0.032757675 0.01637426875 0.0337993421875 0.016429093750000002 0.040926534375000004 0.02587719375 0.039501096875
0 0.015643275 0.01636513125 0.010581140625 0.0161732453125 0.009375 0.0307565796875 0.014546784375 0.0310032890625 0.015643275 0.01636513125
0 0.1463815796875 0.2626096484375 0.1462719296875 0.2703399125 0.15608552656250002 0.270257675 0.1560672515625 0.2623081140625 0.1463815796875 0.2626096484375
0 0.983991228125 0.3048245609375 0.9833881578125 0.3118421046875 0.9952302625 0.3146107453125 0.995668859375 0.3075657890625 0.983991228125 0.3048245609375
0 0.925018275 0.332867325 0.9255847953125 0.3259046046875 0.9151498531250001 0.32258771875000003 0.914418859375 0.33007127187499996 0.925018275 0.332867325
0 0.8487024859375 0.61647478125 0.853125 0.6200383765625 0.8574926906250001 0.6078399125 0.8531615499999999 0.6042763156250001 0.8487024859375 0.61647478125
1 0.9461805562500001 0.431606359375 0.9467105265625 0.42275219374999995 0.9317616953125001 0.418421053125 0.9311220765625 0.42768640312499995 0.9461805562500001 0.431606359375
1 0.9430190062499999 0.441748903125 0.9438413750000001 0.433168859375 0.9275036546875001 0.4265350875 0.9265899125000001 0.4362116234375 0.9430190062499999 0.441748903125
1 0.9456323093749999 0.477768640625 0.9523391812499999 0.47456140312499995 0.9473866953125001 0.45175438593750006 0.9408077484374999 0.45394736875 0.9456323093749999 0.477768640625
0 0.958936403125 0.43506030625000003 0.9591191515625 0.427658990625 0.9482456140625001 0.4266995609375 0.9480263156250001 0.434375 0.958936403125 0.43506030625000003
1 0.9546783624999999 0.4614309203125 0.9578216375 0.45268640312499997 0.945760234375 0.44136513125 0.942525584375 0.45008223750000004 0.9546783624999999 0.4614309203125
1 0.9574926906250001 0.4533991234375 0.96008771875 0.444983553125 0.9459904968749999 0.43232456093750005 0.9430738296875001 0.4408442984375 0.9574926906250001 0.4533991234375
1 0.9708881578125 0.421408990625 0.9651315796875 0.41570723750000005 0.9566520468749999 0.4375 0.9626827484374999 0.44336622812500004 0.9708881578125 0.421408990625
1 0.9689875734375001 0.41302083281249996 0.9664839187500001 0.405838815625 0.9510964906250001 0.4181469296875 0.95389254375 0.42661732499999994 0.9689875734375001 0.41302083281249996
1 0.9778691515625001 0.3892543859375 0.9722587718750001 0.38188048281250003 0.9626827484374999 0.4021929828125 0.968311403125 0.4095668859375 0.9778691515625001 0.3892543859375
1 0.9720942984375001 0.38314144687499996 0.966045321875 0.3759868421875 0.9572916671874999 0.3989857453125 0.9633954671874999 0.40550986875 0.9720942984375001 0.38314144687499996
1 0.9641812859375 0.3799067984375 0.9577302624999999 0.3740953953125 0.951133040625 0.39736842031249997 0.9580592109375001 0.4029879390625 0.9641812859375 0.3799067984375
1 0.9577302624999999 0.3771655703125 0.9522112578125 0.3704221484375 0.9430007312500001 0.39221491249999996 0.948775584375 0.3998081140625 0.9577302624999999 0.3771655703125
0 0.9233735375000001 0.433223684375 0.923866959375 0.4255482453125 0.9127558484374999 0.4217379390625 0.912061403125 0.4297149125 0.9233735375000001 0.433223684375
0 0.9167214906250001 0.4174067984375 0.9165204671874999 0.410526315625 0.9048611109375001 0.410471490625 0.9049524859375 0.417653509375 0.9167214906250001 0.4174067984375
0 0.9634868421875 0.5966831140625 0.9593567249999999 0.5932017546874999 0.954375 0.6082757671875 0.9586988296875001 0.61165021875 0.9634868421875 0.5966831140625
0 0.91875 0.5902138156250001 0.920614034375 0.5848684203125 0.912902046875 0.579248903125 0.9110562859375 0.584320175 0.91875 0.5902138156250001
0 0.7670504390625 0.8512883765625 0.7654057015625 0.8447642546875 0.75550073125 0.8506030703125 0.7571637421874999 0.8570175437499999 0.7670504390625 0.8512883765625
0 0.7647843562500001 0.8376918859375 0.765679825 0.8447916671875 0.7771198828125 0.8413651312500001 0.7764619890625 0.834676534375 0.7647843562500001 0.8376918859375
1 0.8515350875 0.6715460531249999 0.858241959375 0.6720942984375 0.8594846484374999 0.6447094296875 0.8526681281249999 0.6442982453125 0.8515350875 0.6715460531249999
0 0.8744700296874999 0.6974780703125 0.8732456140625 0.6904057015625 0.863578215625 0.693311403125 0.8646016078125 0.70074013125 0.8744700296874999 0.6974780703125
0 0.8669956140625 0.701233553125 0.8662828953125 0.70860745625 0.8779605265624999 0.7109649124999999 0.8785087718750001 0.70397478125 0.8669956140625 0.701233553125
0 0.8647295328125001 0.7091557015625 0.8658260234374999 0.7021381578125 0.8544042390625 0.69758771875 0.8531560671875 0.704542215625 0.8647295328125001 0.7091557015625
0 0.8687865499999999 0.71962719375 0.8692799703125 0.7125274125 0.8595029234375 0.7108004390625 0.8588633046874999 0.7177357453125001 0.8687865499999999 0.71962719375
0 0.8687865499999999 0.729385965625 0.8692068718750001 0.7224232453125 0.85857090625 0.7208333328125 0.8580409359375001 0.727741228125 0.8687865499999999 0.729385965625
0 0.77728435625 0.4528782890625 0.7828764625 0.4529605265625 0.7829312859375 0.43511513125 0.7775219296875 0.43500548281249996 0.77728435625 0.4528782890625
0 0.7525219296875 0.3115953953125 0.7571820171875 0.310635965625 0.7552266078125001 0.2942434203125 0.75087719375 0.2946820171875 0.7525219296875 0.3115953953125
0 0.759777046875 0.3306469296875 0.7646564328125 0.3290844296875 0.762079678125 0.310635965625 0.757383040625 0.3118421046875 0.759777046875 0.3306469296875
0 0.757456140625 0.3162828953125 0.7529422515624999 0.316831140625 0.7537097953125 0.3295230265625 0.75860745625 0.328481359375 0.757456140625 0.3162828953125
0 0.7474049703125 0.32683662343750003 0.752796053125 0.3276315796875 0.7532529234374999 0.309375 0.7482090640625 0.3087993421875 0.7474049703125 0.32683662343750003
0 0.7591008765625 0.3334429828125 0.754367690625 0.3328947375 0.753971125 0.35134046093750004 0.7591739765625001 0.35137061406250003 0.7591008765625 0.3334429828125
0 0.7541849421875 0.33366228124999997 0.7493603796875 0.3328399125 0.7485197375 0.35084978125 0.7535635968750001 0.35148026250000003 0.7541849421875 0.33366228124999997
0 0.7483004390625 0.3411732453125 0.7439875734375 0.33974780625 0.74137426875 0.35701754375 0.74612573125 0.3584703953125 0.7483004390625 0.3411732453125
0 0.7473866953125 0.3203125 0.7424707609375 0.31959978125 0.7418494156250001 0.33711622812500003 0.74683845 0.3377741234375 0.7473866953125 0.3203125
0 0.7184941515625 0.313733553125 0.7184941515625 0.32099780624999996 0.7294956140625 0.3205592109375 0.7294225140624999 0.3138980265625 0.7184941515625 0.313733553125
0 0.612408625 0.2625274125 0.6173611109375 0.2622532890625 0.6166849421875 0.245367325 0.6118238296875 0.24547697343750002 0.612408625 0.2625274125
0 0.59462719375 0.263706140625 0.5952850875 0.25638706093749997 0.5837171046875 0.25320723749999996 0.5826571640625 0.2606907890625 0.59462719375 0.263706140625
0 0.595723684375 0.2501096484375 0.5951571640625 0.24298245624999998 0.58368055625 0.24446271875 0.583991228125 0.25153508750000003 0.595723684375 0.2501096484375
0 0.5547149124999999 0.2942708328125 0.5594298249999999 0.29613486875 0.56178728125 0.28018092031249997 0.557328215625 0.2786184203125 0.5547149124999999 0.2942708328125
0 0.5478070171875 0.29459978124999997 0.5525767546875 0.29605263125 0.555062134375 0.2779879390625 0.5505116953125 0.2766721484375 0.5478070171875 0.29459978124999997
0 0.533187134375 0.291748903125 0.5381578953124999 0.293366228125 0.540241228125 0.277823465625 0.5358735375 0.27664473749999996 0.533187134375 0.291748903125
0 0.5048245609374999 0.69756030625 0.504367690625 0.7052083328125 0.518366228125 0.708168859375 0.5188231 0.7004934203125 0.5048245609374999 0.69756030625
1 0.4752741234375 0.7376096484375 0.4686403515625 0.736321271875 0.466027046875 0.7656524124999999 0.47260599374999995 0.7670504390625 0.4752741234375 0.7376096484375
0 0.46561769062499997 0.7336759875000001 0.46100146249999996 0.7330317984375 0.45988669531250004 0.7482182015625 0.46458333281249997 0.7490405703125 0.46561769062499997 0.7336759875000001
0 0.46504020468749996 0.7585526312499999 0.460581140625 0.7578399124999999 0.4595942984375 0.7748903515625 0.46398026249999996 0.7756578953125 0.46504020468749996 0.7585526312499999
0 0.471399853125 0.76639254375 0.466812865625 0.7656524124999999 0.46571637499999996 0.7809484656250001 0.4702119890625 0.7817708328124999 0.471399853125 0.76639254375
0 0.2681286546875 0.9198190796875 0.2690423984375 0.9124725874999999 0.25847953281249997 0.908936403125 0.25762061406250003 0.915953946875 0.2681286546875 0.9198190796875
0 0.1869517546875 0.713678728125 0.1862024859375 0.7205866234375 0.1967288015625 0.72431469375 0.1974597953125 0.7174616234375 0.1869517546875 0.713678728125
0 0.1989583328125 0.7169682015625 0.1985928359375 0.7248903515625 0.210617690625 0.7268640343749999 0.21091374218749998 0.718804825 0.1989583328125 0.7169682015625
0 0.203216375 0.7061677625 0.202741228125 0.7138980265625 0.21407163749999997 0.71631030625 0.21429093593749998 0.70849780625 0.203216375 0.7061677625
0 0.19150219375 0.69925986875 0.19073464843750002 0.7067982453125 0.201169590625 0.7108552625 0.201864034375 0.7032346484375 0.19150219375 0.69925986875
0 0.1936038015625 0.688706140625 0.1919225140625 0.69608004375 0.20230263124999998 0.7028782890625 0.20396564375 0.6949835531249999 0.1936038015625 0.688706140625
0 0.1412280703125 0.628481359375 0.14576023437500002 0.630866228125 0.148793859375 0.6148300437499999 0.1444261703125 0.6125274125 0.1412280703125 0.628481359375
0 0.30941155 0.385992325 0.314546784375 0.3868421046875 0.316081871875 0.3693530703125 0.31096491249999997 0.3685581140625 0.30941155 0.385992325
1 0.19851973750000002 0.1624725875 0.1986111109375 0.1751644734375 0.22940423906250001 0.17171052656250002 0.22953216406250002 0.15882675468750002 0.19851973750000002 0.1624725875
1 0.73040935625 0.15671600937500002 0.7299342109375 0.169133771875 0.7756396203125 0.177796053125 0.7759502921875 0.1650219296875 0.73040935625 0.15671600937500002
1 0.5408991234375 0.245751096875 0.5411001468750001 0.23511513125 0.5233187140625 0.23283991249999997 0.5229532156250001 0.24287280625 0.5408991234375 0.245751096875
0 0.43196271875000003 0.241091009375 0.43223684218749997 0.24925986875 0.4451754390625 0.24830043906250002 0.4446637421875 0.23999451718749998 0.43196271875000003 0.241091009375
0 0.4154057015625 0.2447094296875 0.41646564374999995 0.254331140625 0.43101242656250005 0.250411184375 0.42978801093749996 0.24103618437500002 0.4154057015625 0.2447094296875
1 0.42262426875000003 0.3338541671875 0.4237207609375 0.3252741234375 0.40612207656250005 0.319873903125 0.4049159359375 0.3278508765625 0.42262426875000003 0.3338541671875
1 0.41339546718750003 0.26384320156249996 0.4059576015625 0.2631304828125 0.4036366953125 0.2979166671875 0.41112938593750004 0.29917763124999996 0.41339546718750003 0.26384320156249996
0 0.41008771875 0.30290570156249996 0.40484283593750003 0.300301534375 0.4014071640625 0.3169682015625 0.40667032187499996 0.3194078953125 0.41008771875 0.30290570156249996
0 0.391721490625 0.342653509375 0.39674707656249997 0.34295504375 0.39733187187499996 0.327001096875 0.3923062859375 0.3267269734375 0.391721490625 0.342653509375
0 0.40542763125 0.26403508750000004 0.3998355265625 0.2642543859375 0.39963450312500004 0.28270285156249997 0.40522660781250003 0.28270285156249997 0.40542763125 0.26403508750000004
1 0.33762792343750003 0.2439418859375 0.3372807015625 0.2341831140625 0.3189875734375 0.23604714843750002 0.319225146875 0.24605263125 0.33762792343750003 0.2439418859375
0 0.30475146249999996 0.255098684375 0.30476973749999997 0.26167763125 0.3143274859375 0.26156798281250004 0.31430921093749997 0.2548793859375 0.30475146249999996 0.255098684375
0 0.21072733906250002 0.287856359375 0.2106907890625 0.2806469296875 0.1989583328125 0.28056469375000004 0.198848684375 0.28763706093749997 0.21072733906250002 0.287856359375
0 0.0779239765625 0.27804276250000004 0.08326023437499999 0.27859100937500003 0.0838267546875 0.2650767546875 0.0786184203125 0.2646381578125 0.0779239765625 0.27804276250000004
1 0.284267178125 0.21419956093749998 0.2843019 0.2171052625 0.28983918124999997 0.2170230265625 0.289822734375 0.21408991249999998 0.284267178125 0.21419956093749998
1 0.42580409374999995 0.215268640625 0.4259137421875 0.2181469296875 0.43119517500000004 0.21781798281250003 0.4311038015625 0.21485745625 0.42580409374999995 0.215268640625
1 0.347277046875 0.1813322375 0.3474049703125 0.184676534375 0.352777778125 0.1842105265625 0.3526133046875 0.180893640625 0.347277046875 0.1813322375
1 0.61948099375 0.07680921093750001 0.6193713453125 0.0723958328125 0.6139619890625 0.0723684203125 0.6139619890625 0.07680921093750001 0.61948099375 0.07680921093750001
1 0.528435671875 0.0702302625 0.5283625734374999 0.066776315625 0.5231341375 0.0668804828125 0.5232456140624999 0.0702850875 0.528435671875 0.0702302625
1 0.51246345 0.0687225875 0.5123903515625 0.065268640625 0.5073282156250001 0.0653782890625 0.507364765625 0.06866776249999999 0.51246345 0.0687225875
1 0.30911915156249997 0.0765899125 0.308954678125 0.0734100875 0.30385599375 0.07412280624999999 0.30400219375000004 0.07735745625 0.30911915156249997 0.0765899125
1 0.34634502968750003 0.10117872812499999 0.3462902046875 0.09794407968749999 0.3408077484375 0.098135965625 0.3408442984375 0.101260965625 0.34634502968750003 0.10117872812499999
1 0.267525584375 0.1041118421875 0.2673793859375 0.10142543906249998 0.2622807015625 0.10197368437500001 0.2623903515625 0.1046875 0.267525584375 0.1041118421875
1 1 0.1970394734375 0.9921600875 0.193448465625 0.9915935671874999 0.2045230265625 1 0.208114034375 1 0.1970394734375
0 0.9871162281249999 0.2026041671875 0.9876279234374999 0.1950657890625 0.9766812859374999 0.1903782890625 0.9760233921875001 0.197998903125 0.9871162281249999 0.2026041671875
0 0.940606725 0.1967927625 0.9411915203125 0.188596490625 0.9302266078124999 0.184813596875 0.9295687140625001 0.19292763125 0.940606725 0.1967927625
0 0.9220211984375 0.1776041671875 0.9224597953125 0.1703125 0.91334064375 0.167598684375 0.9126461984375001 0.17508223750000002 0.9220211984375 0.1776041671875
0 0.915241228125 0.18555372812499998 0.9157346484375 0.1781524125 0.9062134500000001 0.175328946875 0.9055555562500001 0.1828125 0.915241228125 0.18555372812499998
0 0.8955592109375001 0.1689144734375 0.89607090625 0.1609649125 0.8864948828125 0.1577850875 0.8856725140625 0.166036184375 0.8955592109375001 0.1689144734375
0 0.8656067249999999 0.1712445171875 0.8658625734375001 0.16354166718750002 0.855760234375 0.1599671046875 0.855062134375 0.1681469296875 0.8656067249999999 0.1712445171875
0 0.8563413750000001 0.1556469296875 0.8565606718750001 0.148135965625 0.8461586249999999 0.1453919953125 0.8457364765625 0.153012609375 0.8563413750000001 0.1556469296875
0 0.83993055625 0.1517817984375 0.840259503125 0.1438870609375 0.8281067249999999 0.140268640625 0.8274671046875 0.1486567984375 0.83993055625 0.1517817984375
0 0.8454678359375001 0.165323465625 0.8458698828125 0.1578399125 0.8349597953125001 0.1549616234375 0.8341739765625 0.16266447343749998 0.8454678359375001 0.165323465625
0 0.8160087718750001 0.1451754390625 0.8164290937500001 0.137966009375 0.8072551171875 0.135526315625 0.806615496875 0.1427357453125 0.8160087718750001 0.1451754390625
0 0.7889437140625 0.1509868421875 0.789382309375 0.143448465625 0.7790935671875 0.14078947343749998 0.7783260234375 0.1484649125 0.7889437140625 0.1509868421875
0 0.766721490625 0.1443530703125 0.7669225140625 0.1369517546875 0.7576388890625 0.13514254375 0.7570723687500001 0.1426809203125 0.766721490625 0.1443530703125
1 0.7515350875 0.127823465625 0.7514619890625001 0.1212445171875 0.743311403125 0.1197916671875 0.74303728125 0.1264528515625 0.7515350875 0.127823465625
0 0.74691155 0.1427083328125 0.7471125734374999 0.134375 0.7350146203125 0.131688596875 0.73441155 0.140296053125 0.74691155 0.1427083328125
0 0.7313779234375 0.127658990625 0.7314692984375 0.11981907968750001 0.7212536546874999 0.1178453953125 0.7208333328125 0.12584978125 0.7313779234375 0.127658990625
0 0.7186403515625 0.1365131578125 0.719115496875 0.12881030625 0.7090277781250001 0.1270559203125 0.70855263125 0.1349232453125 0.7186403515625 0.1365131578125
0 0.703216375 0.13506030625 0.703527046875 0.12738486875 0.692489034375 0.125301534375 0.6920504390625 0.1333059203125 0.703216375 0.13506030625
0 0.7011147656250001 0.12212171093749999 0.7012609656250001 0.11430921093749999 0.6900036546874999 0.1127741234375 0.6896381578125 0.120751096875 0.7011147656250001 0.12212171093749999
1 0.671454678125 0.13086622812499998 0.671564328125 0.1178179828125 0.62271564375 0.1124725875 0.622185671875 0.12735745625 0.671454678125 0.13086622812499998
0 0.67183845 0.116748903125 0.67191155 0.1093475875 0.6623538015625 0.1088541671875 0.662171053125 0.115926534375 0.67183845 0.116748903125
0 0.6519736843749999 0.115268640625 0.65224780625 0.1071820171875 0.64066155 0.105921053125 0.640204678125 0.1138980265625 0.6519736843749999 0.115268640625
1 0.62898391875 0.1138157890625 0.6292397656250001 0.1037828953125 0.611312134375 0.10233004375000002 0.6110562859375 0.112198465625 0.62898391875 0.1138157890625
0 0.6100328953124999 0.1248081140625 0.61023391875 0.116858553125 0.5984283625 0.1158991234375 0.597980628125 0.12383771875 0.6100328953124999 0.1248081140625
1 0.6045138890625 0.112554825 0.6044590640624999 0.10241228124999999 0.58671418125 0.1015350875 0.5864766078125 0.11167763125 0.6045138890625 0.112554825
0 0.58368055625 0.12256030625 0.5837171046875 0.11450109687500001 0.5716739765625001 0.114117325 0.571436403125 0.12203947343749999 0.58368055625 0.12256030625
0 0.5606542390625 0.12275219374999999 0.5607456140625 0.11493969374999999 0.5502010234375 0.11433662343749999 0.5500731 0.122258771875 0.5606542390625 0.12275219374999999
0 0.565314328125 0.109841009375 0.565204678125 0.1014802625 0.5533442984375 0.10106907968750001 0.5533260234374999 0.1094024125 0.565314328125 0.109841009375
0 0.5373720765625001 0.120614034375 0.5372258765625 0.1134320171875 0.5279970765625001 0.1131578953125 0.5278691515625 0.12042214843750002 0.5373720765625001 0.120614034375
0 0.5396564328125 0.10932017499999999 0.5396198828125 0.101918859375 0.5280519 0.10150767499999999 0.5279239765625 0.109046053125 0.5396564328125 0.10932017499999999
0 0.5197733921875 0.108141446875 0.51962719375 0.1004934203125 0.5092288015624999 0.10035635937500001 0.5091191515625 0.10800438593749999 0.5197733921875 0.108141446875
0 0.50628655 0.1205592109375 0.5061586250000001 0.112911184375 0.49455043906249996 0.113094846875 0.4944261703125 0.1203947375 0.50628655 0.1205592109375
0 0.48210891875 0.10959429843749999 0.48196271875 0.10172697343749999 0.4697368421875 0.10197368437500001 0.4697002921875 0.11022478124999999 0.48210891875 0.10959429843749999
0 0.47816155 0.1219024125 0.47808845 0.1142543859375 0.46745065781250006 0.1142461625 0.46713998593749995 0.1221957234375 0.47816155 0.1219024125
0 0.4481907890625 0.12316337656250001 0.44797149062499997 0.11510416718750001 0.43642178437499995 0.1158717109375 0.4364400578125 0.123766446875 0.4481907890625 0.12316337656250001
1 0.4342288015625 0.112116228125 0.434046053125 0.10243969374999999 0.41665935625 0.10338541718750001 0.4166483921875 0.11334978124999999 0.4342288015625 0.112116228125
0 0.4310489765625 0.1234375 0.4311038015625 0.11581688593749999 0.419956140625 0.11641995624999998 0.419919590625 0.123848684375 0.4310489765625 0.1234375
0 0.40866228125 0.1150767546875 0.4084795328125 0.1075932015625 0.39767909375 0.108141446875 0.39773391875 0.1157346484375 0.40866228125 0.1150767546875
0 0.396820175 0.12702850937500001 0.3966191515625 0.11891447343749999 0.3845577484375 0.1197642546875 0.384393275 0.127713815625 0.396820175 0.12702850937500001
0 0.3864583328125 0.1139254390625 0.386257309375 0.10641447343749999 0.374561403125 0.1071820171875 0.374543128125 0.11474780625 0.3864583328125 0.1139254390625
0 0.37160087656249996 0.12776864062499999 0.3714692984375 0.119248903125 0.358972953125 0.120257675 0.3590826015625 0.128591009375 0.37160087656249996 0.12776864062499999
1 0.3228070171875 0.1197642546875 0.3224963453125 0.109676534375 0.305025584375 0.11165021875 0.30499451718750004 0.1216447375 0.3228070171875 0.1197642546875
1 0.281231725 0.137171053125 0.2811403515625 0.1234100875 0.25515350937500003 0.1260142546875 0.2552997078125 0.1401315796875 0.281231725 0.137171053125
0 0.28264071562500004 0.1253892546875 0.28238304062499997 0.11768092031249999 0.2716191515625 0.11875 0.2716739765625 0.126206140625 0.28264071562500004 0.1253892546875
0 0.25074926875000003 0.13947368437500002 0.2505299703125 0.1325383765625 0.24164839218749998 0.1334703953125 0.2415862578125 0.140485196875 0.25074926875000003 0.13947368437500002
0 0.258114034375 0.1276041671875 0.2577850875 0.1197368421875 0.24583333281250003 0.1209703953125 0.245778509375 0.12886513125000001 0.258114034375 0.1276041671875
1 0.2112024859375 0.1337171046875 0.2110745609375 0.123382675 0.195319809375 0.1249643640625 0.1950657890625 0.13519736875 0.2112024859375 0.1337171046875
0 0.185453215625 0.135635965625 0.1852704671875 0.1282894734375 0.176206140625 0.1295504390625 0.176206140625 0.1368695171875 0.185453215625 0.135635965625
0 0.1350146203125 0.152768640625 0.134813596875 0.1455317984375 0.1256396203125 0.14616228125 0.12576754375000002 0.1531524125 0.1350146203125 0.152768640625
0 0.1690241234375 0.1387883765625 0.1690241234375 0.1314418859375 0.1579495609375 0.1326206140625 0.1578033625 0.13980263125 0.1690241234375 0.1387883765625
1 0.2028070171875 0.1473245609375 0.20241228125 0.133251096875 0.15111476562499998 0.140679825 0.1508954671875 0.1525219296875 0.2028070171875 0.1473245609375
1 0.135635965625 0.141063596875 0.13578216406250002 0.1313322375 0.1203764625 0.1324506578125 0.119974415625 0.1422149125 0.135635965625 0.141063596875
0 0.11204312812499999 0.15485197343749998 0.1122441515625 0.1466282890625 0.1012792390625 0.14712171093749998 0.10080409374999999 0.1552905703125 0.11204312812499999 0.15485197343749998
0 0.10955774843749999 0.143421053125 0.10959429843749999 0.1361019734375 0.09817251406250001 0.13670504375 0.0977704671875 0.14418859687500002 0.10955774843749999 0.143421053125
0 0.09210526249999999 0.1564692984375 0.0923062859375 0.1490131578125 0.08247441562499999 0.14923245624999998 0.0821637421875 0.1567434203125 0.09210526249999999 0.1564692984375
1 0.080153509375 0.14402412343749998 0.0802631578125 0.1377467109375 0.0732638890625 0.1377192984375 0.073008040625 0.1439692984375 0.080153509375 0.14402412343749998
1 0.0482273390625 0.14599780625 0.0486842109375 0.13621162343749998 0.033479532812500004 0.136403509375 0.0326754390625 0.145778509375 0.0482273390625 0.14599780625
0 0.020924707812500002 0.14602521875000002 0.021509503125000003 0.1385142546875 0.011220760937500001 0.137911184375 0.0104349421875 0.1451754390625 0.020924707812500002 0.14602521875000002
0 0.0174524859375 0.1577028515625 0.01798245625 0.1500822375 0.006268274999999999 0.1493969296875 0.00546418125 0.1568256578125 0.0174524859375 0.1577028515625
1 0.020741959375 0.026726973437500003 0.025383771875 0.0271381578125 0.025712718750000002 0.0181469296875 0.0212171046875 0.017708332812499998 0.020741959375 0.026726973437500003
1 0.074543128125 0.20243969375 0.07445175468750001 0.205948465625 0.08046418125 0.20627741249999998 0.08053728125000001 0.202823465625 0.074543128125 0.20243969375
1 0.12205774843749999 0.27771381562499997 0.12191155000000001 0.2806469296875 0.126973684375 0.2810307015625 0.12702850937500001 0.2781524125 0.12205774843749999 0.27771381562499997
1 0.659795321875 0.03506030625 0.6598684203125 0.033031798437499996 0.6556103796875 0.032757675 0.6555555562500001 0.034841009374999996 0.659795321875 0.03506030625
1 0.8402229531250001 0.1123081140625 0.8405153515625001 0.10921052656250001 0.8352887421874999 0.10773026249999999 0.8349049703125001 0.11071820156250001 0.8402229531250001 0.1123081140625
1 0.8990953953125 0.1276946265625 0.8993969296875 0.1234375 0.8935946640625 0.12144462656249999 0.8932108921875 0.12566611875 0.8990953953125 0.1276946265625
1 0.938687865625 0.27327302656249997 0.9387244156250001 0.2764254390625 0.94448099375 0.276178728125 0.9443713453125 0.273135965625 0.938687865625 0.27327302656249997
0 0.826206140625 0.781195175 0.8272112578125 0.7885142546874999 0.8379934203125 0.7844846484375 0.8370796781250001 0.77741228125 0.826206140625 0.781195175
0 0.5544042390625 0.5209429828125 0.5572368421875 0.5264528515625 0.5666301171875 0.5155427625 0.563614765625 0.51011513125 0.5544042390625 0.5209429828125
1 0.051790935937500004 0.1580592109375 0.052302631249999995 0.14772478125 0.0361659359375 0.147176534375 0.0353618421875 0.157428728125 0.051790935937500004 0.1580592109375
1 0.45394736875 0.1551315796875 0.4540570171875 0.16600877187500002 0.4694261703125 0.16600877187500002 0.46923245625 0.15493421093749998 0.45394736875 0.1551315796875
1 0.0473866953125 0.0393366234375 0.054605262499999994 0.039007675000000006 0.055555556250000006 0.013980262500000002 0.0486842109375 0.0138157890625 0.0473866953125 0.0393366234375
1 0.8983552625 0.18163377187500002 0.89921418125 0.17047697343749998 0.8845942984375 0.1654331140625 0.88355263125 0.1774671046875 0.8983552625 0.18163377187500002