0 0.82496345 0.0709429828125 0.82892909375 0.07431469375000001 0.834429825 0.0600328953125 0.8306103796875 0.05709978125 0.82496345 0.0709429828125
0 0.7391264625 0.276864034375 0.7426717843749999 0.28105811406250003 0.74919590625 0.26883223749999996 0.7458516078125 0.2649671046875 0.7391264625 0.276864034375
0 0.740972221875 0.28500548281250004 0.7373355265625 0.28056469375000004 0.7293128656250001 0.2947642546875 0.7327668125 0.2993695171875 0.740972221875 0.28500548281250004
0 0.7390168125 0.3088267546875 0.742507309375 0.3122807015625 0.7473866953125 0.301617325 0.7439510234375 0.2981907890625 0.7390168125 0.3088267546875
0 0.7451023390625 0.310882675 0.7448099421875 0.31795504375 0.75699926875 0.31806469375 0.7569809937499999 0.31107456093749997 0.7451023390625 0.310882675
0 0.7786732453125 0.351864034375 0.7807200296875 0.34569627187499996 0.7723866953125 0.339391446875 0.7702485375 0.34553179843750004 0.7786732453125 0.351864034375
0 0.7881944437499999 0.3593475875 0.7899671046875001 0.35337171093749997 0.7814510234375 0.34714912343750004 0.7794407890625 0.3532346484375 0.7881944437499999 0.3593475875
0 0.7993421046875 0.36787280624999996 0.8010416671874999 0.361239034375 0.7908991234375 0.354248903125 0.7889254390625 0.36096491249999996 0.7993421046875 0.36787280624999996
0 0.8139071640625 0.38067434218749996 0.81491228125 0.37412280625 0.804239765625 0.369051534375 0.8028874265624999 0.37519188593749997 0.8139071640625 0.38067434218749996
0 0.82584064375 0.3341008765625 0.8216557015625 0.33133223749999996 0.8168676906250001 0.3467379390625 0.8211257312500001 0.349698465625 0.82584064375 0.3341008765625
0 0.8201388890624999 0.3521107453125 0.8166666671874999 0.349561403125 0.81167763125 0.36474780625 0.8153326015625 0.36751644687499996 0.8201388890624999 0.3521107453125
1 0.830902778125 0.3393092109375 0.825438596875 0.335526315625 0.819097221875 0.358141446875 0.8248172515625001 0.36203399062499997 0.830902778125 0.3393092109375
0 0.8106176906250001 0.38988486875 0.8125 0.3833607453125 0.8022295328125001 0.37584978125 0.800018275 0.3822642546875 0.8106176906250001 0.38988486875
0 0.79296418125 0.3767543859375 0.794919590625 0.37110745624999997 0.7858004390625 0.3631578953125 0.78358918125 0.36875 0.79296418125 0.3767543859375
0 0.7744517546874999 0.3700657890625 0.776918859375 0.36463815781250003 0.769097221875 0.356195175 0.7665387421875 0.3615953953125 0.7744517546874999 0.3700657890625
1 0.7936403515625 0.38495065781250004 0.7906067250000001 0.39243421093749997 0.8055738296875001 0.4045504390625 0.8083516078124999 0.39690241249999997 0.7936403515625 0.38495065781250004
0 0.8032255109375 0.4139555921875 0.8057474421874999 0.40800438593750005 0.79695358125 0.40033717031249993 0.79445358125 0.40665296093750003 0.8032255109375 0.4139555921875
0 0.7785818718749999 0.4102796046875 0.7827302625 0.41291118437499996 0.7872624265625 0.39791666718749996 0.7830409359375 0.395010965625 0.7785818718749999 0.4102796046875
0 0.781652046875 0.39446271875 0.7776315796875 0.3916666671875 0.773008040625 0.4067708328125 0.7771381578125001 0.4096217109375 0.781652046875 0.39446271875
0 0.773117690625 0.4267269734375 0.7770650578125 0.4302631578125 0.783168859375 0.4141995609375 0.779294590625 0.4111019734375 0.773117690625 0.4267269734375
1 0.6974597953125 0.3256030703125 0.6986111109375 0.32733004375 0.702028509375 0.322231359375 0.70082236875 0.3204221484375 0.6974597953125 0.3256030703125
1 0.6998903515625 0.3634046046875 0.7010599421875 0.36488486875000004 0.704203215625 0.3594024125 0.7029605265625001 0.3580043859375 0.6998903515625 0.3634046046875
1 0.69691155 0.3690241234375 0.6980628656250001 0.3708059203125 0.7018092109375 0.36636513125 0.70071271875 0.3645559203125 0.69691155 0.3690241234375
1 0.6927083328125 0.3772203953125 0.694152046875 0.3787280703125 0.6971308484375001 0.373135965625 0.695668859375 0.3716282890625 0.6927083328125 0.3772203953125
1 0.6895102343749999 0.38374451718749997 0.6907163749999999 0.3854440796875 0.6943713453125 0.380098684375 0.6931103796875 0.37839912343750004 0.6895102343749999 0.38374451718749997
1 0.6766264625 0.401891446875 0.677966009375 0.403125 0.6807200296875 0.3969572375 0.679367690625 0.39577850937500003 0.6766264625 0.401891446875
1 0.637171053125 0.4923793859375 0.638596490625 0.49355811406249994 0.641233553125 0.48688048281249996 0.63985745625 0.48574561406249994 0.637171053125 0.4923793859375
1 0.615570175 0.54616228125 0.6171052625 0.5474232453125001 0.61949926875 0.54136513125 0.61800073125 0.5400767546874999 0.615570175 0.54616228125
1 0.576133040625 0.6407072375 0.5775767546874999 0.6420230265625 0.5802083328125 0.636239034375 0.5788194437499999 0.6348684203125 0.576133040625 0.6407072375
1 0.5400219296875 0.7141447375000001 0.5387609656250001 0.712911184375 0.5361111109375 0.7187225875000001 0.5373720765625001 0.7200383765625 0.5400219296875 0.7141447375000001
0 0.4684576015625 0.8751918859375 0.46478435625000003 0.8716831140625001 0.45836988281249996 0.8865953953125001 0.462189328125 0.890323465625 0.4684576015625 0.8751918859375
0 0.6798793859375001 0.403453946875 0.6837902046875 0.40712719374999995 0.6888888890625 0.39462719375 0.68517909375 0.39133771875 0.6798793859375001 0.403453946875
1 0.4603070171875 0.9115679828125 0.46165935625000004 0.91337719375 0.4650767546875 0.9075657890625 0.463760965625 0.905866228125 0.4603070171875 0.9115679828125
0 0.5178362578125 0.9326206140625001 0.5200475140624999 0.9260142546875001 0.509813596875 0.9178728062499999 0.507401315625 0.9244791671874999 0.5178362578125 0.9326206140625001
0 0.69296418125 0.9674067984375 0.6888157890625 0.9655701750000001 0.6862024859375 0.9798519734375001 0.690296053125 0.9815789468749999 0.69296418125 0.9674067984375
0 0.6455226609375 0.9261787281249999 0.650365496875 0.9260142546875001 0.649945175 0.907510965625 0.6453399125 0.9074835531250001 0.6455226609375 0.9261787281249999
1 0.610581140625 0.9138157890624999 0.6144371343749999 0.9014802625 0.598830409375 0.8892269734375 0.5949378656250001 0.9009046046875 0.610581140625 0.9138157890624999
1 0.5822002921875 0.8793859656249999 0.5786549703125 0.8907346484374999 0.59294590625 0.9001918859375 0.59607090625 0.889007675 0.5822002921875 0.8793859656249999
1 0.584722221875 0.8674616234375 0.58046418125 0.877686403125 0.594060671875 0.88983004375 0.598044590625 0.8796052624999999 0.584722221875 0.8674616234375
1 0.5915570171875 0.8620888156250001 0.5884868421875 0.8728070171875 0.6029605265625 0.882510965625 0.6059758765625001 0.8716008765625001 0.5915570171875 0.8620888156250001
1 0.606231725 0.8729440796875 0.602722953125 0.8834703953125 0.6169225140625 0.8936951750000001 0.619974415625 0.8830317984375 0.606231725 0.8729440796875
1 0.5642909359375 0.851891446875 0.560526315625 0.8618695171875 0.57414108125 0.8735471484374999 0.5779422515625 0.863706140625 0.5642909359375 0.851891446875
1 0.5399853796875 0.8529879390625 0.5369334796875 0.8620888156250001 0.5515716375 0.8726973687499999 0.554367690625 0.86334978125 0.5399853796875 0.8529879390625
1 0.6421052625 0.8518366234375 0.6394005843749999 0.8622807015625 0.6547514624999999 0.8703673249999999 0.6571454671875 0.86011513125 0.6421052625 0.8518366234375
1 0.609795321875 0.74766995625 0.615186403125 0.75238486875 0.6266081875 0.7229166671875 0.6213633046875 0.7182565796875 0.609795321875 0.74766995625
1 0.6273940062500001 0.7000274125 0.62262426875 0.695751096875 0.6111476609375 0.7248081140625 0.6156432749999999 0.72897478125 0.6273940062500001 0.7000274125
1 0.6204130109375 0.6920778515625 0.615204678125 0.688651315625 0.605774853125 0.7191337718749999 0.6107456140624999 0.72256030625 0.6204130109375 0.6920778515625
1 0.6010233921875 0.7061951750000001 0.5961440062500001 0.701507675 0.5834064328124999 0.73037280625 0.58824926875 0.7350054828125 0.6010233921875 0.7061951750000001
1 0.5552997078125 0.8059210531250001 0.5604897656250001 0.81181469375 0.5697185671875 0.7928453953125 0.56474780625 0.7875 0.5552997078125 0.8059210531250001
0 0.684375 0.7942434203125 0.6829495609375 0.7999177625 0.691721490625 0.8046875 0.69296418125 0.7990953953125 0.684375 0.7942434203125
0 0.610489765625 0.76800986875 0.6147112578125 0.77118969375 0.6198099421875 0.7562774125 0.61566155 0.7532072375000001 0.610489765625 0.76800986875
0 0.59760599375 0.7654879390625 0.6015350875000001 0.768448465625 0.6060124265625 0.7537828953125 0.6022295328125 0.751178728125 0.59760599375 0.7654879390625
0 0.5979897656250001 0.7422697375 0.6014985375 0.7453947375000001 0.6063596484375 0.73212719375 0.6027595031249999 0.7291666671875 0.5979897656250001 0.7422697375
0 0.6427448828125 0.7496162281250001 0.6388340640625 0.7459429828124999 0.632401315625 0.7609375 0.6363852343749999 0.764501096875 0.6427448828125 0.7496162281250001
0 0.5900219296875 0.733936403125 0.5935489765625 0.73662280625 0.59769736875 0.7255482453125001 0.5939692984375 0.7226699562500001 0.5900219296875 0.733936403125
0 0.5985928359375 0.7027412281250001 0.6021564328125 0.70537280625 0.606578946875 0.6926809203125 0.603143275 0.690186403125 0.5985928359375 0.7027412281250001
0 0.6042763156250001 0.687938596875 0.6077668125 0.6920504390625 0.6147295328125 0.6782620609375 0.61131944375 0.67438870625 0.6042763156250001 0.687938596875
0 0.6057017546875 0.673766446875 0.6095394734374999 0.6775493421875 0.6157346484375 0.6627192984375 0.6120065796875 0.6592379390625001 0.6057017546875 0.673766446875
0 0.7455409359375 0.8833607453125 0.7489583328125 0.8788651312500001 0.7420138890625 0.8672149125 0.738760965625 0.8709155703125001 0.7455409359375 0.8833607453125
0 0.7911732453125 0.825356359375 0.7942799703125 0.8303453953125001 0.80235745625 0.818804825 0.7990131578125 0.8139254390625 0.7911732453125 0.825356359375
0 0.6997076015625 0.7516721484375 0.6954495609375 0.7516447375 0.6955957609375 0.7660087718749999 0.7000731 0.7659539468750001 0.6997076015625 0.7516721484375
0 0.7859283625 0.6541392546875 0.7815789468750001 0.6567982453125001 0.7869152046875 0.6726151312499999 0.7911549703125 0.6697368421875 0.7859283625 0.6541392546875
0 0.8802083328125001 0.5865131578125 0.8756030703125001 0.587061403125 0.8770467843749999 0.603508771875 0.8816703218749999 0.602741228125 0.8802083328125001 0.5865131578125
0 0.8881030703125001 0.575383771875 0.886330409375 0.5697642546874999 0.8772295328125 0.57568530625 0.87898391875 0.5816611843749999 0.8881030703125001 0.575383771875
0 0.9006030703125001 0.564473684375 0.8985197375 0.5577302625 0.8880299703125001 0.5651041671875 0.8902229531250001 0.5719024125 0.9006030703125001 0.564473684375
0 0.9182017546875001 0.48042763125 0.9186403515625001 0.4872532890625 0.9297331874999999 0.48522478125 0.92894736875 0.47842653437499993 0.9182017546875001 0.48042763125
0 0.8278691515625001 0.47774122812500003 0.8239766078124999 0.47497258750000004 0.8196454671875 0.48974780625000003 0.823921784375 0.492571271875 0.8278691515625001 0.47774122812500003
0 0.6748172515624999 0.16016995625 0.6775584796875 0.1545230265625 0.6689692984375 0.145257675 0.666027046875 0.15068530625 0.6748172515624999 0.16016995625
0 0.537061403125 0.017598684375 0.5373538015625 0.010553728125 0.5275767546875 0.0093475875 0.527028509375 0.01633771875 0.537061403125 0.017598684375
0 0.5361111109375 0 0.5346308484375 0.007757675 0.5384137421874999 0.008854167187500001 0.5399305562500001 0 0.5361111109375 0
0 0.5467653515625 0.0076206140625 0.546418128125 0.0131304828125 0.5545869890625 0.014035087500000001 0.5547880109375 0.008552631250000001 0.5467653515625 0.0076206140625
0 0.6384502921874999 0.059073465625 0.641703215625 0.061951754687500006 0.6463815796875 0.0506304828125 0.6432017546875 0.048026315624999996 0.6384502921874999 0.059073465625
0 0.6572916671875 0.275328946875 0.6606725140624999 0.278070175 0.6650402046874999 0.26641995625 0.6618238296875 0.2638706140625 0.6572916671875 0.275328946875
0 0.6126644734375 0.2415844296875 0.6165935671875 0.2436403515625 0.620687134375 0.2279879390625 0.616812865625 0.2260416671875 0.6126644734375 0.2415844296875
0 0.6022478062500001 0.27683662343750004 0.6060855265625 0.2794133765625 0.610471490625 0.264418859375 0.606578946875 0.262116228125 0.6022478062500001 0.27683662343750004
0 0.5903508765625001 0.3266447375 0.5865862578125001 0.324643640625 0.58362573125 0.33585526250000003 0.58753655 0.337966009375 0.5903508765625001 0.3266447375
0 0.544992690625 0.3131030703125 0.5431652046875 0.318338815625 0.5515168125 0.3249725875 0.553179825 0.3196546046875 0.544992690625 0.3131030703125
0 0.6091922515625 0.42741228124999997 0.6075109656250001 0.4329495609375 0.6163194437499999 0.43876096562500005 0.6178545328125 0.433251096875 0.6091922515625 0.42741228124999997
0 0.5388706140624999 0.49758771875 0.5354349421875 0.49355811406249994 0.5286366953125 0.5061403515625 0.53196271875 0.5100328953125 0.5388706140624999 0.49758771875
0 0.5263706140625 0.4859375 0.5221673984375 0.483908990625 0.5185672515624999 0.49912280625000005 0.5228983921875 0.501123903125 0.5263706140625 0.4859375
0 0.5103801171875 0.46230811406249994 0.5060855265625 0.46351425468749996 0.5078581875 0.47845394687500004 0.5124086250000001 0.476891446875 0.5103801171875 0.46230811406249994
0 0.43152412343749996 0.4186129390625 0.4318347953125 0.41332236875 0.42355628593750005 0.412143640625 0.423117690625 0.4172971484375 0.43152412343749996 0.4186129390625
0 0.2489948828125 0.41241776249999995 0.245010965625 0.4108278515625 0.2424707609375 0.42346491249999996 0.24676535156249998 0.4252192984375 0.2489948828125 0.41241776249999995
0 0.2435124265625 0.4567982453125 0.2419956140625 0.4618695171875 0.248739034375 0.4665844296875 0.2502010234375 0.461348684375 0.2435124265625 0.4567982453125
0 0.238724415625 0.48780153437499996 0.23819444375 0.493283990625 0.24586988281250002 0.49457236875 0.2462536546875 0.4889802625 0.238724415625 0.48780153437499996
0 0.2299524859375 0.48541666718750004 0.22903874218750003 0.49078947343749996 0.2376279234375 0.49355811406249994 0.23835891875 0.4880756578125 0.2299524859375 0.48541666718750004
1 0.3322916671875 0.5118421046875 0.3338267546875 0.5054550437499999 0.3203435671875 0.49771929843749996 0.31853070156249996 0.504358553125 0.3322916671875 0.5118421046875
0 0.405847953125 0.5367050437499999 0.4046783625 0.541885965625 0.4125 0.5458059203125 0.41376096562500003 0.5403508765625 0.405847953125 0.5367050437499999
0 0.48729897656250004 0.5720942984375 0.48665935625 0.5771929828125 0.49413377187499996 0.57897478125 0.4947002921875 0.573903509375 0.48729897656250004 0.5720942984375
0 0.44691155 0.6058114031249999 0.4458881578125 0.6109649125 0.451882309375 0.6135416671875 0.45277777812500003 0.60858004375 0.44691155 0.6058114031249999
1 0.3958698828125 0.7544956140625 0.398739034375 0.7446820171875 0.38388157968750003 0.7340734656250001 0.380921053125 0.74300986875 0.3958698828125 0.7544956140625
0 0.3943896203125 0.812828946875 0.3924524859375 0.8185581140625 0.400018275 0.8243421046874999 0.40204678437499997 0.8185855265624999 0.3943896203125 0.812828946875
1 0.402686403125 0.7728070171875 0.3993421046875 0.777768640625 0.406578946875 0.7901041671875 0.41016081875 0.7852796046875 0.402686403125 0.7728070171875
1 0.4024488296875 0.8525219296875 0.40550073124999997 0.8434758765625 0.386239034375 0.8279879390625 0.3833516078125 0.8376644734375001 0.4024488296875 0.8525219296875
1 0.40718567187500004 0.8568256578125 0.402741228125 0.8525493421875 0.394170321875 0.872231359375 0.39919590625 0.8769462718750001 0.40718567187500004 0.8568256578125
1 0.41507675468749994 0.8860471484374999 0.4170321640625 0.87727521875 0.403545321875 0.8692160093749999 0.40155336249999996 0.8779879390625001 0.41507675468749994 0.8860471484374999
1 0.382474415625 0.8627192984375001 0.3790387421875 0.874643640625 0.41131213437499997 0.8969846484374999 0.4146016078125 0.8845668859375 0.382474415625 0.8627192984375001
1 0.43452119843750003 0.8685307015625 0.43123172500000007 0.876123903125 0.44237938593750004 0.8872807015624999 0.44570540937500003 0.8793859656249999 0.43452119843750003 0.8685307015625
1 0.33433845 0.8607730265625 0.3306469296875 0.86943530625 0.3509320171875 0.8911184203125 0.3548245609375 0.8815789468749999 0.33433845 0.8607730265625
1 0.35921052656249997 0.884018640625 0.35544590625 0.893393640625 0.37680921093749997 0.9139254390625 0.3802448828125 0.9041392546875 0.35921052656249997 0.884018640625
0 0.38342470781250004 0.9287280703125 0.3880482453125 0.9310855265625 0.3904788015625 0.9176809203125 0.3857090640625 0.915268640625 0.38342470781250004 0.9287280703125
1 0.3739583328125 0.9275219296874999 0.36960891875 0.92261513125 0.3619883046875 0.9385964906250001 0.3662646203125 0.943421053125 0.3739583328125 0.9275219296874999
0 0.36648391875 0.9234375 0.3627923984375 0.919873903125 0.3580226609375 0.931578946875 0.3614766078125 0.9350603062499999 0.36648391875 0.9234375
0 0.362134503125 0.91962719375 0.3587171046875 0.91631030625 0.353106725 0.929358553125 0.356725146875 0.9329495609375 0.362134503125 0.91962719375
0 0.35853435624999996 0.913596490625 0.3546217109375 0.90984375 0.349634503125 0.9220394734375 0.353269371875 0.9253591015625 0.35853435624999996 0.913596490625
0 0.35091374218750004 0.9158991234375 0.3528874265625 0.9095120609375 0.34378655 0.9022478062499999 0.3416849421875 0.9084703953125001 0.35091374218750004 0.9158991234375
1 0.4645650578125 0.8311951750000001 0.46922514687500005 0.8297149125000001 0.4670869890625 0.8138157890625 0.46259137499999997 0.8152138156250001 0.4645650578125 0.8311951750000001
0 0.03983918125 0.84608004375 0.037518275000000004 0.851206140625 0.043274853125 0.860581140625 0.0458333328125 0.8552905703125001 0.03983918125 0.84608004375
0 0.009703946875 0.7533168859375 0.007035818750000001 0.7486293859375001 0.0018092109374999998 0.7552357453125 0.0040570171874999995 0.759731359375 0.009703946875 0.7533168859375
0 0.1178179828125 0.8426809203125 0.11482090625000001 0.8384868421875 0.10953947343749999 0.8476151312500001 0.11235380156250001 0.8515350875 0.1178179828125 0.8426809203125
0 0.077777778125 0.8068256578125 0.0760416671875 0.8021107453124999 0.0697733921875 0.8067160093749999 0.07132675468750001 0.81165021875 0.077777778125 0.8068256578125
0 0.079367690625 0.7897203953124999 0.07615131562500001 0.7875 0.073062865625 0.7966831140624999 0.07649853749999999 0.79917763125 0.079367690625 0.7897203953124999
0 0.065643275 0.6920230265625 0.0646929828125 0.697258771875 0.071546053125 0.7015625 0.0723866953125 0.6959978062500001 0.065643275 0.6920230265625
0 0.170796784375 0.66326754375 0.168804825 0.6685307015624999 0.17558479531249999 0.675383771875 0.1775584796875 0.670257675 0.170796784375 0.66326754375
1 0.16887792343750002 0.65709978125 0.172203946875 0.6497807015625 0.161239034375 0.637198465625 0.1578216375 0.6449013156250001 0.16887792343750002 0.65709978125
1 0.17955043906249998 0.6735197375 0.18329678437500002 0.66631030625 0.17136513125 0.6495668859375 0.167653509375 0.6568804828125 0.17955043906249998 0.6735197375
0 0.47649853750000004 0.144078946875 0.47275219375 0.142489034375 0.4701388890625 0.1537554828125 0.473830409375 0.15545504375000002 0.47649853750000004 0.144078946875
0 0.47426900625 0.15671600937500002 0.4703581875 0.1552083328125 0.4677631578125 0.16792763125000001 0.47160087656250005 0.16951754375 0.47426900625 0.15671600937500002
0 0.18293128593750002 0.8774671046875 0.184009503125 0.8718201750000001 0.1771929828125 0.86636513125 0.1760051171875 0.8719846484374999 0.18293128593750002 0.8774671046875
0 0.19110014687500002 0.8767543859375 0.1920504390625 0.8722039468749999 0.18512426875000002 0.86790021875 0.1842105265625 0.8723958328125001 0.19110014687500002 0.8767543859375
0 0.27362938593749997 0.702001096875 0.268731725 0.701178728125 0.2674707609375 0.7171052625 0.2724415203125 0.71792763125 0.27362938593749997 0.702001096875
0 0.32118055624999997 0.5349232453125 0.31664839218749996 0.5361567984375 0.3174342109375 0.5515076750000001 0.3221491234375 0.5500274125 0.32118055624999997 0.5349232453125
0 0.3358918125 0.8935855265624999 0.333150584375 0.8990405703125001 0.3404239765625 0.907456140625 0.3432565796875 0.9015899125000001 0.3358918125 0.8935855265624999
0 0.9308296781250001 0.2177357453125 0.9312134500000001 0.21066337656249998 0.9200475140625001 0.20852521875000002 0.9194078953125 0.21559758750000002 0.9308296781250001 0.2177357453125
0 0.3200657890625 0.2870065796875 0.32110745625 0.2815241234375 0.3119846484375 0.277667215625 0.3108187140625 0.283168859375 0.3200657890625 0.2870065796875
0 0.31639254375000003 0.25663377187499997 0.3124269 0.2549616234375 0.3095577484375 0.26644736875 0.313687865625 0.2682017546875 0.31639254375000003 0.25663377187499997
0 0.31167763125 0.2541666671875 0.307364765625 0.252768640625 0.3049524859375 0.26680372812500003 0.3095394734375 0.26800986875 0.31167763125 0.2541666671875
0 0.378545321875 0.12132675468750001 0.3837171046875 0.1219024125 0.3850511703125 0.1056469296875 0.380007309375 0.1052631578125 0.378545321875 0.12132675468750001
0 0.3732456140625 0.12316337656250001 0.37730263124999996 0.1235197375 0.3781981 0.11107456093750001 0.37426900625 0.11071820156250001 0.3732456140625 0.12316337656250001
0 0.3772112578125 0.017105262500000003 0.380902778125 0.0200657890625 0.38601973749999996 0.007757675 0.3825840640625 0.00553728125 0.3772112578125 0.017105262500000003
0 0.08289473750000001 0.2103892546875 0.08698830468749999 0.2061129390625 0.08258406406249999 0.1966008765625 0.0786732453125 0.20074013124999998 0.08289473750000001 0.2103892546875
0 0.0593019 0.23903508750000002 0.062975146875 0.23525219375 0.05933845 0.2240953953125 0.055939328125 0.22743969375 0.0593019 0.23903508750000002
0 0.0634868421875 0.2375 0.060398392187500004 0.24065241249999997 0.0630847953125 0.250438596875 0.0665387421875 0.2470120609375 0.0634868421875 0.2375
0 0.0325840640625 0.2734649125 0.0361293859375 0.270010965625 0.0328216375 0.2594846484375 0.029404239062499997 0.2626918859375 0.0325840640625 0.2734649125
0 0.0442434203125 0.29769736875 0.040423976562500005 0.3017817984375 0.043695175 0.3127741234375 0.04773391875 0.3088541671875 0.0442434203125 0.29769736875
0 0.0349597953125 0.37532894687499996 0.0381578953125 0.3718475875 0.03517909375 0.3634868421875 0.0319261703125 0.366803728125 0.0349597953125 0.37532894687499996
0 0.035471490625000004 0.37658991249999996 0.0321820171875 0.37960526250000004 0.03516081875 0.3896381578125 0.0385416671875 0.38637609687499996 0.035471490625000004 0.37658991249999996
0 0.0091374265625 0.5591557015624999 0.0103252921875 0.553591009375 0.004258040625 0.5501096484375 0.0029057015625000003 0.5556743421875 0.0091374265625 0.5591557015624999
1 0.33983918125 0.3854166671875 0.3328947375 0.3845394734375 0.331560671875 0.402686403125 0.3384502921875 0.40331688593750004 0.33983918125 0.3854166671875
1 0.4263157890625 0.4963267546875 0.41946271875 0.49432565781250004 0.41701388906250003 0.5134868421875 0.42395833281249995 0.5155153515625 0.4263157890625 0.4963267546875
1 0.4487207609375 0.7228618421874999 0.45107821562500006 0.7151864031249999 0.43740862500000005 0.7049067984375 0.43508771875 0.712061403125 0.4487207609375 0.7228618421874999
1 0.45268640312499997 0.7034265343749999 0.4540570171875 0.6956962718749999 0.43954678437499994 0.6888432015625 0.4381030703125 0.696518640625 0.45268640312499997 0.7034265343749999
1 0.4392178359375 0.6799067984375 0.437554825 0.6878837718749999 0.45303362500000005 0.6963541671875 0.454661915625 0.6882072375 0.4392178359375 0.6799067984375
1 0.42116228125 0.7024396937499999 0.4272112578125 0.706606359375 0.43541666718750005 0.6756304828124999 0.42934941562500006 0.671436403125 0.42116228125 0.7024396937499999
1 0.418421053125 0.6881030703125 0.4236111109375 0.6919682015624999 0.43040935625000004 0.666885965625 0.42523757343749996 0.66321271875 0.418421053125 0.6881030703125
1 0.41461988281249995 0.677658990625 0.41990131562500005 0.680866228125 0.42525584843750003 0.6587171046875 0.4200840640625 0.65540021875 0.41461988281249995 0.677658990625
0 0.06659356718750001 0.6482456140624999 0.0626279234375 0.6481085531249999 0.0623720765625 0.6605263156250001 0.06633771875 0.660581140625 0.06659356718750001 0.6482456140624999
0 0.27743055625 0.30611293906250003 0.274597953125 0.3109375 0.2809758765625 0.31885964843750003 0.2838267546875 0.3138157890625 0.27743055625 0.30611293906250003
0 0.299945175 0.38796600937500003 0.30102339218749996 0.38355263125 0.29459064375 0.38050986875000004 0.2935307015625 0.384786184375 0.299945175 0.38796600937500003
0 0.1888888890625 0.5515350875 0.185489765625 0.548876096875 0.18199926875 0.5580866234374999 0.1853435671875 0.5611019734375 0.1888888890625 0.5515350875
0 0.1931834796875 0.5393092109375 0.1893457609375 0.5369517546875 0.18618421093749998 0.54769736875 0.1900219296875 0.5501918859375 0.1931834796875 0.5393092109375
0 0.385526315625 0 0.38366228125 0.0029057015625000003 0.387189328125 0.006688596874999999 0.3915625 0 0.385526315625 0
0 0.40316155 0.6273574562500001 0.4073099421875 0.62743969375 0.40712719374999995 0.6120888156250001 0.4029239765625 0.6123355265625 0.40316155 0.6273574562500001
0 0.3963450296875 0.623081140625 0.40073099375 0.6248355265625001 0.4032346484375 0.60860745625 0.398757309375 0.6072368421875 0.3963450296875 0.623081140625
0 0.7900767546874999 0.48237390312499995 0.786239034375 0.479358553125 0.7818165203125 0.4912554828125 0.7854349421875 0.49443530625000004 0.7900767546874999 0.48237390312499995
0 0.8708698828125 0.6837171046875 0.8763523390625 0.68368969375 0.8760599421874999 0.6665296046875 0.8708333328125001 0.66647478125 0.8708698828125 0.6837171046875
0 0.544992690625 0.01477521875 0.544937865625 0.0208607453125 0.5547880109375 0.0212445171875 0.5546418125 0.015131579687499999 0.544992690625 0.01477521875
0 0.30698099375 0.31674890312500004 0.3056103796875 0.32275219375 0.314364034375 0.3264528515625 0.3154239765625 0.320696271875 0.30698099375 0.31674890312500004