0 0.059588815625 0.1760032890625 0.0563432015625 0.1832757671875 0.06829130156249999 0.19548245625 0.071580775 0.18794956093749998 0.059588815625 0.1760032890625
0 0.0902174703125 0.304372259375 0.09580774843749999 0.2993667765625 0.08640350937499999 0.2770559203125 0.08090277812499999 0.2821546046875 0.0902174703125 0.304372259375
0 0.087445175 0.866063596875 0.091063596875 0.8739583328125 0.1035014625 0.860098684375 0.10007492656250001 0.8524698468749999 0.087445175 0.866063596875
0 0.16334064375 0.7966282890625 0.168731725 0.803426534375 0.17988669531249998 0.7826562499999999 0.1746472953125 0.7760992328125 0.16334064375 0.7966282890625
0 0.18923611093749998 0.23922697343750002 0.1947551171875 0.2345120609375 0.1875731 0.21419956093749998 0.1818896203125 0.219161184375 0.18923611093749998 0.23922697343750002
0 0.289850146875 0.05021655625 0.2959959796875 0.046842104687500004 0.2906286546875 0.0245038375 0.28452485312500003 0.027686403124999998 0.289850146875 0.05021655625
0 0.4096491234375 0.066885965625 0.4146217109375 0.0720093203125 0.4224963453125 0.0568256578125 0.4179586984375 0.0514254390625 0.4096491234375 0.066885965625
0 0.3158260234375 0.29761513125 0.311785453125 0.2891282890625 0.29607821562500003 0.3047231359375 0.3001370609375 0.3142653515625 0.3158260234375 0.29761513125
0 0.31798245625 0.3114528515625 0.3138888890625 0.30238486875000004 0.297892909375 0.31761513125 0.3020504390625 0.3271957234375 0.31798245625 0.3114528515625
0 0.3212902046875 0.321929825 0.3173062859375 0.3130756578125 0.30260051093749996 0.32767543906249996 0.306158625 0.33681469375 0.3212902046875 0.321929825
0 0.3260928359375 0.33660087656250004 0.32210891875000003 0.32774671093749996 0.30740314375 0.3423492328125 0.3109612578125 0.3514857453125 0.3260928359375 0.33660087656250004
0 0.2645120609375 0.381946271875 0.2684228796875 0.38992598749999996 0.28142909375 0.37526315781249997 0.27747258750000003 0.3670093203125 0.2645120609375 0.381946271875
0 0.29771564375000004 0.3885471484375 0.29335891875 0.3940433109375 0.30228435625 0.40989583281249997 0.3065588453125 0.40418037343749996 0.29771564375000004 0.3885471484375
0 0.30482090624999997 0.7809018640625001 0.29967105312500003 0.775466009375 0.28965643281250003 0.795257675 0.29544956093749997 0.8012609656249999 0.30482090624999997 0.7809018640625001
0 0.6088450296875 0.040186403125 0.6119152046874999 0.031277412500000004 0.5977192984374999 0.0164309203125 0.5935489765625 0.0252741234375 0.6088450296875 0.040186403125
0 0.587408625 0.058662281250000003 0.5929093562500001 0.06332236875 0.5990131578125 0.0451480265625 0.5939327484375 0.0411458328125 0.587408625 0.058662281250000003
0 0.580062134375 0.051672148437499996 0.5854166671875001 0.05633223750000001 0.5927997078125 0.035444079687500005 0.587554825 0.030975876562499997 0.580062134375 0.051672148437499996
0 0.5916319437500001 0.138053728125 0.587902046875 0.1453125 0.59773391875 0.1568256578125 0.6015168125 0.14915021875 0.5916319437500001 0.138053728125
0 0.5851644734375 0.183876096875 0.5877923984375 0.1747532890625 0.573241959375 0.16386513125 0.5704276312500001 0.1729029609375 0.5851644734375 0.183876096875
0 0.6134009500000001 0.1819819078125 0.6087171046875001 0.1805921046875 0.6061111109375 0.1972971484375 0.6110051171875 0.1987582234375 0.6134009500000001 0.1819819078125
0 0.49322185625000003 0.39598410156249997 0.497350146875 0.402768640625 0.5098958328125 0.38447368437499996 0.5055062140625 0.3780317984375 0.49322185625000003 0.39598410156249997
0 0.5115314328125 0.3088267546875 0.5173245609375 0.3134594296875 0.5238523390625 0.2942379390625 0.5183260234375 0.29035361875 0.5115314328125 0.3088267546875
0 0.5196418125 0.2774232453125 0.5246637421875 0.283508771875 0.5352704671875 0.2635690796875 0.5302997078125 0.2578399125 0.5196418125 0.2774232453125
0 0.5004934203125 0.328508771875 0.5052997078125 0.3322642546875 0.5110745609375 0.31474506562500004 0.506491228125 0.311307565625 0.5004934203125 0.328508771875
0 0.7063231 0.2609100875 0.7078216375 0.250383771875 0.6941739765625 0.2446381578125 0.691937134375 0.25434210468749996 0.7063231 0.2609100875
0 0.7845723687499999 0.3694106359375 0.7901133046875 0.364364034375 0.782980628125 0.346148575 0.7771198828125 0.351206140625 0.7845723687499999 0.3694106359375
0 0.7807565796875 0.3098958328125 0.78358918125 0.3188322375 0.7997331875 0.30842927656249997 0.796929825 0.2993421046875 0.7807565796875 0.3098958328125
0 0.8454678359375001 0.308991228125 0.8414290937500001 0.30071271875 0.8295961249999999 0.3134018640625 0.8334155703125001 0.3219133765625 0.8454678359375001 0.308991228125
0 0.7315241234375 0.6936129390625 0.7325475140625 0.7035087718749999 0.750475146875 0.6986842109375 0.74923245625 0.68837719375 0.7315241234375 0.6936129390625
0 0.7317982453125 0.6765076750000001 0.7318896203125 0.6868146937499999 0.74923245625 0.6865131578125 0.7493238296875 0.6763432015624999 0.7317982453125 0.6765076750000001
0 0.8498720765625001 0.696929825 0.84386513125 0.6950137062499999 0.8411366953125 0.7181469296875 0.847185671875 0.7197642546874999 0.8498720765625001 0.696929825
0 0.6493421046875001 0.44150219375 0.6506030703125 0.4313596484375 0.6333863296875 0.42535361875 0.6316575296875 0.43549067968750005 0.6493421046875001 0.44150219375
0 0.55822185625 0.28425986875000003 0.552984284375 0.2895641453125 0.5611695906249999 0.30832236874999996 0.56646564375 0.3026315796875 0.55822185625 0.28425986875000003
0 0.453411915625 0.46343750000000006 0.45033442968750004 0.45508771875000004 0.4388340640625 0.46474780625 0.4416118421875 0.4729440796875 0.453411915625 0.46343750000000006
0 0.4481578953125 0.7157565796875 0.4544316515625 0.71550986875 0.4536677625 0.690709978125 0.447447003125 0.6910361843749999 0.4481578953125 0.7157565796875
0 0.47107638906249993 0.7342543859374999 0.46976608124999997 0.724514803125 0.45361476562499997 0.72868969375 0.4548684203125 0.7387582234375001 0.47107638906249993 0.7342543859374999
0 0.41927997031249997 0.9189692984375 0.4126041671875 0.9204989031249999 0.41451023437499995 0.94462719375 0.42129020468749995 0.9437774125 0.41927997031249997 0.9189692984375
0 0.41120248593750003 0.72412280625 0.41823282187500005 0.7226809203125 0.415875365625 0.694533990625 0.4092744890625 0.695383771875 0.41120248593750003 0.72412280625
0 0.42941703281250004 0.8447286187499999 0.4227302625 0.8465652406249999 0.4261732453125 0.8744709437499999 0.43273026249999996 0.8726973687499999 0.42941703281250004 0.8447286187499999
0 0.43464729531249996 0.91328125 0.428545321875 0.914473684375 0.43070175468749994 0.9420805921875001 0.43710160781249996 0.940838815625 0.43464729531249996 0.91328125
0 0.4986842109375 0.9092927625 0.4921546046875 0.9102905703124999 0.49344298281250004 0.936891446875 0.5001644734374999 0.9357456140625 0.4986842109375 0.9092927625
0 0.5104166671875 0.9099232453124999 0.50368969375 0.909860196875 0.5032163749999999 0.9361842109375 0.51021564375 0.93667763125 0.5104166671875 0.9099232453124999
1 0.43824926875000003 0.47922149062499997 0.43386513125 0.4685032890625 0.4141940796875 0.48644188593750004 0.41854349375 0.49741502187500003 0.43824926875000003 0.47922149062499997
1 0.4765113296875 0.421773575 0.4820029234375 0.4285690796875 0.494358553125 0.40488760937499996 0.48907346562500004 0.3984018640625 0.4765113296875 0.421773575
1 0.4524945171875 0.4389583328125 0.451858553125 0.4379468203125 0.44697368437499996 0.4440241234375 0.44756944374999996 0.445213815625 0.4524945171875 0.4389583328125
0 0.6484375 0.5056990124999999 0.6493439328124999 0.4944572375 0.6322094296875 0.49075109687499996 0.6309740500000001 0.5014994515625 0.6484375 0.5056990124999999
0 0.6317982453125001 0.47023848749999997 0.631551534375 0.4804934203125 0.6491776312499999 0.48271929843750006 0.6495084062500001 0.47147478125 0.6317982453125001 0.47023848749999997
1 0.6380683484375 0.4090899125 0.6360562859375001 0.42217653437499997 0.65544590625 0.42850877187499997 0.6571637421875 0.4163678734375 0.6380683484375 0.4090899125
1 0.6338633046875 0.390323465625 0.631633771875 0.402801534375 0.660462353125 0.41503563593750004 0.6625219296875 0.402554825 0.6338633046875 0.390323465625
1 0.6931377921874999 0.2597669953125 0.692635234375 0.2623081140625 0.698857821875 0.265342653125 0.69928728125 0.262911184375 0.6931377921874999 0.2597669953125
1 0.81318530625 0.5645805921875 0.81178728125 0.565296053125 0.813687865625 0.5748081140625 0.8151498531250001 0.5740679828124999 0.81318530625 0.5645805921875
0 0.6331469296875001 0.459092653125 0.6330519 0.46724506562499996 0.6452558484375001 0.46717379374999995 0.6453033625 0.45915570156249996 0.6331469296875001 0.459092653125
0 0.635314328125 0.44636787343749995 0.6352192984375 0.45451754375000003 0.64742141875 0.45444627187500003 0.6474707609375 0.44642817968750004 0.635314328125 0.44636787343749995
0 0.7335434937499999 0.7112253296875 0.734391446875 0.72154879375 0.7526845765625 0.7184375000000001 0.7518366234375 0.7075466015625 0.7335434937499999 0.7112253296875
0 0.392437865625 0.8500438593749999 0.399367690625 0.8495531796875 0.39740314374999997 0.82589638125 0.3908004390625 0.8268804828125 0.392437865625 0.8500438593749999
1 0.3870065796875 0.8895559203125 0.38673245624999997 0.90084978125 0.40555555625000006 0.9012582234375 0.40555555625000006 0.8900466015624999 0.3870065796875 0.8895559203125
1 0.4310672515625 0.7194078953124999 0.4374269 0.718338815625 0.435195540625 0.6924945171875 0.4285946640625 0.6933415562499999 0.4310672515625 0.7194078953124999
1 0.4217288015625 0.7263706140624999 0.429276315625 0.72425986875 0.4260599421875 0.6933634875 0.4189692984375 0.6953947375 0.4217288015625 0.7263706140624999
1 0.469846490625 0.6891995609375 0.46394736875 0.6901370609375 0.46633771875 0.7198190796875 0.4721673984375 0.7188870609375 0.469846490625 0.6891995609375
1 0.4178362578125 0.875 0.42417763124999996 0.873135965625 0.42044956093749997 0.8477796046874999 0.41436403437499997 0.8499177625 0.4178362578125 0.875
1 0.43648757343750005 0.8725438593750001 0.44257858125 0.8708552624999999 0.43853983906250005 0.8451343203125001 0.432383040625 0.8473711625 0.43648757343750005 0.8725438593750001
1 0.42799890312500005 0.9150191890625001 0.4216264625 0.91514254375 0.42217836249999996 0.9419572374999999 0.42841191562500003 0.9420805921875001 0.42799890312500005 0.9150191890625001
1 0.44372258750000004 0.912203946875 0.4359429828125 0.9140268640625001 0.438839546875 0.944106359375 0.4472258765625 0.9422039468750001 0.44372258750000004 0.912203946875
1 0.4547733921875 0.9104221484374999 0.4478545328125 0.9127549343749999 0.452489034375 0.9420010968750001 0.4599707609375 0.9389720390624999 0.4547733921875 0.9104221484374999
1 0.4633808484375 0.910172696875 0.455793128125 0.913760965625 0.4614601609375 0.9426480265625001 0.46930555625 0.9395175437500001 0.4633808484375 0.910172696875
1 0.48048245625 0.9106633765625001 0.4801900578125 0.89928728125 0.45929824531249996 0.900043859375 0.45949744218750005 0.9118119515625001 0.48048245625 0.9106633765625001
1 0.47841739843750003 0.9096491234374999 0.47071820156250005 0.9107675437499999 0.47277777812500005 0.9432182015624999 0.48073647656249996 0.9422149125000001 0.47841739843750003 0.9096491234374999
1 0.4887463453125 0.9091803734375 0.48250182812500003 0.9099671046875001 0.48379020468749995 0.9365679828125 0.4899853796875 0.93584978125 0.4887463453125 0.9091803734375
1 0.5180628656249999 0.9081058109375 0.5116045328125 0.9090734656249999 0.5134375 0.9377796046875 0.5200164468749999 0.9371381578125 0.5180628656249999 0.9081058109375
1 0.50828581875 0.9090296046875 0.5080939328125 0.8958004390625 0.4883607453125 0.89665844375 0.48859831875 0.9098163375 0.50828581875 0.9090296046875
1 0.5358004390625 0.9085526312500001 0.5360197375 0.898492325 0.5166483921875 0.898081140625 0.51650219375 0.908114034375 0.5358004390625 0.9085526312500001
1 0.5039674703125 0.8854660093750001 0.5036366953125 0.8952467109375 0.5212134500000001 0.8966858546875001 0.52167763125 0.8861595390625 0.5039674703125 0.8854660093750001
1 0.4827119890625 0.8837171046875 0.482525584375 0.89430646875 0.5020211984375 0.8953782890624999 0.502355628125 0.8850822375 0.4827119890625 0.8837171046875
1 0.498062865625 0.8750274125 0.49553910781250005 0.865635965625 0.47737573125 0.8766447375 0.47961805625 0.8854413375 0.498062865625 0.8750274125
1 0.500420321875 0.8748903515625001 0.5010416671875 0.8856085531250001 0.5191483921875 0.8829221484374999 0.518384503125 0.8722587718750001 0.500420321875 0.8748903515625001
1 0.5239217843749999 0.86951754375 0.523117690625 0.8576754390625 0.5039071640625 0.8614583328125001 0.5047642546875 0.8726973687499999 0.5239217843749999 0.86951754375
1 0.5229166671875001 0.8524396937500001 0.5215826015625 0.8422697375 0.5025950296875 0.8479440796875 0.5038541671875 0.8582428734375 0.5229166671875001 0.8524396937500001
1 0.5021747078125001 0.858936403125 0.499758771875 0.849528509375 0.48042763125 0.859320175 0.48335160781250003 0.869873903125 0.5021747078125001 0.858936403125
1 0.4861915203125 0.8520860750000001 0.49444444374999996 0.8522203953125 0.49429459062500003 0.8230537281249999 0.4860489765625 0.8229111843749999 0.4861915203125 0.8520860750000001
1 0.49639985312499996 0.8478618421874999 0.504018640625 0.846151315625 0.50177814375 0.8161184203125 0.49434210468749995 0.8174067984375 0.49639985312499996 0.8478618421874999
1 0.5114071640625 0.8034621703125 0.5048775578125 0.80375 0.5053070171875 0.8312774125000001 0.5118841375 0.8310635968750001 0.5114071640625 0.8034621703125
1 0.5212043125 0.7993558109375 0.5146728796875 0.7996408984375 0.5150036546875 0.8260964906250001 0.5213998531249999 0.826233553125 0.5212043125 0.7993558109375
1 0.46211622812500003 0.8960800437499999 0.461366959375 0.8859100874999999 0.4412280703125 0.8889967109375 0.4423428359375 0.8998081140625 0.46211622812500003 0.8960800437499999
1 0.46167763125 0.884320175 0.460796784375 0.8732319078125 0.440935671875 0.8760142546875 0.4417726609375 0.887129934375 0.46167763125 0.884320175
1 0.5408991234375 0.7684758765625 0.5332967843749999 0.76474780625 0.5270102343749999 0.7919682015625 0.5344846484375 0.7958881578125 0.5408991234375 0.7684758765625
1 0.5456505843749999 0.8101425437499999 0.5459082609375 0.8198108546875 0.5661366953125 0.8170230265624999 0.5658625734375 0.8069078953125001 0.5456505843749999 0.8101425437499999
1 0.56354349375 0.7673081140625 0.5612774125 0.7555729171875 0.5418512421874999 0.7631907890625 0.5439108187499999 0.7750328953125 0.56354349375 0.7673081140625
0 0.406133040625 0.852456140625 0.3998172515625 0.8544682015625 0.4030116953125 0.8746902406249999 0.4090679828125 0.8726288375 0.406133040625 0.852456140625
1 0.4025657890625 0.84654879375 0.40875365468749997 0.84459978125 0.40509868437499996 0.8167214906250001 0.3990131578125 0.8187774125 0.4025657890625 0.84654879375
1 0.4842653515625 0.3705043859375 0.4789619890625 0.36069353125000003 0.46092836249999997 0.38040021875 0.4662646203125 0.39141995625 0.4842653515625 0.3705043859375
1 0.5416392546875 0.3131332234375 0.5342470765625 0.31477521875000003 0.53662280625 0.3423519734375 0.54453581875 0.34095394687499997 0.5416392546875 0.3131332234375