1 0.482024853125 0.8341118421875 0.4797880109375 0.834018640625 0.4796454671875 0.842327303125 0.4818896203125 0.8424067984375 0.482024853125 0.8341118421875
0 0.41048611093750004 0 0.40729349375 0.00016447343749999998 0.4050146203125 0.0096354171875 0.41027046718750004 0.010169956249999999 0.4123611109375 0 0.41048611093750004 0
1 0.5234466375 0 0.521633771875 0.020929276562499998 0.5282383046875 0.02133771875 0.52972405 0.0000657890625 0.5251206140625 0 0.5234466375 0
0 0.600347221875 0.0625274125 0.6007291671874999 0.06937774062499999 0.6120065796875 0.069078946875 0.6116045328124999 0.061896929687500005 0.600347221875 0.0625274125
0 0.507492690625 0.6618421046875 0.5048062859375 0.6571820171875 0.49766081875 0.6669682015625 0.5000731 0.67116228125 0.507492690625 0.6618421046875
1 0.397989765625 0.5866228062500001 0.3891630109375 0.5856359656250001 0.3869334796875 0.6108004390625 0.39634868437500004 0.6122368421875 0.397989765625 0.5866228062500001
1 0.43519736875000004 0.8052357453125 0.43523391875 0.7919133765625 0.41801900625000005 0.7920504390625001 0.41798245625 0.804989034375 0.43519736875000004 0.8052357453125
1 0.34546783593749997 0.5892543859375 0.35387426875 0.5859649124999999 0.349543128125 0.5604440796875 0.3404605265625 0.5642817984375 0.34546783593749997 0.5892543859375
0 0.934464546875 0.2840844296875 0.9346673984375 0.2767817984375 0.9248172515625 0.2751918859375 0.9245065796875 0.2827302625 0.934464546875 0.2840844296875
0 0.5403874265625 0.6182017546874999 0.535562865625 0.6181195171875 0.5353252921875 0.6363486843749999 0.5404057015625 0.636403509375 0.5403874265625 0.6182017546874999
1 0.56164108125 0.5388980265625001 0.5616045328125 0.541063596875 0.5641995609375 0.5412006578125 0.5642178359375001 0.5390350875000001 0.56164108125 0.5388980265625001
0 0.566027046875 0.5420504390625001 0.57108918125 0.5420230265625 0.5708698828125 0.524533990625 0.566081871875 0.5244517546874999 0.566027046875 0.5420504390625001
1 0.36197002968750003 0.669873903125 0.3639254390625 0.669216009375 0.3631213453125 0.6644462718749999 0.3611659359375 0.6650493421875 0.36197002968750003 0.669873903125
1 0.4090826015625 0.593283990625 0.39996345 0.591803728125 0.394170321875 0.6576480265625 0.4033077484375 0.6588815796875 0.4090826015625 0.593283990625
1 0.3388157890625 0.5536458328125 0.330153509375 0.5577028515625 0.342635234375 0.6199013156250001 0.351242690625 0.6154057015625 0.3388157890625 0.5536458328125
1 0.3439875734375 0.66875 0.35148026250000003 0.6644462718749999 0.333918128125 0.595668859375 0.3268274859375 0.5994791671875 0.3439875734375 0.66875
0 0.358168859375 0.6787280703125 0.362810671875 0.6768393640625 0.3603618421875 0.6625274125 0.35588450312500003 0.664473684375 0.358168859375 0.6787280703125
1 0.50385599375 0.5756578953125 0.4983369890625 0.5736019734375 0.4943530703125 0.5984923249999999 0.5002302624999999 0.600668859375 0.50385599375 0.5756578953125
1 0.4875731 0.5438870609374999 0.4942616953125 0.5434758765625001 0.492653509375 0.5045230265625 0.486293859375 0.5047423249999999 0.4875731 0.5438870609374999
1 0.5650036546874999 0.825438596875 0.5635599421874999 0.8254660093749999 0.563614765625 0.8295778515625001 0.5650584796875 0.8296052625 0.5650036546874999 0.825438596875
1 0.37975146249999997 0.93525219375 0.38262061406250003 0.93525219375 0.3825511703125 0.9230345390625001 0.3795869890625 0.9231633765625 0.37975146249999997 0.93525219375
0 0.3384411546875 0.8623821265625 0.33859649062499997 0.8705043859374999 0.350310671875 0.8696820171875 0.3502192984375 0.8614857453125 0.3384411546875 0.8623821265625
1 0.44941155000000005 0.975679825 0.45171783593750003 0.975679825 0.45171783593750003 0.9645559203125 0.44915935625000003 0.9645559203125 0.44941155000000005 0.975679825
1 0.43342470781250003 0.898026315625 0.4368238296875 0.8870065796875 0.4144133765625 0.874018640625 0.41120248593750003 0.8850054828125 0.43342470781250003 0.898026315625
1 0.390241228125 0.8659539468749999 0.390259503125 0.8714912281249999 0.39795321562499997 0.871518640625 0.39791666718749996 0.865981359375 0.390241228125 0.8659539468749999
1 0.5980263156250001 0.55709978125 0.596875 0.5601425437499999 0.6018951015625 0.5641831140625 0.6029349421875 0.5608744515625 0.5980263156250001 0.55709978125
1 0.560221125 0.430498903125 0.55806469375 0.4303618421875 0.5578947375000001 0.43908991249999996 0.5601425437499999 0.43922697343749995 0.560221125 0.430498903125
1 0.55539108125 0.4650219296875 0.5532346484375 0.46488486875 0.553070175 0.47269736875 0.5553179828125 0.4728344296875 0.55539108125 0.4650219296875
0 0.4703764625 0.66633771875 0.4748172515625 0.668421053125 0.47741228125 0.65381030625 0.47322733906250003 0.6518366234374999 0.4703764625 0.66633771875
0 0.44197733906250003 0.6614583328125 0.44685672500000007 0.66181469375 0.4470577484375 0.64613486875 0.44245248593750003 0.6459429828125 0.44197733906250003 0.6614583328125
1 0.5087719296875 0.45211074531250006 0.5021929828125 0.4529057015625 0.505080409375 0.4874725875 0.5114400578125 0.48651315781250004 0.5087719296875 0.45211074531250006
1 0.4943165203125 0.602028509375 0.48876096562500004 0.6010416671875001 0.486366959375 0.626260965625 0.4919773390625 0.6272203953125 0.4943165203125 0.602028509375
1 0.4954130109375 0.5700932015625 0.48943713437499997 0.569161184375 0.487171053125 0.597203946875 0.49303728125 0.5984923249999999 0.4954130109375 0.5700932015625
1 0.5307383046874999 0.9732456140625001 0.52900219375 0.973081140625 0.5288011703125 0.977028509375 0.5305555562500001 0.9771929828125 0.5307383046874999 0.9732456140625001
0 0.4952119890625 0.7529331140625 0.5020467843749999 0.7549342109375 0.505135234375 0.7297149125 0.4983369890625 0.727823465625 0.4952119890625 0.7529331140625
1 0.26960891875000004 0.2329495609375 0.27216739843750004 0.22502741249999997 0.2568347953125 0.2161184203125 0.254331140625 0.22294407968750002 0.26960891875000004 0.2329495609375
0 0.2559758765625 0.2032894734375 0.255921053125 0.21208881562499998 0.2671966375 0.2118421046875 0.2669773390625 0.2030975875 0.2559758765625 0.2032894734375
0 0.2794590640625 0.218448465625 0.279367690625 0.20964912343750003 0.26680372812500003 0.20989857500000003 0.266867690625 0.218695175 0.2794590640625 0.218448465625
0 0.27889254375 0.210526315625 0.27881944375 0.201864034375 0.2662280703125 0.20219298281250003 0.26631944375 0.210526315625 0.27889254375 0.210526315625
0 0.25555555625 0.194078946875 0.25550073125 0.201260965625 0.26595394687499996 0.20093201718749998 0.2658991234375 0.19380482500000001 0.25555555625 0.194078946875
0 0.2796783625 0.201151315625 0.2796783625 0.1911732453125 0.266151315625 0.1916145828125 0.2662280703125 0.20128837656249998 0.2796783625 0.201151315625
1 0.3626297515625 0.5653371703125 0.3704861109375 0.5650767546875 0.3693347953125 0.5180921046875 0.3618238296875 0.5187774125 0.3626297515625 0.5653371703125
1 0.398903509375 0.5862116234375 0.407364765625 0.5868421046875001 0.40776681249999996 0.5209429828125 0.4001096484375 0.52113486875 0.398903509375 0.5862116234375
1 0.387883771875 0.58349780625 0.3958698828125 0.5845942984375 0.39950657968750003 0.5205866234375 0.391703215625 0.51959978125 0.387883771875 0.58349780625
1 0.3796235375 0.5783168859375001 0.3877558484375 0.5795504390625 0.3922697375 0.516803728125 0.3850146203125 0.5155975875000001 0.3796235375 0.5783168859375001
1 0.3538011703125 0.5885690796875 0.361275584375 0.588678728125 0.360526315625 0.522341009375 0.353070175 0.52256030625 0.3538011703125 0.5885690796875
0 0.365204678125 0.8161732453124999 0.36010599375 0.8165296046874999 0.36070906406250003 0.832456140625 0.3657711984375 0.8319901312500001 0.365204678125 0.8161732453124999
0 0.36871345 0.84300986875 0.373830409375 0.843804825 0.37483552656249997 0.8251096484374999 0.3700475140625 0.8245065796875 0.36871345 0.84300986875
0 0.3123538015625 0.833168859375 0.30723684218749997 0.8314418859374999 0.3046418125 0.8468475874999999 0.3096308484375 0.8489583328125001 0.3123538015625 0.833168859375
0 0.3052448828125 0.8313322375000001 0.300383771875 0.83125 0.30034722187499996 0.8455043859375 0.305007309375 0.8455043859375 0.3052448828125 0.8313322375000001
0 0.3549159359375 0.828563596875 0.349561403125 0.8275767546875 0.34782529218749997 0.845614034375 0.35308845 0.8469572375000001 0.3549159359375 0.828563596875
0 0.34453581875 0.8328947375 0.339400584375 0.8328673249999999 0.3391264625 0.8497532890624999 0.3443347953125 0.849945175 0.34453581875 0.8328947375
0 0.3297880109375 0.835992325 0.3247989765625 0.8359100875 0.3244334796875 0.851260965625 0.329294590625 0.8514528515625001 0.3297880109375 0.835992325
0 0.33713450312500004 0.8349506578125 0.33194444375 0.834813596875 0.331268275 0.8513157890624999 0.336239034375 0.8515899125 0.33713450312500004 0.8349506578125
0 0.28644005781250004 0.827713815625 0.28238304062499997 0.8330043859374999 0.2900767546875 0.8458059203125 0.2940241234375 0.8405975874999999 0.28644005781250004 0.827713815625
0 0.28238304062499997 0.861266446875 0.2826388890625 0.8528508765625 0.2688961984375 0.851096490625 0.2685307015625 0.8595120609375 0.28238304062499997 0.861266446875
0 0.29605263125 0.8696820171875 0.290716375 0.8698190796875 0.2906981 0.89139254375 0.29603435624999996 0.8912828953125 0.29605263125 0.8696820171875
0 0.30389254375 0.8715734656249999 0.29848318749999997 0.8702850874999999 0.2963815796875 0.8892817984375 0.3014619890625 0.891091009375 0.30389254375 0.8715734656249999
0 0.334685671875 0.8937774125000001 0.3334247078125 0.9014802625 0.346893275 0.905783990625 0.34782529218749997 0.8979440796875 0.334685671875 0.8937774125000001
1 0.5013340640624999 0.8782072375000001 0.501169590625 0.8663103062499999 0.478125 0.866721490625 0.47821637499999997 0.8786732453124999 0.5013340640624999 0.8782072375000001
1 0.50710891875 0.89147478125 0.5072916671875001 0.8787554828124999 0.4771016078125 0.8779879390625001 0.4767543859375 0.8904057015625 0.50710891875 0.89147478125
1 0.506688596875 0.9044133765625 0.50703581875 0.892489034375 0.48382675468749997 0.89147478125 0.48322368437499996 0.9031798249999999 0.506688596875 0.9044133765625
1 0.5072368421875 0.9162280703125001 0.50710891875 0.9049067984375 0.48424707656250005 0.905098684375 0.48413742656250003 0.9170230265624999 0.5072368421875 0.9162280703125001
1 0.512810671875 0.9324013156250001 0.5125548249999999 0.9192434203125 0.4838815796875 0.920614034375 0.48395467812500004 0.9347861843749999 0.512810671875 0.9324013156250001
1 0.5089546781250001 0.9451754390625 0.5083881578125 0.9335800437499999 0.4846673984375 0.936239034375 0.48517909374999996 0.9480263156250001 0.5089546781250001 0.9451754390625
1 0.5122076015625 0.96946271875 0.51171418125 0.9570449562500001 0.48210891875 0.960581140625 0.48240131562500005 0.9739035093749999 0.5122076015625 0.96946271875
1 0.540570175 0.9600054828125 0.5387975140625 0.9600054828125 0.5387609656250001 0.9641173249999999 0.54058845 0.9641721484374999 0.540570175 0.9600054828125
0 0.49561403437499996 0.9797149125000001 0.4947185671875 0.9726973687499999 0.4858187140625 0.974671053125 0.48671418125 0.98196271875 0.49561403437499996 0.9797149125000001
0 0.477046784375 0.9078947375 0.48190789531249995 0.9052905703125 0.4778508765625 0.8869243421874999 0.4728618421875 0.8895285093749999 0.477046784375 0.9078947375
0 0.4694261703125 0.9314418859375 0.4744152046875 0.9316337718750001 0.474524853125 0.9122532890624999 0.46949926875000003 0.912198465625 0.4694261703125 0.9314418859375
0 0.4681103796875 0.9592927625 0.4744152046875 0.9596491234375 0.47459795312499997 0.937966009375 0.468347953125 0.9376918859375 0.4681103796875 0.9592927625
0 0.48056469375 1 0.481670321875 0.9974780703125001 0.47529239843750004 0.9881304828124999 0.471875 0.99292763125 0.47657163750000003 1 0.48056469375 1
0 0.44612573125 0.9934210531250001 0.44873903437499996 0.9869517546875001 0.44049707656250003 0.9802083328125001 0.43797514687500005 0.9865953953125001 0.44612573125 0.9934210531250001
1 0.4181834796875 0.9927083328125 0.4173245609375 0.999698465625 0.42618786562500005 1 0.42668128593750004 0.9946271937500001 0.4181834796875 0.9927083328125
1 0.4172697375 0.979248903125 0.41633771875000003 0.9845120609375 0.42434210468750005 0.9871162281249999 0.42501827499999995 0.9819078953125 0.4172697375 0.979248903125
1 0.381597221875 1 0.38145102343750004 0.9916392546875 0.33913011718749997 0.992445175 0.3392288015625 1 0.381597221875 1
1 0.3381761703125 0.9794956140625001 0.33834064375 0.9922149125 0.380921053125 0.991036184375 0.3807200296875 0.978481359375 0.3381761703125 0.9794956140625001
1 0.33788377187499996 0.9655975874999999 0.337902046875 0.9793037281249999 0.38145102343750004 0.9780153515625001 0.38154239843750004 0.9654605265624999 0.33788377187499996 0.9655975874999999
1 0.37660818749999997 0.9654057015624999 0.3766630109375 0.9529605265625 0.33331505781250004 0.9504934203125 0.333223684375 0.9649396937500001 0.37660818749999997 0.9654057015624999
1 0.3892361109375 0.9606633765625 0.3927266078125 0.9488486843749999 0.37099780625 0.9365679828125 0.36805555624999997 0.9485745609375 0.3892361109375 0.9606633765625
1 0.34771564375 0.9254111843749999 0.34705774843750004 0.93834978125 0.3692434203125 0.9412554828124999 0.36962719375 0.92894736875 0.34771564375 0.9254111843749999
1 0.34400584843750004 0.9080317984375 0.34241593593749997 0.92108004375 0.37094298281250004 0.92889254375 0.372331871875 0.915679825 0.34400584843750004 0.9080317984375
1 0.3506578953125 0.8987116234375 0.3497989765625 0.9114857453124999 0.3744700296875 0.915268640625 0.375 0.9022478062499999 0.3506578953125 0.8987116234375
1 0.3483918125 0.8851151312500001 0.3474963453125 0.8985197375 0.376918859375 0.9028234656249999 0.37741228125 0.8890625 0.3483918125 0.8851151312500001
1 0.34115497031249997 0.8706414468749999 0.341045321875 0.8846217109375001 0.374908625 0.8845394734375001 0.37502923906249996 0.8710992328125 0.34115497031249997 0.8706414468749999
1 0.3505116953125 0.8592379390625 0.35049342031249997 0.8710800437499999 0.3745778515625 0.8713843203125 0.37469115468749997 0.8595038374999999 0.3505116953125 0.8592379390625
1 0.3970211984375 0.880948465625 0.3857090640625 0.881661184375 0.3887828953125 0.951038925 0.4006396203125 0.9504111843749999 0.3970211984375 0.880948465625
1 0.4016995609375 0.9002192984375 0.39351242656249996 0.9014528515625001 0.39766081875000003 0.9436129390625 0.40537280625000005 0.9423793859374999 0.4016995609375 0.9002192984375
1 0.4092105265625 0.8901041671875 0.40087719374999997 0.8923519734375001 0.4073099421875 0.9612116234375 0.41558845 0.959786184375 0.4092105265625 0.8901041671875
1 0.4221491234375 0.912198465625 0.41321271875 0.9122807015625 0.4143092109375 0.9620065796875 0.423044590625 0.9618969296875 0.4221491234375 0.912198465625
1 0.43055555625 0.9157894734375001 0.4219481 0.9157620609375 0.42278874218749996 0.9658717109375001 0.4313596484375 0.9657894734375001 0.43055555625 0.9157894734375001
1 0.44057017500000006 0.9166392546875001 0.4317434203125 0.9172697375000001 0.4341557015625 0.9638980265624999 0.44274488281249996 0.9630756578125 0.44057017500000006 0.9166392546875001
1 0.4494517546875 0.8935032890624999 0.4404422515625 0.8934210531250001 0.44225146249999997 0.962198465625 0.451169590625 0.9623081140625 0.4494517546875 0.8935032890624999
1 0.45999634531250005 0.8953947375 0.45158991249999997 0.8952302624999999 0.4508954671875 0.9631030703125001 0.45921052656250005 0.9634594296874999 0.45999634531250005 0.8953947375
1 0.46977339218749997 0.8939692984375001 0.4614766078125 0.8938322375000001 0.45999634531250005 0.9634868421875 0.4684758765625 0.9637335531250001 0.46977339218749997 0.8939692984375001
1 0.4021929828125 0.8116228062499999 0.393841375 0.8111293859375 0.3923245609375 0.858114034375 0.40115131562500006 0.85866228125 0.4021929828125 0.8116228062499999
1 0.393366228125 0.8110745609375 0.38508771875000003 0.8102796046874999 0.3830226609375 0.855893640625 0.39164839218749997 0.8564144734375001 0.393366228125 0.8110745609375
1 0.3825657890625 0.8078947375000001 0.3740862578125 0.8079221484374999 0.37430555625 0.85235745625 0.38287646249999996 0.85224780625 0.3825657890625 0.8078947375000001
1 0.40884502968750003 0.8208881578125 0.4016264625 0.8208059203125 0.40109649062499997 0.8578399125 0.40866228125 0.8577850874999999 0.40884502968750003 0.8208881578125
1 0.418384503125 0.8135690796875 0.41025219375 0.8135416671875 0.40946637499999994 0.859786184375 0.4177631578125 0.8599506578125 0.418384503125 0.8135690796875
1 0.4271747078125 0.81016995625 0.4194261703125 0.8098684203125 0.41787280625 0.86019736875 0.42635233906250003 0.8602796046875 0.4271747078125 0.81016995625
1 0.43481359687500004 0.8153234656249999 0.4266995609375 0.8152412281249999 0.4264254390625 0.8591557015625 0.4348684203125 0.859375 0.43481359687500004 0.8153234656249999
1 0.4424342109375 0.81633771875 0.43375365468749993 0.81798245625 0.4384868421875 0.862856359375 0.4474597953125 0.8611842109375001 0.4424342109375 0.81633771875
1 0.45126096562500007 0.815981359375 0.442580409375 0.8180921046874999 0.448135965625 0.8631304828124999 0.4569078953125 0.8607730265625 0.45126096562500007 0.815981359375
1 0.4625731 0.81167763125 0.45400219374999995 0.8126370609375 0.4568896203125 0.8607730265625 0.465204678125 0.86016995625 0.4625731 0.81167763125
1 0.4733735375 0.8111293859375 0.46500365468749993 0.8110471484374999 0.46454678437499997 0.856688596875 0.47289839218749996 0.8566611843749999 0.4733735375 0.8111293859375
0 0.50087719375 0.8518092109375001 0.49817251406249996 0.84599780625 0.4897295328125 0.8547149125000001 0.492653509375 0.86014254375 0.50087719375 0.8518092109375001
1 0.4752192984375 0.840139803125 0.473117690625 0.8401589906250001 0.473241959375 0.8479961625 0.4753252921875 0.8479961625 0.4752192984375 0.840139803125
1 0.4774159359375 0.8423081140625 0.47536915156250004 0.8423766453124999 0.475438596875 0.8501644734375 0.4775219296875 0.8501644734375 0.4774159359375 0.8423081140625
1 0.4796418125 0.8432894734374999 0.4775950296875 0.8433580046875001 0.477686403125 0.8515433109374999 0.47977887499999994 0.85147478125 0.4796418125 0.8432894734374999
1 0.47743786562499996 0.8148574562500001 0.47539108125 0.8149259875 0.47548245624999996 0.82311129375 0.47757492656249995 0.8230427625000001 0.47743786562499996 0.8148574562500001
0 0.48196271875 0.8465734656249999 0.487152778125 0.8466557015625 0.4876461984375 0.8259594296874999 0.482456140625 0.8257675437499999 0.48196271875 0.8465734656249999
0 0.4794407890625 0.8232456140625001 0.47430555625000004 0.8232456140625001 0.47456140312499995 0.84150219375 0.47973318750000005 0.84141995625 0.4794407890625 0.8232456140625001
0 0.4864948828125 0.8241228062499999 0.490716375 0.82415021875 0.4905153515625 0.8091557015624999 0.486312134375 0.8092379390625 0.4864948828125 0.8241228062499999
0 0.4985197375 0.8149945171875 0.49342105312499995 0.8149396937500001 0.493329678125 0.8343475874999999 0.4983004390625 0.8345394734375 0.4985197375 0.8149945171875
0 0.503927265625 0.8135005484375 0.49908625781250004 0.8135690796875 0.49925073124999997 0.8326480265624999 0.504294590625 0.8327028515625001 0.503927265625 0.8135005484375
0 0.33256944375 0.7994572375 0.3326754390625 0.79152138125 0.3189327484375 0.7916666671875 0.31895102343750004 0.7995888156250001 0.33256944375 0.7994572375
0 0.3521381578125 0.6846491234375 0.3579678359375 0.6839638156250001 0.35723684218749996 0.6655153515625 0.35148026250000003 0.666036184375 0.3521381578125 0.6846491234375
0 0.43368055625 0.75079495625 0.43402777812500004 0.7424342109375 0.421875 0.740679825 0.42132675468749997 0.748876096875 0.43368055625 0.75079495625
1 0.43680555625000006 0.7916392546875 0.4369700296875 0.8045504390625 0.46794590625000004 0.8025219296874999 0.4673611109375 0.7901315796875 0.43680555625000006 0.7916392546875
1 0.469919590625 0.7908442984375 0.4696820171875 0.8025493421875 0.49764254374999994 0.8030975874999999 0.49760599375 0.7914199562500001 0.469919590625 0.7908442984375
1 0.448135965625 0.7776041671875 0.44793494218749996 0.7895559203125 0.47922149062499997 0.7907072375 0.47934941562500005 0.77881030625 0.448135965625 0.7776041671875
1 0.41514985312499997 0.7786458328125 0.41483918124999997 0.790186403125 0.4461988296875 0.7915296046875 0.44625365468749995 0.7798519734375 0.41514985312499997 0.7786458328125
1 0.41486293906249994 0.8035334437499999 0.41495431250000003 0.7922395828125001 0.38441155 0.7912280703125 0.38410087656249997 0.802686403125 0.41486293906249994 0.8035334437499999
1 0.554239765625 0.31792763125 0.5519371343749999 0.3178453953125 0.551900584375 0.32587719375 0.554276315625 0.32587719375 0.554239765625 0.31792763125
1 0.4294042390625 0.533141446875 0.42907529218749996 0.543283990625 0.4517909359375 0.5440241234375 0.45186403437499995 0.5337993421875 0.4294042390625 0.533141446875
1 0.387591375 0.5830317984375 0.380171784375 0.5826754390625 0.3784173984375 0.6214364031249999 0.38671418125 0.621875 0.387591375 0.5830317984375
1 0.347258771875 0.7345668859375001 0.348775584375 0.7247258765625 0.322203946875 0.714364034375 0.32039473749999997 0.72415021875 0.347258771875 0.7345668859375001
1 0.32116228125 0.6988760968750001 0.31878655 0.7103618421875 0.350091375 0.7245065796875 0.35222953281249997 0.7131030703125 0.32116228125 0.6988760968750001
1 0.353581871875 0.6181743421875 0.3444078953125 0.6218475875 0.35204678437500003 0.666008771875 0.3607456140625 0.6622807015625 0.353581871875 0.6181743421875
1 0.3653691515625 0.6218475875 0.3568165203125 0.623382675 0.3594846484375 0.665186403125 0.36783625781249996 0.6639528515625 0.3653691515625 0.6218475875
1 0.3708150578125 0.57269736875 0.36209795312500004 0.571875 0.3599963453125 0.618366228125 0.36887792343750003 0.6189144734375 0.3708150578125 0.57269736875
1 0.379258040625 0.579221490625 0.37097953281249996 0.5782346484375 0.36737938593749997 0.6212993421874999 0.376260965625 0.6225054828125 0.379258040625 0.579221490625
1 0.3959429828125 0.613760965625 0.387518275 0.6134594296875 0.386330409375 0.6577850875 0.394937865625 0.6581140343749999 0.3959429828125 0.613760965625
1 0.3861659359375 0.626151315625 0.3780153515625 0.6260142546874999 0.377759503125 0.6708881578125 0.3858004390625 0.670641446875 0.3861659359375 0.626151315625
1 0.3782346484375 0.7146655703125 0.387189328125 0.7146107453125 0.38669590625 0.671408990625 0.3780153515625 0.671436403125 0.3782346484375 0.7146655703125
1 0.40115131562500006 0.736266446875 0.4095942984375 0.7364583328125 0.41027046718750004 0.6958607453125001 0.4017543859375 0.6956414468750001 0.40115131562500006 0.736266446875
1 0.4103618421875 0.7327028515625 0.418293128125 0.7344846484375 0.42085160781250003 0.69917763125 0.41335891875 0.6982730265625 0.4103618421875 0.7327028515625
1 0.4182565796875 0.7302631578125001 0.4259868421875 0.7322916671875 0.42898391875 0.697258771875 0.42178362500000005 0.6959978062500001 0.4182565796875 0.7302631578125001
1 0.42635233906250003 0.7384868421874999 0.4346125734375 0.7394736843749999 0.4368786546875 0.6971491234375 0.429203215625 0.6962993421875 0.42635233906250003 0.7384868421874999
1 0.43647660781250003 0.7334429828125 0.44424342031249997 0.7338267546874999 0.44475511718750005 0.6981030703125 0.437116228125 0.6981633765625 0.43647660781250003 0.7334429828125
1 0.44292763125 0.7424067984375 0.451206140625 0.743804825 0.4533991234375 0.7053453953125 0.44616228125 0.7041666671875 0.44292763125 0.7424067984375
1 0.4531981 0.735581140625 0.4606542390625 0.7364309203125 0.46259137499999997 0.7021655703125 0.4556103796875 0.7013706140625 0.4531981 0.735581140625
1 0.4610197375 0.7404879390625 0.4682200296875 0.7414473687500001 0.469992690625 0.7064144734375 0.4630299703125 0.7057565796875 0.4610197375 0.7404879390625
1 0.46933479531250005 0.7415570171875 0.4760233921875 0.7425164468750001 0.477686403125 0.709786184375 0.4711988296875 0.7092105265625 0.46933479531250005 0.7415570171875
1 0.47770650625 0.7447395828125 0.48516995625000003 0.7453179828125001 0.4869773390625 0.7084374999999999 0.4794334796875 0.70808388125 0.47770650625 0.7447395828125
1 0.365679825 0.8009594296874999 0.3657711984375 0.7896655703125 0.33527046718750003 0.788596490625 0.3350511703125 0.8001096484374999 0.365679825 0.8009594296874999
1 0.3436403515625 0.7577850875000001 0.345010965625 0.7458607453125 0.317562134375 0.73834978125 0.31597222187499996 0.750356359375 0.3436403515625 0.7577850875000001
0 0.487883771875 0.647231359375 0.4920504390625 0.64375 0.48580043906250003 0.62733004375 0.481670321875 0.6307565796875 0.487883771875 0.647231359375
0 0.49195906406249995 0.6501096484375 0.4970394734375 0.65074013125 0.497971490625 0.6328125 0.49290935625000004 0.632401315625 0.49195906406249995 0.6501096484375
0 0.5050621343749999 0.6353070171875 0.500310671875 0.6325932015625 0.49661915156249997 0.6495065796875 0.50144736875 0.6516968203125 0.5050621343749999 0.6353070171875
0 0.4389985375 0.6170778515625 0.43439327499999997 0.6177357453125001 0.4359283625 0.63662280625 0.44075292343749994 0.6358552625 0.4389985375 0.6170778515625
1 0.4858369890625 0.7513432015625 0.492671784375 0.752768640625 0.4958881578125 0.7170504390625 0.4890899125 0.7157346484375 0.4858369890625 0.7513432015625
0 0.4326754390625 0.605866228125 0.42750365468749996 0.6055921046875 0.4264437140625 0.6247258765625 0.43199926875 0.6251644734374999 0.4326754390625 0.605866228125
0 0.43307748593750006 0.615679825 0.4379934203125 0.6172971484375 0.4412719296875 0.5984895828125001 0.43647660781250003 0.5969572375000001 0.43307748593750006 0.615679825
0 0.43819444374999994 0.5868695171875 0.4384868421875 0.5947368421875 0.4525036546875 0.59303728125 0.45232090625000004 0.5852521937499999 0.43819444374999994 0.5868695171875
0 0.44532163750000003 0.6070175437499999 0.440296053125 0.6071820171875 0.44031432812500004 0.6264528515625 0.44570540937500003 0.6263706140624999 0.44532163750000003 0.6070175437499999
1 0.429813596875 0.5699396937500001 0.4299342109375 0.579221490625 0.453125 0.57883771875 0.453070175 0.5693530703125 0.429813596875 0.5699396937500001
1 0.4250292390625 0.558563596875 0.42503655 0.568338815625 0.4485745609375 0.56792763125 0.4485380109375 0.5578947375000001 0.4250292390625 0.558563596875
1 0.46312134531250004 0.5388157890625 0.4704130109375 0.5379934203125 0.468347953125 0.502028509375 0.46127558437499994 0.5029605265625 0.46312134531250004 0.5388157890625
0 0.49618055625 0.5316337718749999 0.5013157890625 0.5313322375 0.5005116953125001 0.5107182015625 0.4955592109375 0.5110471484375 0.49618055625 0.5316337718749999
1 0.5161732453125001 0.45008223750000004 0.509375 0.45063048281249996 0.5115131578125001 0.487938596875 0.5186038015625 0.4872807015625 0.5161732453125001 0.45008223750000004
1 0.39371345 0.4516447375 0.394828215625 0.46480263125 0.42578581875 0.45844298281249996 0.4247441515625 0.4453947375 0.39371345 0.4516447375
1 0.41982821562500006 0.4813870609375 0.445796784375 0.4796875 0.4454495609375 0.468366228125 0.41959064375 0.47086074531250005 0.41982821562500006 0.4813870609375
1 0.46666666718750005 0.46258223750000005 0.46564327499999997 0.450301534375 0.42196637499999995 0.45852521875 0.4229349421875 0.47099780625000004 0.46666666718750005 0.46258223750000005
1 0.46105628593750003 0.449616228125 0.45983187187499996 0.4375 0.43364400625000005 0.44391447343749996 0.434795321875 0.4560307015625 0.46105628593750003 0.449616228125
1 0.40367324531250004 0.43500548281249996 0.4037280703125 0.44618969374999995 0.4271016078125 0.44440789531249997 0.42682748593750003 0.43273026249999996 0.40367324531250004 0.43500548281249996
1 0.42580409374999995 0.419106359375 0.426133040625 0.43105811406249994 0.45224780625000005 0.428125 0.45190058437499997 0.4155427625 0.42580409374999995 0.419106359375
1 0.4387792390625 0.3953399125 0.43930921093749997 0.4068804828125 0.4622807015625 0.4036184203125 0.4615862578125 0.39207785156249997 0.4387792390625 0.3953399125
1 0.43737207656250005 0.4064967109375 0.4365131578125 0.394432565625 0.3931103796875 0.401178728125 0.393731725 0.4143366234375 0.43737207656250005 0.4064967109375
1 0.40029239843750003 0.38708881562499997 0.400475146875 0.39860197343750003 0.42626096562500004 0.3954769734375 0.42573099374999995 0.38440241249999996 0.40029239843750003 0.38708881562499997
1 0.45171783593750003 0.371546053125 0.4588084796875 0.371546053125 0.458241959375 0.3381304828125 0.45147478124999996 0.3380783984375 0.45171783593750003 0.371546053125
1 0.46767178437499995 0.3766447375 0.47468932812500003 0.37680921093749997 0.47510964843750003 0.3395833328125 0.46854897656250005 0.339364034375 0.46767178437499995 0.3766447375
1 0.482419590625 0.34120065781250003 0.47595029218749996 0.34131030625 0.4759320171875 0.376151315625 0.48285818750000004 0.3759868421875 0.482419590625 0.34120065781250003
1 0.4822733921875 0.37519188593749997 0.48983918125 0.3759868421875 0.4916483921875 0.3353892546875 0.4844481 0.334703946875 0.4822733921875 0.37519188593749997
1 0.499616228125 0.376973684375 0.49915935625 0.32993421093749997 0.49217836249999997 0.3302083328125 0.4922697375 0.376973684375 0.499616228125 0.376973684375
1 0.5010233921875 0.3680921046875 0.5084795328125 0.3680921046875 0.5086805562500001 0.3212171046875 0.501900584375 0.32099780624999996 0.5010233921875 0.3680921046875
1 0.5106725140624999 0.3671600875 0.5165204671875 0.3678179828125 0.5180190062500001 0.3389802625 0.5124086250000001 0.3384320171875 0.5106725140624999 0.3671600875
1 0.53834064375 0.3970394734375 0.536412646875 0.3970394734375 0.536366959375 0.40427631562500005 0.5382309937499999 0.40438596562500007 0.53834064375 0.3970394734375
1 0.546783625 0.1780975875 0.54303728125 0.17741228125 0.541739765625 0.1873903515625 0.545760234375 0.1881030703125 0.546783625 0.1780975875
0 0.5779057015625 0.2391995609375 0.5741045328125 0.236348684375 0.5696399859375 0.249202303125 0.5737207609375 0.25241228125 0.5779057015625 0.2391995609375
0 0.5681103796875 0.3220668859375 0.5728983921874999 0.32297149062499997 0.574543128125 0.305043859375 0.569846490625 0.30394736875 0.5681103796875 0.3220668859375
0 0.5734649125 0.3248629390625 0.568311403125 0.32423245624999997 0.5671235375 0.3416392546875 0.5723866953125001 0.3424342109375 0.5734649125 0.3248629390625
0 0.5724780703125 0.37058662343750004 0.5766812859375 0.3681743421875 0.5722989765625 0.3527357453125 0.5680921046875 0.3552878296875 0.5724780703125 0.37058662343750004
0 0.5500913749999999 0.3774945171875 0.5454678359375 0.3763980265625 0.5440058484375 0.39180372812500003 0.548830409375 0.392598684375 0.5500913749999999 0.3774945171875
0 0.549694809375 0.43342379375 0.5443165203125 0.43311403437499996 0.54446271875 0.4540844296875 0.55003655 0.4541118421875 0.549694809375 0.43342379375
1 0.56173245625 0.5816611843749999 0.5632858187500001 0.5820449562500001 0.5637244156250001 0.5779331140624999 0.5622076015624999 0.5775767546874999 0.56173245625 0.5816611843749999
1 0.57258771875 0.587938596875 0.5653874265625001 0.5882949562500001 0.5666118421874999 0.62998629375 0.5740241234375 0.6295202843750001 0.57258771875 0.587938596875
1 0.559703946875 0.6071820171875 0.55392909375 0.6068530703125 0.553472221875 0.6337719296875 0.5593932749999999 0.634018640625 0.559703946875 0.6071820171875
0 0.5339181281250001 0.6058114031249999 0.538633040625 0.6069078953125 0.5398026312499999 0.590953946875 0.5351425437499999 0.5899945171875001 0.5339181281250001 0.6058114031249999
1 0.5395650578125 0.7135416671875 0.5357456140625 0.7135416671875 0.5358918125 0.72417763125 0.53976608125 0.7240405703125 0.5395650578125 0.7135416671875
1 0.537938596875 0.7375274125 0.5341191515625 0.7373081140625 0.53368055625 0.7489309203125 0.5376096484375 0.74920504375 0.537938596875 0.7375274125
1 0.5392361109375 0.752796053125 0.535635965625 0.7516721484375 0.5342653515625 0.7617050437499999 0.537938596875 0.762828946875 0.5392361109375 0.752796053125
0 0.515158990625 1 0.5153070171875 0.9969928734375 0.5019682015625 0.993903509375 0.5012920328125 1 0.515158990625 1
1 0.537975146875 0.822313596875 0.5343019 0.8220942984375 0.5337719296875 0.8331414468749999 0.5376096484375 0.8334429828125 0.537975146875 0.822313596875
1 0.537481725 0.810526315625 0.53355263125 0.81008771875 0.5330226609375 0.821875 0.537079678125 0.822102521875 0.537481725 0.810526315625
0 0.5606542390625 0.7645833328125 0.5673428359375 0.7685855265625 0.5759320171875 0.7353070171875 0.5695723687500001 0.7313596484375 0.5606542390625 0.7645833328125
0 0.5781981 0.8681469296875 0.5779057015625 0.8600328953125 0.5645102343749999 0.8606907890625 0.5649853796875 0.8687774125000001 0.5781981 0.8681469296875
1 0.5580957609375 0.832456140625 0.551242690625 0.8323739031249999 0.5513340640625 0.8812774125 0.5580043859375 0.8811129390625 0.5580957609375 0.832456140625
1 0.5372441515624999 0.8505756578125 0.5364766078125001 0.8476151312500001 0.5307017546874999 0.8509320171875 0.531615496875 0.8537828953125001 0.5372441515624999 0.8505756578125
1 0.538633040625 0.8560032890624999 0.5383771937499999 0.852741228125 0.5326516812500001 0.8543695171874999 0.532947734375 0.857483553125 0.538633040625 0.8560032890624999
1 0.53991228125 0.885581140625 0.5324378656250001 0.8853618421875 0.5316337718749999 0.9291666671875 0.539473684375 0.929276315625 0.53991228125 0.885581140625
0 0.564473684375 0.9373629390625 0.5685672515625 0.9313596484375 0.559758771875 0.9181469296874999 0.5556652046874999 0.9237116234375 0.564473684375 0.9373629390625
1 0.5466557015625 0.9602796046875 0.54141081875 0.9608552625 0.5429824562500001 0.9900219296874999 0.5485745609375 0.9895833328125001 0.5466557015625 0.9602796046875
1 0.5514071640625 1 0.5525950296875 0.9904057015625 0.5466191515625 0.9887883765625001 0.5450840640625 1 0.5514071640625 1
0 0.5797697375 0.40016447343749995 0.5798611109375 0.3937225875 0.5710526312499999 0.393366228125 0.57103435625 0.39997258750000003 0.5797697375 0.40016447343749995
0 0.5793494156250001 0.4462445171875 0.5795138890625 0.4390625 0.5677814328124999 0.4381030703125 0.567580409375 0.4452850875 0.5793494156250001 0.4462445171875
0 0.5762609656250001 0.6919682015624999 0.5768457609375 0.68522478125 0.566794590625 0.683168859375 0.5661366953125 0.68991228125 0.5762609656250001 0.6919682015624999
0 0.5772112578125 0.7151315796875 0.5779605265625001 0.7077302624999999 0.56694444375 0.7053645828125 0.5663231 0.7129303734375 0.5772112578125 0.7151315796875
0 0.5791849421874999 0.7298245609375 0.5798428359375001 0.7223135968750001 0.566758040625 0.71946271875 0.566008771875 0.7268092109375 0.5791849421874999 0.7298245609375
0 0.5524671046875 0.723053728125 0.55698099375 0.7234649125 0.557346490625 0.7085800437499999 0.5529970765625001 0.7083333328125 0.5524671046875 0.723053728125
0 0.5495979531249999 0.8101973687499999 0.5546235375 0.8106907890624999 0.5549342109375 0.7942434203125 0.55003655 0.7938870609374999 0.5495979531249999 0.8101973687499999
0 0.551670321875 0.7750219296874999 0.5563706140625 0.7751315796875 0.5566684937499999 0.759690240625 0.5518183484375 0.759690240625 0.551670321875 0.7750219296874999
0 0.57808845 0.80389254375 0.5787097953125 0.796408990625 0.5658991234374999 0.793393640625 0.565277778125 0.8009594296874999 0.57808845 0.80389254375
0 0.5783991234375 0.812143640625 0.578269371875 0.80475603125 0.5656798249999999 0.8044682015625 0.5657346484375 0.8122258765625 0.5783991234375 0.812143640625
0 0.5829861109375 0.8407894734375001 0.5827668125 0.8333333328125001 0.5697551171875 0.83352521875 0.5699744156250001 0.8410087718750001 0.5829861109375 0.8407894734375001
0 0.801900584375 0.29605263125 0.8025402046875 0.3032894734375 0.8133406437499999 0.301864034375 0.8126644734375 0.29446271875 0.801900584375 0.29605263125
0 0.7952485375 0.23179824531249998 0.79510599375 0.2246518640625 0.7858187140624999 0.22497258750000002 0.7860014625 0.23199013124999998 0.7952485375 0.23179824531249998
0 0.7939967109375 0.22085526249999998 0.7938596484375 0.2146381578125 0.78550986875 0.21457236875 0.785617690625 0.22085526249999998 0.7939967109375 0.22085526249999998
0 0.8044225140625001 0.1997807015625 0.79919590625 0.2013432015625 0.80292763125 0.218467653125 0.8077119890625 0.2170230265625 0.8044225140625001 0.1997807015625
1 0.87739400625 0.985882675 0.8781012421875 0.983695175 0.8745376468750001 0.9812280703124999 0.8738980265625 0.983448465625 0.87739400625 0.985882675
0 0.9064510234375 0.915926534375 0.9017909359375 0.9117050437499999 0.8962719296874999 0.9248903515625001 0.9010599421875 0.929221490625 0.9064510234375 0.915926534375
0 0.9104349421875 0.88678728125 0.9061220765625 0.8826480265625 0.8997807015625 0.8977796046875 0.9043676906250001 0.9020010968750001 0.9104349421875 0.88678728125
1 0.9334795328125001 0.840981359375 0.9305738296875001 0.839418859375 0.9288011703124999 0.8465460531250001 0.9319078953125001 0.8481359656249999 0.9334795328125001 0.840981359375
1 0.9946271937500001 0.7270559203125 0.9947002921875001 0.7297697375000001 0.9982492687500001 0.7295230265625 0.9981725140625001 0.7268092109375 0.9946271937500001 0.7270559203125
1 0.9724963453125 0.7596491234375 0.9722770468749999 0.7619517546875 0.97585891875 0.7626370609374999 0.9760416671875 0.76025219375 0.9724963453125 0.7596491234375
0 0.9686038015625 0.7764254390625001 0.9731542390625 0.7815515343749999 0.9786549703125 0.7698190796875 0.9744334796875 0.765186403125 0.9686038015625 0.7764254390625001
0 0.947240496875 0.716776315625 0.9489400578125 0.7131304828125 0.9437445171875 0.7080729171875 0.9420138890624999 0.7120257671875 0.947240496875 0.716776315625
0 0.955135234375 0.71798245625 0.951864034375 0.7259046046875001 0.9627741234375 0.7368695171875 0.9658442984375 0.72897478125 0.955135234375 0.71798245625
1 0.9640350874999999 0.74756030625 0.97262426875 0.7545504390625 0.9837171046875 0.7190789468750001 0.9755847953125001 0.7126644734375 0.9640350874999999 0.74756030625
0 0.9938231 0.7364857453125 0.989400584375 0.7310307015624999 0.982364765625 0.7436677625 0.987043128125 0.74920504375 0.9938231 0.7364857453125
0 0.9934576015625 0.703481359375 0.98819444375 0.69756030625 0.9809576015625 0.712883771875 0.986293859375 0.7188322375 0.9934576015625 0.703481359375
0 0.9577119890624999 0.6168037281250001 0.959429825 0.6240131578125 0.97116228125 0.6185855265625 0.9694444437499999 0.6114309203125 0.9577119890624999 0.6168037281250001
0 0.9928545328125 0.3186403515625 0.994188596875 0.3131030703125 0.98519736875 0.307456140625 0.9838998531250001 0.31356907968750003 0.9928545328125 0.3186403515625
0 0.8807383046874999 0.0954495609375 0.88125 0.0888980265625 0.8707236843749999 0.0859375 0.8701864031250001 0.0930153515625 0.8807383046874999 0.0954495609375
0 0.8486293859374999 0.07497258749999999 0.8495833328125 0.067483553125 0.839974415625 0.064459978125 0.8389071640625 0.07214912343749999 0.8486293859374999 0.07497258749999999
1 0.8235380109375001 0.0517543859375 0.8249451750000001 0.048656798437499996 0.8213084796875 0.0459429828125 0.8199981718749999 0.0490241234375 0.8235380109375001 0.0517543859375
0 0.77896564375 0.0169407890625 0.78044590625 0.0123629390625 0.7734521203125 0.007793310937500001 0.7718932749999999 0.0127467109375 0.77896564375 0.0169407890625
0 0.78201754375 0.031606359375 0.7837536546874999 0.0244791671875 0.773866959375 0.019983553125 0.7722916671875 0.0268393640625 0.78201754375 0.031606359375
1 0.6486476609375 0.0970668859375 0.6550255843749999 0.0908442984375 0.6396198828124999 0.064418859375 0.6337353796875 0.0705592109375 0.6486476609375 0.0970668859375
1 0.65853435625 0.049616228125 0.65707236875 0.037308114062499995 0.6345029234374999 0.0424616234375 0.6361476609375 0.054084429687500005 0.65853435625 0.049616228125
1 0.66326754375 0.05989583281250001 0.6621034359375 0.0478481359375 0.6397258765625 0.052069626562500006 0.641100146875 0.0634868421875 0.66326754375 0.05989583281250001
1 0.6283077484375 0.0920230265625 0.629203215625 0.0770559203125 0.60625 0.0735745609375 0.60539108125 0.0890350875 0.6283077484375 0.0920230265625
1 0.6277485375 0.08021655625 0.6283168859375 0.06612390312500001 0.604974415625 0.0637746703125 0.604546784375 0.078081140625 0.6277485375 0.08021655625
1 0.6370065796875 0.0649945171875 0.63662280625 0.0516995609375 0.61294590625 0.0516694078125 0.6135233921875 0.06554276249999999 0.6370065796875 0.0649945171875
0 0.5850146203125 0.052741228125 0.5887975140624999 0.053179825 0.58987573125 0.039528509375 0.5862207609375 0.0391995609375 0.5850146203125 0.052741228125
1 0.535796784375 0.0000328953125 0.5296582609375 0.0000328953125 0.5300091375 0.033440240625 0.5365149859375 0.0333086625 0.535796784375 0.0000328953125
0 0.42487390312500006 0.026877740625 0.4189144734375 0.0271381578125 0.41889619843750003 0.0481633765625 0.42503655 0.0484375 0.42487390312500006 0.026877740625
0 0.41681286562500003 0.022505482812499998 0.41101973750000004 0.023547148437500002 0.41294042343750004 0.045907346875 0.41875 0.04459978125 0.41681286562500003 0.022505482812499998
0 0.41048976562500006 0.023821271875 0.4059429828125 0.024602521874999998 0.40732821562500005 0.041436403125 0.41206323125 0.040383771875 0.41048976562500006 0.023821271875
1 0.028125 0.3631030703125 0.028033625 0.37417763125 0.0571637421875 0.3743421046875 0.0572185671875 0.362966009375 0.028125 0.3631030703125
1 0.487956871875 0.984073465625 0.48797514687500004 0.9881853062499999 0.4935307015625 0.9882949562500001 0.493439328125 0.9840597593749999 0.487956871875 0.984073465625
1 0.43218201718750004 0.9837993421875 0.4342653515625 0.9799342109375001 0.42980628593750003 0.9749725874999999 0.42756578906250003 0.9789117328125 0.43218201718750004 0.9837993421875
1 0.2873355265625 0.7626096484375 0.287732090625 0.7503755484375 0.24385964843750002 0.7490679828125 0.24349780625 0.760101425 0.2873355265625 0.7626096484375
1 0.2826023390625 0.7759868421875 0.2827119890625 0.7653234656250001 0.256652046875 0.7639528515625 0.25635964843750003 0.7743969296875 0.2826023390625 0.7759868421875
1 0.5134685671875 0.0740405703125 0.51334064375 0.080071271875 0.5213450296875 0.08042763124999999 0.5213633046874999 0.0743421046875 0.5134685671875 0.0740405703125
1 0.5462353796875 0.5345668859375 0.5435489765625 0.5345668859375 0.543347953125 0.54608004375 0.5462171046875001 0.5462445171875 0.5462353796875 0.5345668859375
1 0.365259503125 0.6780975875 0.3689510234375 0.6769736843749999 0.3669042390625 0.6638980265625001 0.3631396203125 0.66493969375 0.365259503125 0.6780975875
1 0.49661915156249997 0.9825383765625 0.4971673984375 0.986266446875 0.5028600140624999 0.9839884874999999 0.5025840640625 0.9804879390625001 0.49661915156249997 0.9825383765625
1 0.6013157890625 0.2212719296875 0.6015899124999999 0.21543311406250001 0.5935544593750001 0.214385965625 0.5932017546874999 0.22033991249999998 0.6013157890625 0.2212719296875
1 0.559758771875 0.46008771875 0.562024853125 0.46019736875 0.5621783625 0.44849780624999996 0.5599725875 0.44849780624999996 0.559758771875 0.46008771875
1 0.48269371406249995 0.9412280703125001 0.47960526249999996 0.9399671046875 0.4779057015625 0.9503289468749999 0.4811403515625 0.9516721484374999 0.48269371406249995 0.9412280703125001
1 0.3655299703125 0.8266831140625 0.36951754375 0.82743969375 0.3705774859375 0.814117325 0.3663011703125 0.8134320171875 0.3655299703125 0.8266831140625
1 0.337865496875 0.9235197375 0.3420687140625 0.923766446875 0.342562134375 0.9104440796875 0.3384502921875 0.9101425437499999 0.337865496875 0.9235197375
1 0.39629751406249997 0.986877740625 0.3962171046875 0.9803728062499999 0.38703581875 0.9804824562500001 0.3871838453125 0.98665844375 0.39629751406249997 0.986877740625
1 0.35703581875 0.714364034375 0.3611476609375 0.7155701750000001 0.362810671875 0.702713815625 0.3587171046875 0.7014254390625 0.35703581875 0.714364034375
1 0.5393092109375 0.369956140625 0.5374086250000001 0.3696546046875 0.5368238296875 0.37735745625 0.5387792390625 0.37765899062499997 0.5393092109375 0.369956140625
1 0.55855263125 0.180098684375 0.5546783625 0.1834155703125 0.5588815796875 0.19388706093750002 0.562635234375 0.190737390625 0.55855263125 0.180098684375
1 0.5794773390625 0.0161732453125 0.5827668125 0.017242325 0.5841557015625 0.0083059203125 0.5811038015625 0.007291667187500001 0.5794773390625 0.0161732453125