0 0.45922331875 0 0.459197734375 0.0000466015625 0.46982821562500005 0.004248903125 0.4705665203125 0 0.45922331875 0
0 0.434482821875 0.050438596875 0.43013340624999996 0.051044407812500005 0.43073647656249997 0.0635169953125 0.43521381562499994 0.062911184375 0.434482821875 0.050438596875
0 0.48729349375000003 0.5020093203125 0.49040570156249996 0.5064692984375 0.4979678359375 0.49395559218749996 0.4947002921875 0.48996710468750004 0.48729349375000003 0.5020093203125
0 0.227061403125 0.0791666671875 0.2228983921875 0.0774671046875 0.21847587656249998 0.09114583281250001 0.22271564375000003 0.09336622812499999 0.227061403125 0.0791666671875
1 0.3033442984375 0.8869517546875001 0.2985562859375 0.8848958328125001 0.29525219375 0.9036074562499999 0.3002923984375 0.9056551531249999 0.3033442984375 0.8869517546875001
0 0.3262463453125 0.798848684375 0.3217288015625 0.7972039468750001 0.3192799703125 0.8129934203125 0.3239583328125 0.8146381578125 0.3262463453125 0.798848684375
0 0.32101608125 0.78366228125 0.31639254375000003 0.7817434203125 0.313760965625 0.79602521875 0.3184941515625 0.7978892546874999 0.32101608125 0.78366228125
0 0.40733187187500003 0.2942434203125 0.40264985312499996 0.292242325 0.4001461984375 0.3041392546875 0.4048062859375 0.30628289531249997 0.40733187187500003 0.2942434203125
1 0.419607090625 0.2227494515625 0.4134868421875 0.220668859375 0.40868421093749996 0.2424533984375 0.4150584796875 0.24476425468750002 0.419607090625 0.2227494515625
0 0.8125 0.1397203953125 0.8103618421875 0.14616228125 0.8214546781250001 0.1533991234375 0.8233918125 0.14665570156250002 0.8125 0.1397203953125
0 0.8946637421875 0.1859375 0.8921911546875 0.19334978125 0.90383771875 0.2016721484375 0.9060727343750001 0.1942708328125 0.8946637421875 0.1859375
0 0.9220942984375 0.20674342031249998 0.9201023390625 0.2134046046875 0.9292178359375001 0.21953947343750002 0.9310672515625 0.21282894687499998 0.9220942984375 0.20674342031249998
1 0.5975511703125 0.7686403515625 0.59142909375 0.7625548249999999 0.5772112578125 0.7951178734375 0.5833954671875 0.8013157890624999 0.5975511703125 0.7686403515625
0 0.127686403125 0.16025219375 0.1291666671875 0.15331688593749998 0.11990131562499999 0.1500822375 0.1184521203125 0.1567434203125 0.127686403125 0.16025219375
1 0.9328399125000001 0.080948465625 0.9337536546875 0.07108004375 0.917580409375 0.0657620609375 0.91639254375 0.07579495625 0.9328399125000001 0.080948465625
1 0.7892361109375 0.12949561406250001 0.7890350875000001 0.13234649062499998 0.7938231 0.1333059203125 0.7940058484375 0.13050986874999998 0.7892361109375 0.12949561406250001
1 0.9264802624999999 0.8091008765625001 0.9244517546875001 0.8080866234374999 0.9228618421875 0.814364034375 0.9249451750000001 0.8154879390625001 0.9264802624999999 0.8091008765625001
1 0.13930921093749998 0.155838815625 0.141100146875 0.1484649125 0.128125 0.14385964843750002 0.1264802625 0.1514802625 0.13930921093749998 0.155838815625
1 0.40188962031250003 0.371973684375 0.39449926875 0.36890625 0.3889437140625 0.3993421046875 0.3966374265625 0.4026315796875 0.40188962031250003 0.371973684375
0 0.43634868437499996 0.075383771875 0.43187134531250004 0.0743695171875 0.42975146249999996 0.08829495625 0.43435672500000005 0.089364034375 0.43634868437499996 0.075383771875
0 0.417580409375 0.2838267546875 0.4124269 0.2819078953125 0.409740496875 0.297258771875 0.41485745625000003 0.298848684375 0.417580409375 0.2838267546875
0 0.294634503125 1 0.2962719296875 0.9897203953125 0.291885965625 0.98821271875 0.2898775578125 1 0.294634503125 1
1 0.31646564375 0.8089912281249999 0.310453215625 0.8068530703125001 0.306304825 0.8327302624999999 0.3125 0.834676534375 0.31646564375 0.8089912281249999
1 0.331725146875 0.76641995625 0.3259502921875 0.764364034375 0.321783625 0.7891995609375 0.3276315796875 0.7914199562500001 0.331725146875 0.76641995625
0 0.3717744890625 0.5411211625 0.3669773390625 0.5390350875000001 0.364382309375 0.5537280703125 0.3693347953125 0.5557565796875 0.3717744890625 0.5411211625
0 0.37046235312500003 0.4935608546875 0.3658077484375 0.49147478125 0.3627192984375 0.50701754375 0.3676114765625 0.509120065625 0.37046235312500003 0.4935608546875
0 0.38201754375 0.47820723750000005 0.376725146875 0.4765104171875 0.3740314328125 0.49372258750000003 0.379385965625 0.4955043859375 0.38201754375 0.47820723750000005
0 0.37817251406249996 0.45129385937500005 0.3735562859375 0.4489857453125 0.3700292390625 0.4638432015625 0.3747624265625 0.46655701718750003 0.37817251406249996 0.45129385937500005
0 0.3853983921875 0.41480263125 0.3810124265625 0.41269188593750006 0.3779970765625 0.425328946875 0.3825639625 0.42779057031249995 0.3853983921875 0.41480263125
0 0.38848684218749996 0.397341009375 0.383954678125 0.3954769734375 0.38135964843750003 0.408168859375 0.38614400625 0.4102384875 0.38848684218749996 0.397341009375
0 0.3969481 0.351123903125 0.3920869890625 0.3493695171875 0.3896747078125 0.3635416671875 0.394561403125 0.365296053125 0.3969481 0.351123903125
0 0.41167032187499997 0.30625548281250004 0.40705409374999996 0.30435855312500004 0.40394736875000004 0.3186677625 0.408775584375 0.3208278515625 0.41167032187499997 0.30625548281250004
0 0.624197734375 0.036236293749999995 0.6228983921875 0.0428179828125 0.6333241953125001 0.0467516453125 0.634429825 0.040309759375 0.624197734375 0.036236293749999995
0 0.73976608125 0.0880756578125 0.7380482453125 0.09454495625 0.7469298249999999 0.098903509375 0.7484466375000001 0.0922149125 0.73976608125 0.0880756578125
0 0.7520047515625 0.0935992328125 0.75 0.100411184375 0.7604166671875 0.106606359375 0.7622624265625 0.099533990625 0.7520047515625 0.0935992328125
0 0.7654605265625001 0.1006304828125 0.7635416671875 0.10773026249999999 0.7740533625 0.1133881578125 0.7758442984375 0.10598684218750001 0.7654605265625001 0.1006304828125
0 1 0.11329495625 0.9934393281249999 0.1092927625 0.9910416671875 0.11630482499999999 1 0.12195723750000001 1 0.11329495625
1 0.466730628125 0.8425904609374999 0.4615131578125 0.8459155703125001 0.4675201015625 0.8670778515625001 0.47317251406249994 0.863336075 0.466730628125 0.8425904609374999
1 0.606597221875 0.042571271875 0.6044956140625 0.0532620609375 0.6188961984375 0.0592105265625 0.620741959375 0.0477796046875 0.606597221875 0.042571271875
0 0.47179459062499995 0.48101425468750003 0.47015716406249997 0.487198465625 0.48073830468749995 0.49292763125 0.4822733921875 0.48692434218749997 0.47179459062499995 0.48101425468750003
0 0.9571454671874999 0.546518640625 0.9589912281249999 0.540213815625 0.9497404968750001 0.53290844375 0.9476169593750001 0.539046053125 0.9571454671874999 0.546518640625
0 0.8821911546875001 0.568122259375 0.8775402046874999 0.5662006578125001 0.8744499265625001 0.5819819078124999 0.8794188593750001 0.58389254375 0.8821911546875001 0.568122259375
1 0.8523866953124999 0.556606359375 0.8594590640625 0.56009594375 0.8651937140625 0.530227521875 0.8581542390625 0.52683388125 0.8523866953124999 0.556606359375
0 0.47394188593750003 0.4602302625 0.4724232453125 0.46713267500000005 0.48357090625000004 0.4721491234375 0.4848684203125 0.465268640625 0.47394188593750003 0.4602302625
0 0.48269371406249995 0.4966282890625 0.4857273390625 0.5009046046875001 0.49274488281249995 0.4892132671875 0.48949926875000005 0.485397478125 0.48269371406249995 0.4966282890625
0 0.4927266078125 0.506716009375 0.4962171046875 0.5109375 0.5032163749999999 0.497176534375 0.4998172515625 0.49344846562500005 0.4927266078125 0.506716009375
0 0.498062865625 0.5099780703125 0.50071271875 0.514364034375 0.5072185671875 0.5049616234375 0.5045138890625 0.501178728125 0.498062865625 0.5099780703125
0 0.6344846484375 0.468338815625 0.6325475140625 0.4746408984375 0.643768275 0.48190789531249995 0.645632309375 0.4755756578125 0.6344846484375 0.468338815625
0 0.675402046875 0.490268640625 0.673757309375 0.49671052656250003 0.6830043859375 0.501891446875 0.6845942984375 0.4953399125 0.675402046875 0.490268640625
0 0.5067361109374999 0.3789391453125 0.511472953125 0.38052905625 0.5141812859375 0.36318530625 0.5095942984375 0.36173245625 0.5067361109374999 0.3789391453125
0 0.30069444375 0.9640899125000001 0.2962353796875 0.9623081140625 0.2930921046875 0.978426534375 0.29771564375000004 0.9803728062499999 0.30069444375 0.9640899125000001
0 0.4606633765625 0.040893640625 0.4559941515625 0.039254385937500004 0.4532894734375 0.05243969375 0.45826023437499996 0.054221490625 0.4606633765625 0.040893640625
1 0.8463450296874999 0.15876370625 0.8452649859375001 0.16211896875 0.8513176171874999 0.1661458328125 0.8523702484375001 0.1627494515625 0.8463450296874999 0.15876370625
1 0.9287280703125 0.08662280624999999 0.9293676906250001 0.081038925 0.9227156437499999 0.0790296046875 0.9220211984375 0.084703946875 0.9287280703125 0.08662280624999999
1 0.8191319437500001 0.037952303124999996 0.81957236875 0.034813596875000005 0.8158808484375 0.03360745625 0.8153746343750001 0.0366721484375 0.8191319437500001 0.037952303124999996
1 0.8991721484375 0.22767269687499997 0.8984777046874999 0.2308442984375 0.9036567984375001 0.2333552625 0.9043512421875001 0.23018092031249998 0.8991721484375 0.22767269687499997
1 0.9490113296875 0.2410115125 0.9485051171875 0.2443256578125 0.9540935671874999 0.24608004375 0.954473684375 0.24276315781250002 0.9490113296875 0.2410115125
1 0.356063596875 0.9060279609374999 0.35703947343750003 0.900145284375 0.34998720781250003 0.8971052625 0.3489053359375 0.9028289468749999 0.356063596875 0.9060279609374999
1 0.9693530703125001 0.10169956093750002 0.9705774859374999 0.0952768640625 0.9638340640624999 0.0923245609375 0.9626206140625 0.0985745609375 0.9693530703125001 0.10169956093750002
1 0.7165826015625 0.08868146875 0.7152887421874999 0.094405153125 0.7217141812500001 0.09782620625 0.723008040625 0.091905153125 0.7165826015625 0.08868146875
1 0.6813961984375 0.06709155624999999 0.6798245609375 0.0728755484375 0.6860014624999999 0.076165021875 0.687445175 0.07002467031250001 0.6813961984375 0.06709155624999999
1 0.675347221875 0.071875 0.67368055625 0.0775466015625 0.6800767546875 0.08105811406249999 0.681615496875 0.07519188593750001 0.675347221875 0.071875
1 0.6391940796875 0.047985196875000004 0.6377558484375 0.0532346484375 0.6444078953125 0.056716009375 0.6457474421875 0.05118146875 0.6391940796875 0.047985196875000004
1 0.5361038015624999 0.0312719296875 0.5349671046875 0.0368996703125 0.5403856 0.039059759375 0.54148391875 0.033319626562499996 0.5361038015624999 0.0312719296875
1 0.5599415203125 0.014830043749999999 0.5575292390625 0.0197642546875 0.5627741234375 0.024945175 0.5651571640624999 0.0199342109375 0.5599415203125 0.014830043749999999
1 0.4306103796875 0.113733553125 0.4231542390625 0.1106633765625 0.41156798281249996 0.1645093203125 0.41952668125 0.1679221484375 0.4306103796875 0.113733553125
0 0.1415935671875 0.13363486875 0.13707236875 0.1316419953125 0.13435489843749998 0.14300986875 0.1390350875 0.1451480265625 0.1415935671875 0.13363486875
0 0.7793183484374999 0.8586047156250001 0.7839053359375 0.862639803125 0.7893987578125 0.8474616234375001 0.7848135968750001 0.8436540562499999 0.7793183484374999 0.8586047156250001
0 0.7774616234375 0.8444490124999999 0.781858553125 0.8467817984374999 0.785723684375 0.83194353125 0.781555190625 0.829385965625 0.7774616234375 0.8444490124999999
0 0.9290771203125001 0.444956140625 0.9316995609375001 0.4385608546875 0.9236147656249999 0.4300328953125 0.9209941515625 0.436049890625 0.9290771203125001 0.444956140625
0 0.6948099421875 0 0.6939875734375 0.004248903125 0.7044261703125 0.007672696875 0.7053545328124999 0 0.7027796046875 0 0.6948099421875 0
0 0.7333040937499999 0.0139281796875 0.734400584375 0.00665844375 0.72483918125 0.0029742328125 0.7234557749999999 0.0100794953125 0.7333040937499999 0.0139281796875
0 0.7643366234375 0.024375 0.765606725 0.0173519734375 0.75625 0.0135142546875 0.7548062859375 0.0204769734375 0.7643366234375 0.024375
0 0.8284649125 0.050328946875 0.8293421046875 0.0419078953125 0.8157894734375001 0.0371052625 0.8143859656249999 0.0452302625 0.8284649125 0.050328946875
0 0.851973684375 0.0544682015625 0.8526571640625 0.0454331140625 0.8392361109375001 0.041606359375 0.83821271875 0.050411184374999994 0.851973684375 0.0544682015625
0 0.899429825 0.069690240625 0.9004550437500001 0.062231359374999996 0.8915021937500001 0.0592653515625 0.8902192984375 0.0666913375 0.899429825 0.069690240625
0 0.9830519000000001 0.1020394734375 0.98517909375 0.095010965625 0.9753691515625 0.08905153437499999 0.973132309375 0.0960005484375 0.9830519000000001 0.1020394734375
0 0.987956871875 0.24707236875 0.9866630109375001 0.25356359687499996 0.9965149859375 0.25782620624999997 0.9975566515625 0.251195175 0.987956871875 0.24707236875
0 0.9682711984375001 0.23745888124999998 0.967046784375 0.24458607500000001 0.978687865625 0.2494380484375 0.9798574562500001 0.242061403125 0.9682711984375001 0.23745888124999998
0 0.9479714906250001 0.227768640625 0.947240496875 0.23500548281250003 0.95710891875 0.237088815625 0.9576041671875 0.229969846875 0.9479714906250001 0.227768640625
0 0.9349817249999999 0.216348684375 0.9327704671875001 0.2227631578125 0.942786915625 0.2305482453125 0.9448501468750001 0.22405153437499997 0.9349817249999999 0.216348684375
0 0.9085233921875 0.19677905625 0.9063395468750001 0.20313596562499997 0.9154184937500001 0.20972861874999998 0.9174707609375 0.2032538375 0.9085233921875 0.19677905625
0 0.8815423984375 0.1764254390625 0.8792982453124999 0.182757675 0.8882894734375 0.1895559203125 0.89042763125 0.182867325 0.8815423984375 0.1764254390625
0 0.867061403125 0.1656907890625 0.8648684203125001 0.1721381578125 0.8740570171875 0.17858552656249999 0.8760307015625 0.1719078953125 0.867061403125 0.1656907890625
0 0.8527174703125 0.1564117328125 0.85073099375 0.16274671093749998 0.860705409375 0.16967379375 0.86263340625 0.16290021875 0.8527174703125 0.1564117328125
0 0.838921784375 0.1443996703125 0.836580775 0.15134594375 0.8476845765625001 0.1592406796875 0.8498190796875 0.15201754375 0.838921784375 0.1443996703125
0 0.8466118421875001 0.1632456140625 0.8443384500000001 0.1701617328125 0.8549488296875 0.1772669953125 0.857096125 0.1700657890625 0.8466118421875001 0.1632456140625
0 0.8219481 0.134643640625 0.8199378656249999 0.14094846562500002 0.8304459062499999 0.14829495625 0.8322916671874999 0.141688596875 0.8219481 0.134643640625
0 0.8056761703124999 0.1241913375 0.8035453218749999 0.1307565796875 0.8128344296875 0.13709978125 0.8148336984375 0.1303892546875 0.8056761703124999 0.1241913375
0 0.7914163015625 0.114887609375 0.7893329671875 0.12120339843750001 0.80027595 0.12844024062499998 0.8021399859375 0.12186129375000002 0.7914163015625 0.114887609375
0 0.773848684375 0.117543859375 0.771875 0.1249177625 0.78365314375 0.13118969375 0.78547331875 0.12352521875 0.773848684375 0.117543859375
0 0.7777192984375 0.10773026249999999 0.775811403125 0.11480263125000001 0.7856578953125 0.12013157968749999 0.78741228125 0.11269736875 0.7777192984375 0.10773026249999999
0 0.73259685625 0.10426260937500001 0.730884503125 0.11145833281249999 0.741597221875 0.1163815796875 0.743150584375 0.1088404609375 0.73259685625 0.10426260937500001
0 0.7094956140625001 0.09522478125 0.7079130109375 0.10224780625 0.7180116953125 0.106463815625 0.7193640343750001 0.0991447375 0.7094956140625001 0.09522478125
0 0.725098684375 0.080241228125 0.7232821640625 0.0874177625 0.73423245625 0.0924067984375 0.7358607453125 0.08490405625 0.725098684375 0.080241228125
0 0.7084795328125 0.07198464843749999 0.7067434203125 0.0795504390625 0.717580409375 0.0845394734375 0.7189327484375 0.0771381578125 0.7084795328125 0.07198464843749999
0 0.696876828125 0.066721490625 0.6952668125 0.0735197375 0.7052631578125 0.0782346484375 0.7068548984375 0.07110745625 0.696876828125 0.066721490625
0 0.68243969375 0.059950657812499995 0.6805756578125 0.067132675 0.6921619156250001 0.07291666718749999 0.6937883765625 0.0654879390625 0.68243969375 0.059950657812499995
0 0.6701571640624999 0.0538815796875 0.6687682749999999 0.0610745609375 0.6791319437500001 0.0654468203125 0.680420321875 0.0581441890625 0.6701571640624999 0.0538815796875
0 0.6553271203125 0.0481469296875 0.6538925437499999 0.05542763125 0.665089546875 0.0600657890625 0.6663523390625 0.0523684203125 0.6553271203125 0.0481469296875
0 0.655796784375 0.07288103124999999 0.6544225140625 0.0798793859375 0.66551900625 0.08401041718749999 0.666652046875 0.0765542765625 0.655796784375 0.07288103124999999
0 0.6557017546874999 0.063733553125 0.6545321640624999 0.069956140625 0.6657346484375 0.0740405703125 0.666721490625 0.067571271875 0.6557017546874999 0.063733553125
0 0.618687865625 0.06014254375 0.617580409375 0.06663925468750001 0.628600146875 0.070668859375 0.6296454671875 0.0636019734375 0.618687865625 0.06014254375
0 0.57616228125 0.044309210937499996 0.5747807015624999 0.05120614062499999 0.584473684375 0.054769737500000006 0.5856578953125 0.0479605265625 0.57616228125 0.044309210937499996
0 0.6399853796875 0.042105262500000004 0.6385782156250001 0.0485197375 0.64853435625 0.053026315625 0.6497258765625 0.046436403125 0.6399853796875 0.042105262500000004
0 0.62353435625 0.0426781796875 0.6221144 0.049120065625 0.6346509499999999 0.054188596874999995 0.6358516078124999 0.0473684203125 0.62353435625 0.0426781796875
0 0.6116301171875 0.0314994515625 0.6102704671875 0.03826754375 0.6204404234374999 0.042346490625 0.6216081875 0.035572917187500004 0.6116301171875 0.0314994515625
0 0.596527778125 0.0252467109375 0.5951461984375 0.0329194078125 0.6061403515625 0.03681469375 0.6073976609375 0.029177631250000002 0.596527778125 0.0252467109375
0 0.5849780703125 0.022231359375000002 0.5837536546875 0.0295504390625 0.5942616953125001 0.033297696875 0.5952722953125 0.0259100875 0.5849780703125 0.022231359375000002
0 0.5682017546875 0.0167105265625 0.566885965625 0.023547148437500002 0.5770833328125 0.027105262499999998 0.578114034375 0.020098684375000002 0.5682017546875 0.0167105265625
0 0.549225146875 0.0114117328125 0.5482821640625 0.0181195171875 0.557501828125 0.020704495312499998 0.5583059203125 0.01390625 0.549225146875 0.0114117328125
0 0.5352357453125001 0.0077467109375 0.5340826015625 0.014555920312500002 0.5430391078125 0.017286184375 0.5438980265625 0.010296053125 0.5352357453125001 0.0077467109375
0 0.5229586984375 0.0036211624999999996 0.5217470765625001 0.0099780703125 0.5318256578125 0.013327851562500001 0.5327302625 0.0067461625 0.5229586984375 0.0036211624999999996
0 0.49831323125000004 0.0051809203125 0.4966008765625 0.012527412499999998 0.507346490625 0.0171875 0.5088157890625 0.009632675 0.49831323125000004 0.0051809203125
0 0.4313779234375 0.32919407968750003 0.43631213437499994 0.3309758765625 0.4383954671875 0.317242325 0.43375365468749993 0.3156524125 0.4313779234375 0.32919407968750003
1 0.42122258749999997 0.2543092109375 0.41478435625000004 0.25238486875 0.4110928359375 0.273876096875 0.41756213437499995 0.2759046046875 0.42122258749999997 0.2543092109375
1 0.37218567187499996 0.4922149125 0.37013888906250003 0.4915844296875 0.3693165203125 0.4966831140625 0.3713633046875 0.49731359687500004 0.37218567187499996 0.4922149125
0 0.854466375 0.3897971484375 0.8502028515625 0.391976425 0.8532967843750001 0.4061869515625 0.858033625 0.40386787343749997 0.854466375 0.3897971484375
0 0.8266721484374999 0.39299616249999997 0.8213084796875 0.3924616234375 0.8200475140625001 0.409018640625 0.8258589187500001 0.409786184375 0.8266721484374999 0.39299616249999997
0 0.728251096875 0.2378207234375 0.7311239031250001 0.232231359375 0.723766446875 0.22422697343750003 0.720955775 0.22991228125 0.728251096875 0.2378207234375
0 0.4945321640625 0.084561403125 0.49831871406249995 0.089473684375 0.505811403125 0.0782346484375 0.5024269 0.073196271875 0.4945321640625 0.084561403125
1 0.4536860375 0.074898575 0.44607638906249997 0.0716091015625 0.4322880109375 0.131082784375 0.43979166718749996 0.13477521875 0.4536860375 0.074898575
1 0.43908260156249995 0.13871162343750001 0.43134137499999997 0.1361567984375 0.42044956093749997 0.188623903125 0.42856725156250003 0.1929961625 0.43908260156249995 0.13871162343750001
1 0.444956140625 0.14709155625 0.4361476609375 0.144216009375 0.42485380156249997 0.196875 0.43362573125 0.2010416671875 0.444956140625 0.14709155625
1 0.41480263125 0.247998903125 0.4089857453125 0.24566611875 0.40414290937499997 0.2665871703125 0.41024853749999995 0.269586075 0.41480263125 0.247998903125
1 0.3950475140625 0.40896381562500006 0.3876096484375 0.4061842109375 0.3779970765625 0.46148574531250003 0.385526315625 0.4647203953125 0.3950475140625 0.40896381562500006
1 0.364376828125 0.5320476968750001 0.3576388890625 0.5295230265625 0.35224597968750004 0.5623245609375 0.3587719296875 0.565126096875 0.364376828125 0.5320476968750001
1 0.35398391875 0.5911458328125 0.3474232453125 0.58832236875 0.34071271875 0.6217406796875 0.3475328953125 0.6246052625 0.35398391875 0.5911458328125
1 0.34741410781250004 0.6292406796875001 0.3413011703125 0.627001096875 0.33694078906249997 0.6499643640625 0.343293128125 0.6525767546875 0.34741410781250004 0.6292406796875001
1 0.341864034375 0.6576096484375 0.33592653437500003 0.6553371703125 0.33141081875 0.67859375 0.33747441562499997 0.681104715625 0.341864034375 0.6576096484375
0 0.4070559203125 0.346082784375 0.4016264625 0.34376096562499997 0.397865496875 0.3606716015625 0.403455775 0.3632757671875 0.4070559203125 0.346082784375
0 0.3524671046875 0.3592379390625 0.35107821562499997 0.366091009375 0.362322734375 0.37035910156249996 0.36343749999999997 0.363549890625 0.3524671046875 0.3592379390625
0 0.4534338453125 0.0428453953125 0.4489948828125 0.040981359375 0.445668859375 0.0556469296875 0.45036549687500005 0.0579495609375 0.4534338453125 0.0428453953125
0 0.44508406406249995 0.078977521875 0.4405482453125 0.07681195156250001 0.43678728125 0.09141995625 0.44133771875 0.09380482500000001 0.44508406406249995 0.078977521875
0 0.4488249265625 0.06376370625 0.44453581875000003 0.0620668859375 0.4415350875 0.074698465625 0.44611476562499996 0.0767105265625 0.4488249265625 0.06376370625
0 0.457456140625 0.056688596875 0.45296966406249994 0.055106907812499994 0.449533990625 0.06927905625 0.45421235312499997 0.0711430921875 0.457456140625 0.056688596875
0 0.43603252968749995 0.0928919953125 0.4311202484375 0.09072094375 0.4272167390625 0.106477521875 0.43230445937499995 0.1090104171875 0.43603252968749995 0.0928919953125
0 0.440990496875 0.09673245625 0.436758040625 0.09508771875000001 0.4336659359375 0.108903509375 0.437956871875 0.11058114062499999 0.440990496875 0.09673245625
0 0.411330409375 0.151875 0.40694444374999994 0.14983552656250002 0.4041301171875 0.16419133749999998 0.40860745625000006 0.1661458328125 0.411330409375 0.151875
0 0.421546053125 0.175054825 0.416758040625 0.17258771875 0.4130957609375 0.188719846875 0.417911184375 0.19140625 0.421546053125 0.175054825
0 0.4251005109375 0.1986595390625 0.42017909375 0.1967269734375 0.4162591375 0.214331140625 0.42133771875 0.21669956093749998 0.4251005109375 0.1986595390625
0 0.415314328125 0.2013157890625 0.4109283625 0.198793859375 0.40728435625000003 0.21257949531250003 0.41183845 0.21510416718749997 0.415314328125 0.2013157890625
0 0.4305738296875 0.21391995625 0.42615314375 0.21206688593749998 0.4232638890625 0.22552083281250002 0.42799524843750003 0.2275383765625 0.4305738296875 0.21391995625
0 0.426955409375 0.2344846484375 0.4221673984375 0.2322916671875 0.41934027812499997 0.2455729171875 0.4244060671875 0.247924890625 0.426955409375 0.2344846484375
0 0.41012426875 0.27521929843750004 0.40553728125 0.27272478125 0.4020650578125 0.2865679828125 0.4069261703125 0.2893092109375 0.41012426875 0.27521929843750004
0 0.4040935671875 0.31055372812500004 0.399597953125 0.3087171046875 0.39699013125 0.3214391453125 0.4016447375 0.32341282968749996 0.4040935671875 0.31055372812500004
0 0.406929825 0.329854715625 0.4024853796875 0.328125 0.39979897656249996 0.3416392546875 0.4044042390625 0.343434759375 0.406929825 0.329854715625
0 0.39961622812500003 0.33577302656249997 0.3951206140625 0.3341008765625 0.3924524859375 0.34769736875 0.397203946875 0.3494791671875 0.39961622812500003 0.33577302656249997
0 0.39364400625 0.3714857453125 0.3889510234375 0.36912280625 0.3859502921875 0.381918859375 0.3909466375 0.38447916718749997 0.39364400625 0.3714857453125
0 0.38258771875 0.4317105265625 0.3777631578125 0.429671053125 0.3746052625 0.4452631578125 0.37951754375 0.44749999999999995 0.38258771875 0.4317105265625
0 0.3748008046875 0.47323739062500003 0.3701937140625 0.47143640312499996 0.3667744890625 0.4883031796875 0.3713797515625 0.49060581093750005 0.3748008046875 0.47323739062500003
0 0.37927814375 0.4989254390625 0.3743421046875 0.49714912343749995 0.3712006578125 0.513426534375 0.376573465625 0.5153453953125 0.37927814375 0.4989254390625
0 0.3684594296875 0.5134128296875 0.36324926875 0.511082784375 0.3599067984375 0.5271874999999999 0.36532712031250003 0.529832784375 0.3684594296875 0.5134128296875
0 0.37519188593749997 0.5195367328125 0.3706834796875 0.5180016453125 0.3677266078125 0.5345997812500001 0.3724250734375 0.5365899125 0.37519188593749997 0.5195367328125
0 0.3674543125 0.559989034375 0.3627174703125 0.558141446875 0.359749634375 0.5745312499999999 0.36458150625 0.5763294953125 0.3674543125 0.559989034375
0 0.357759503125 0.57407620625 0.35350146250000003 0.5721683109375 0.350829678125 0.5858525218749999 0.355135234375 0.587856359375 0.357759503125 0.57407620625
0 0.36370979531250003 0.5817735749999999 0.3587902046875 0.579385965625 0.355171784375 0.5958607453125 0.36012426875000003 0.5986293859375 0.36370979531250003 0.5817735749999999
0 0.3548245609375 0.6329605265625 0.35024122812499997 0.631151315625 0.34721491250000003 0.646776315625 0.35208333281250004 0.64894736875 0.3548245609375 0.6329605265625
1 0.351087353125 0.657653509375 0.3472989765625 0.6557593203125001 0.34496162343750003 0.6657538375 0.3490040203125 0.6677412281249999 0.351087353125 0.657653509375
1 0.4594334796875 0.029418859375000002 0.4572368421875 0.0286732453125 0.4561988296875 0.034928728125 0.4585014625 0.0358059203125 0.4594334796875 0.029418859375000002
1 0.46233004375000003 0.042516446875 0.46059941562500006 0.041776315625 0.4595211984375 0.0475054828125 0.46130665156250006 0.048325109375 0.46233004375000003 0.042516446875
1 0.455793128125 0.08991228125 0.45381944374999994 0.0890350875 0.4525219296875 0.09558662343749999 0.4545687140625 0.096436403125 0.455793128125 0.08991228125
1 0.4215113296875 0.2684703953125 0.41953581875 0.267132675 0.4176736109375 0.27317434218750003 0.41966374218749997 0.27461622812500003 0.4215113296875 0.2684703953125
1 0.372953215625 0.5030975875 0.3713450296875 0.501946271875 0.36973684218749997 0.5063157890625 0.3713815796875 0.5076315796875 0.372953215625 0.5030975875
1 0.5294956140625 0.0518092109375 0.5300840640625 0.05433936406249999 0.5341008765625 0.052138157812499995 0.5334612578125 0.049616228125 0.5294956140625 0.0518092109375
1 0.4849433484375 0.113094846875 0.4868987578125 0.115370065625 0.48971308437500005 0.1096408984375 0.487794225 0.1074205046875 0.4849433484375 0.113094846875
1 0.46918859687500003 0.1658991234375 0.471418128125 0.16699561406250002 0.47299342031249997 0.16009046093749998 0.4708698828125 0.158936403125 0.46918859687500003 0.1658991234375
1 0.3784831875 0.63261513125 0.381312134375 0.6340625 0.3831542390625 0.6255427625000001 0.38034722187500003 0.624161184375 0.3784831875 0.63261513125
1 0.340679825 0.6868146937499999 0.3385416671875 0.685608553125 0.3368421046875 0.6927083328125 0.33899853750000003 0.6938870609375 0.340679825 0.6868146937499999
1 0.32268823125 0.7905975875 0.3203399125 0.789501096875 0.3188139625 0.796929825 0.32124451718749997 0.798026315625 0.32268823125 0.7905975875
1 0.398936403125 0.63738486875 0.40130117031249996 0.6381880484375 0.40237573125 0.6306578953125 0.400135234375 0.6298519734375 0.398936403125 0.63738486875
1 0.3550475140625 0.7357757671875 0.3572076015625 0.7371957234375001 0.3593293125 0.7304879390625 0.3572076015625 0.7290679828125 0.3550475140625 0.7357757671875
1 0.35281067187500004 0.798108553125 0.3549707609375 0.79912280625 0.3564327484375 0.7921600875 0.354331140625 0.7912554828125 0.35281067187500004 0.798108553125
1 0.3390350875 0.8741228062499999 0.341560671875 0.8754221484375 0.3436659359375 0.867132675 0.34131944375 0.8658991234375 0.3390350875 0.8741228062499999
1 0.31164108125 0.8614857453125 0.3092288015625 0.86008771875 0.3070869890625 0.8676836625 0.309466375 0.869161184375 0.31164108125 0.8614857453125
1 0.3294334796875 0.7383662281250001 0.32271564375 0.7359375 0.316390715625 0.7696162281250001 0.3230738296875 0.7728919953125 0.3294334796875 0.7383662281250001
1 0.3140716375 0.8809758765625 0.30829495625000003 0.878665021875 0.3043165203125 0.9036759875 0.31053728125 0.9062801531250001 0.3140716375 0.8809758765625
1 0.29720394687499996 0.9324287281249999 0.2890350875 0.92900219375 0.2792982453125 0.986776315625 0.28837719375000004 0.9904879390625 0.29720394687499996 0.9324287281249999
0 0.3487043125 0.676647478125 0.3438358921875 0.6743119515625 0.340241228125 0.6907346484375 0.34517543906250003 0.693366228125 0.3487043125 0.676647478125
0 0.337518275 0.688733553125 0.3328179828125 0.686436403125 0.3298793859375 0.7015679828125 0.334901315625 0.7039007671874999 0.337518275 0.688733553125
0 0.343347953125 0.7114309203125 0.338578215625 0.70860745625 0.3346308484375 0.7239309203125 0.33947368437500003 0.7268092109375 0.343347953125 0.7114309203125
0 0.3338267546875 0.7149671046875 0.3294206875 0.713179825 0.3269517546875 0.7265350875000001 0.3314491953125 0.7283607453125 0.3338267546875 0.7149671046875
0 0.3391995609375 0.7294956140625 0.334466375 0.7269462718749999 0.330544590625 0.7445778515625 0.33517909375 0.7467379390625 0.3391995609375 0.7294956140625
0 0.33539473750000004 0.7487445171875 0.330884503125 0.7467653515625 0.32808845 0.7609923249999999 0.3327192984375 0.7631195171875 0.33539473750000004 0.7487445171875
0 0.3223903515625 0.8246326749999999 0.31792763125 0.8230263156250001 0.31597222187499996 0.8353344296874999 0.3204495609375 0.8368421046875 0.3223903515625 0.8246326749999999
0 0.308954678125 0.853125 0.304221490625 0.851151315625 0.30089546718750004 0.8666118421875 0.30588450312500004 0.8688870609375 0.308954678125 0.853125
0 0.31862207656249997 0.8520833328125 0.31408991249999996 0.8505208328125 0.3118421046875 0.865323465625 0.31649305625 0.866820175 0.31862207656249997 0.8520833328125
0 0.308187134375 0.9167763156250001 0.3036915203125 0.91474780625 0.30110745625 0.92805646875 0.305829678125 0.93040021875 0.308187134375 0.9167763156250001
0 0.32415935625 0.9560855265624999 0.32838084843750004 0.9578947375 0.330535453125 0.9455345390625001 0.32640716406250003 0.9438870609375 0.32415935625 0.9560855265624999
0 0.305811403125 0.9374725875 0.301224415625 0.9358004390625 0.2983552625 0.9515350874999999 0.3029239765625 0.953481359375 0.305811403125 0.9374725875
0 0.493768275 0.1641447375 0.493658625 0.1705866234375 0.5042616953125 0.170254934375 0.504258040625 0.1640625 0.493768275 0.1641447375
0 0.6611659359375001 0.483168859375 0.6594590640625 0.4893283984375 0.6710179093749999 0.4964336625 0.6728801171875001 0.49008771875 0.6611659359375001 0.483168859375
0 0.607346490625 0.452713815625 0.6057383046875 0.45915570156249996 0.6182291671875 0.46621436406249994 0.6198885234375 0.4589117328125 0.607346490625 0.452713815625
0 0.59448099375 0.44766995625000006 0.5927997078125 0.45419407968750003 0.60394736875 0.4599506578125 0.605535453125 0.4533168859375 0.59448099375 0.44766995625000006
0 0.5537719296875 0.5388294953125 0.551929825 0.5447505484375 0.5626663015625 0.5515789468750001 0.5643238296875001 0.5455783984375 0.5537719296875 0.5388294953125
0 0.5083187140625001 0.5146518640625 0.51066155 0.5189144734375 0.51787280625 0.5101918859375 0.515319809375 0.5060471484375 0.5083187140625001 0.5146518640625
0 0.47191155 0.4704221484375 0.4704495609375 0.4765899125 0.48058479531250003 0.48144188593750004 0.4818439328125 0.47519188593750006 0.47191155 0.4704221484375
0 0.4798062859375 0.4419133765625 0.477777778125 0.4490131578125 0.4888706140625 0.45583881562500006 0.49086257343749995 0.448766446875 0.4798062859375 0.4419133765625
0 0.481964546875 0.42188870625 0.4803581875 0.428648575 0.49237755781250003 0.434788925 0.4940350875 0.42810581093750005 0.481964546875 0.42188870625
0 0.5201663015625 0.36245888125 0.5153344296875 0.3596655703125 0.5116721484375 0.3770504390625 0.5163139625000001 0.3794654609375 0.5201663015625 0.36245888125
1 0.42068165156250004 0.5861266453125 0.419206871875 0.5860197375 0.41873355312499994 0.5931907890625 0.42023391875 0.5933497812499999 0.42068165156250004 0.5861266453125
1 0.472240496875 0.0361842109375 0.47065058437499996 0.03522478125 0.46854897656250005 0.0415570171875 0.4702119890625 0.042598684375 0.472240496875 0.0361842109375
1 0.43773757343749997 0.4283991234375 0.43566155 0.4274177625 0.434064328125 0.43445723750000004 0.4361659359375 0.43566337656250004 0.43773757343749997 0.4283991234375
1 0.4252741234375 0.0325932015625 0.4236476609375 0.0334155703125 0.425250365625 0.03933388125 0.4268421046875 0.0384731359375 0.4252741234375 0.0325932015625
1 0.4141081875 0.53667763125 0.4140405703125 0.539429825 0.419009503125 0.5396600874999999 0.41902412343749995 0.5368695171875 0.4141081875 0.53667763125
1 0.38366228125 0.67275219375 0.3853801171875 0.6737390343749999 0.3869700296875 0.6669682015625 0.38525219375 0.665995065625 0.38366228125 0.67275219375
1 0.42894736875 0.4649671046875 0.4277722953125 0.46959155625 0.43361476562499995 0.4726315796875 0.43471856718749996 0.46777686406249996 0.42894736875 0.4649671046875
1 0.9549342109375001 0.2713541671875 0.951224415625 0.26949013125 0.9493786546875 0.27735745624999997 0.9532346484374999 0.279358553125 0.9549342109375001 0.2713541671875
1 0.9894334796875001 0.0311403515625 0.990679825 0.033991228125 0.995626828125 0.029418859375000002 0.99446271875 0.026507675 0.9894334796875001 0.0311403515625
1 0.8837298984374999 0.0438157890625 0.8839711250000001 0.040921053125 0.8803527046875 0.0404605265625 0.880089546875 0.043355262500000005 0.8837298984374999 0.0438157890625
1 0.4521582609375 0.0307456140625 0.450420321875 0.0299067984375 0.44908808437500003 0.0346655703125 0.4508790203125 0.035679825 0.4521582609375 0.0307456140625
1 0.4536915203125 0.032483553124999995 0.45182748593750005 0.03209978125 0.4512792390625 0.0377741234375 0.45314327499999996 0.03826754375 0.4536915203125 0.032483553124999995
1 0.45455043906250003 0.44308936406250005 0.447350146875 0.4407620609375 0.4435928359375 0.46675986875 0.451206140625 0.4692708328125 0.45455043906250003 0.44308936406250005
1 0.44123537968750004 0.4281003296875 0.439437134375 0.4276315796875 0.438393640625 0.43601151250000003 0.44031980937500004 0.43648574531250006 0.44123537968750004 0.4281003296875
1 0.7319078953125 0.125356359375 0.73265168125 0.121334978125 0.7248355265625 0.117653509375 0.72398391875 0.121735196875 0.7319078953125 0.125356359375