0 0.711251828125 0.0315268640625 0.7085215640625 0.0367817984375 0.7168786546875 0.044684759375 0.7195833328125001 0.039512060937499996 0.711251828125 0.0315268640625
0 0.720783990625 0.0241913375 0.717169225 0.022343750000000002 0.7137975140624999 0.034786184375 0.717328215625 0.0367653515625 0.720783990625 0.0241913375
1 0.6255116953125001 0.5618146937499999 0.6258954671875 0.5597861843749999 0.6217653515625 0.5580043859375 0.6213084796875 0.5600054828125 0.6255116953125001 0.5618146937499999
1 0.5518274859375001 0.446436403125 0.5540021937499999 0.43514254374999994 0.5169407890625 0.421408990625 0.5151315796875 0.4334703953125 0.5518274859375001 0.446436403125
0 0.9478983921875 0.6137883765625001 0.94914108125 0.6077302625 0.9413011703124999 0.604248903125 0.940168128125 0.610608553125 0.9478983921875 0.6137883765625001
0 0.9632309937500001 0.619216009375 0.964400584375 0.612801534375 0.9550804093749999 0.6091008765625 0.95392909375 0.6155975875 0.9632309937500001 0.619216009375
1 0.5685672515625 0.4395559203125 0.5702302625 0.43114035156249997 0.555811403125 0.4248355265625 0.5540021937499999 0.434018640625 0.5685672515625 0.4395559203125
0 0.4354349421875 0.39169407968750003 0.4366045328125 0.384841009375 0.42571271875 0.381661184375 0.42468932812500004 0.38834978124999997 0.4354349421875 0.39169407968750003
1 0.7911184203125 0.535471490625 0.792671784375 0.527741228125 0.7783808484375 0.521491228125 0.776882309375 0.5295230265625 0.7911184203125 0.535471490625
1 0.8608552625 0.5653508765625 0.8624634500000001 0.5564692984375 0.84146564375 0.5470668859375001 0.8400402046875 0.5562225875 0.8608552625 0.5653508765625
1 0.879258040625 0.584841009375 0.8806652046875 0.5748629390625 0.8470029234374999 0.5609100875 0.8453764625 0.571491228125 0.879258040625 0.584841009375
0 0.9220577484374999 0.60243969375 0.9232821640625 0.59605263125 0.9139619890624999 0.592489034375 0.9127923984375 0.5993421046875 0.9220577484374999 0.60243969375
0 0.9051535093749999 0.5963541671875 0.906615496875 0.5892543859375 0.896509503125 0.584758771875 0.8952302624999999 0.5919407890625 0.9051535093749999 0.5963541671875
0 0.823081140625 0.5482182015625 0.82415935625 0.5419956140625 0.8149488296875 0.53826754375 0.8135416671875 0.544846490625 0.823081140625 0.5482182015625
0 0.5829861109375 0.45822368437499994 0.5843019 0.45194627187499997 0.57503655 0.44780701718750004 0.5735928359375 0.45449561406249994 0.5829861109375 0.45822368437499994
0 0.480025584375 0.40825109687500005 0.48101242656250004 0.401233553125 0.46838450312499996 0.3970668859375 0.46732456093749997 0.40441337656250004 0.480025584375 0.40825109687500005
0 0.3823099421875 0.3885690796875 0.383132309375 0.3822094296875 0.3732456140625 0.3796600875 0.3724415203125 0.386321271875 0.3823099421875 0.3885690796875
0 0.51019736875 0.42938596562500003 0.511257309375 0.42294407968750003 0.5002923984375001 0.4193530703125 0.49919590625000004 0.4259868421875 0.51019736875 0.42938596562500003
0 0.5990679828125 0.4646655703125 0.600383771875 0.45800438593750004 0.5889802625 0.4532894734375 0.587445175 0.459731359375 0.5990679828125 0.4646655703125
0 0.823885234375 0.5603344296875 0.8250365499999999 0.554221490625 0.8149853796875 0.5500822375000001 0.8138157890625 0.556304825 0.823885234375 0.5603344296875
0 0.939510234375 0.5994791671875 0.940972221875 0.5931743421875 0.931615496875 0.5888157890625 0.9302083328125 0.5947368421875 0.939510234375 0.5994791671875
1 0.534064328125 0.425466009375 0.535471490625 0.4170778515625 0.5203947375 0.41173245625000005 0.5189692984375001 0.4201754390625 0.534064328125 0.425466009375
0 0.4942799703125 0.42494517500000006 0.4953947375 0.4181195171875 0.4859283625 0.41493969374999995 0.48474049687500004 0.4218475875 0.4942799703125 0.42494517500000006
0 0.719188596875 0.5039199562500001 0.7206140343749999 0.49772478124999997 0.7100328953124999 0.49248903437499997 0.7084612578125 0.498903509375 0.719188596875 0.5039199562500001
0 0.419883040625 0.38796600937500003 0.420778509375 0.38100328906250003 0.40868055625000005 0.3774945171875 0.40767543906250003 0.3841282890625 0.419883040625 0.38796600937500003
1 0.5147295328125 0.41968201718750003 0.51637426875 0.410526315625 0.49512061406249996 0.4025767546875 0.4936220765625 0.41197916718750005 0.5147295328125 0.41968201718750003
1 0.5964729531249999 0.452796053125 0.5983369890625 0.443393640625 0.5762975140625 0.43456688593750004 0.5744152046875 0.4438322375 0.5964729531249999 0.452796053125
1 0.650420321875 0.47431469374999996 0.6520650578125 0.4662280703125 0.6360562859375001 0.4592653515625 0.634283625 0.4674067984375 0.650420321875 0.47431469374999996
0 0.7252010234374999 0.518448465625 0.7263340640625 0.51175986875 0.7173245609375 0.5080317984375 0.716045321875 0.51474780625 0.7252010234374999 0.518448465625
0 0.4682200296875 0.416803728125 0.4693713453125 0.410581140625 0.45727339218749996 0.4061677625 0.4560672515625 0.41280153437499995 0.4682200296875 0.416803728125
0 0.628453946875 0.46990131562500004 0.6189144734375 0.4655153515625 0.6174890343749999 0.472203946875 0.62724780625 0.47601425468749997 0.628453946875 0.46990131562500004
0 0.6271929828125 0.465158990625 0.628527046875 0.45942982499999996 0.6201571640625 0.45501644687500004 0.6188231 0.4611293859375 0.6271929828125 0.465158990625
0 0.6509320171875 0.48706140312499996 0.6522295328125 0.4810032890625 0.6431834796875 0.4770833328125 0.6419590640624999 0.48319627187499997 0.6509320171875 0.48706140312499996
0 0.667489034375 0.4938596484375 0.6689510234375 0.48695175468749996 0.6579130109375 0.48199013125 0.6563596484375 0.48889802656250003 0.667489034375 0.4938596484375
0 0.6794773390625 0.48651315781250004 0.6806286546875 0.4799067984375 0.6700840640625 0.47549342031249997 0.6688779234375 0.4822094296875 0.6794773390625 0.48651315781250004
0 0.69612573125 0.504989034375 0.6974597953125 0.49841008750000004 0.6868421046875001 0.49375 0.6856725140625 0.500411184375 0.69612573125 0.504989034375
0 0.7017726609375 0.4966008765625 0.7032529234375 0.49029605312499996 0.694206871875 0.48612938593750005 0.6927631578125 0.4926809203125 0.7017726609375 0.4966008765625
0 0.7096125734375 0.5117050437499999 0.7109283625 0.5050986843749999 0.6997624265625 0.500054825 0.6983918124999999 0.506633771875 0.7096125734375 0.5117050437499999
0 0.9013888890624999 0.5823739031249999 0.9027229531250001 0.576206140625 0.892525584375 0.5719024125 0.8913011703124999 0.5781524124999999 0.9013888890624999 0.5823739031249999
0 0.9234649125000001 0.592516446875 0.9247258765625 0.58665021875 0.916063596875 0.5827850875 0.9146929828125 0.5888980265625 0.9234649125000001 0.592516446875
0 0.9573099421875 0.60704495625 0.95857090625 0.6009594296875 0.948885234375 0.5966008765625 0.94764254375 0.6029879390625 0.9573099421875 0.60704495625
0 0.9775950296874999 0.615570175 0.9786915203125 0.609375 0.96951754375 0.6056743421874999 0.968366228125 0.6117324562500001 0.9775950296874999 0.615570175
1 0.7540570171875001 0.51949013125 0.75555555625 0.5114309203125 0.7404788015625 0.5047423249999999 0.7389071640625 0.51329495625 0.7540570171875001 0.51949013125
1 0.9999817249999999 0.634758771875 1 0.6251096484375 0.9823099421875 0.6185307015625 0.980793128125 0.6272203953125 0.9999817249999999 0.634758771875
0 0.680774853125 0.5 0.68212719375 0.4934758765625 0.6730994156250001 0.48985745625000005 0.671564328125 0.4962445171875 0.680774853125 0.5
0 0.6140899125 0.4716557015625 0.6154970765625001 0.4646655703125 0.6045504390625001 0.46038925468749997 0.6032711984375 0.46751644687500005 0.6140899125 0.4716557015625
0 0.569188596875 0.453125 0.5704312859375 0.44690241249999996 0.5601059937499999 0.4427083328125 0.5587902046875 0.4490405703125 0.569188596875 0.453125
1 0.1305921046875 0.3294407890625 0.1306103796875 0.32738486875 0.1272112578125 0.3270833328125 0.1270833328125 0.32919407968750003 0.1305921046875 0.3294407890625
1 0.2793000734375 0.330523575 0.279294590625 0.32793311406250003 0.2756195171875 0.3278125 0.2755482453125 0.33037280625 0.2793000734375 0.330523575
0 0.33205409375 0.6203673249999999 0.33207236875 0.612883771875 0.320687134375 0.6124725875 0.320723684375 0.6200932015625 0.33205409375 0.6203673249999999
0 0.33907163749999997 0.3650767546875 0.3396198828125 0.358168859375 0.328563596875 0.355948465625 0.32786915156249996 0.362856359375 0.33907163749999997 0.3650767546875
1 0.1399671046875 0.2529331140625 0.13982090625000002 0.2626370609375 0.1555921046875 0.2622807015625 0.1556652046875 0.25265899062499997 0.1399671046875 0.2529331140625
1 0.160508040625 0.2498629390625 0.158954678125 0.25863486875 0.1744152046875 0.26296600937500003 0.1758954671875 0.25383771875 0.160508040625 0.2498629390625
1 0.132328215625 0.2368421046875 0.1328399125 0.24624451718749998 0.149671053125 0.243448465625 0.1493786546875 0.2338541671875 0.132328215625 0.2368421046875
1 0.0775767546875 0.3596217109375 0.0770833328125 0.37124451718749996 0.1211988296875 0.373848684375 0.121820175 0.36258223749999996 0.0775767546875 0.3596217109375
0 0.22399488281250002 0.3431195171875 0.22408625781249997 0.3360745609375 0.21403508750000003 0.33514254375 0.2138340640625 0.34246162343750003 0.22399488281250002 0.3431195171875
0 0.127686403125 0.6493969296875 0.1330957609375 0.6493695171875 0.133223684375 0.6327028515625 0.12772295312499998 0.6326480265625001 0.127686403125 0.6493969296875
1 0.5796600875 0.5078947375 0.5788011703125 0.512171053125 0.584703946875 0.5143092109375 0.585471490625 0.51006030625 0.5796600875 0.5078947375
0 0.29100877187499996 0.6200932015625 0.291776315625 0.6138432015624999 0.279349415625 0.610498903125 0.2786732453125 0.6168585531249999 0.29100877187499996 0.6200932015625
1 0.34261695937500003 0.597176534375 0.33980263125 0.58991228125 0.32415935625 0.603179825 0.327046784375 0.6110745609375 0.34261695937500003 0.597176534375
1 0.344060671875 0.604385965625 0.3400036546875 0.60076754375 0.3311403515625 0.6228344296875 0.3349963453125 0.626260965625 0.344060671875 0.604385965625
0 0.29599780625 0.5169407890625 0.29645467812500004 0.5098958328125 0.2859466375 0.5083333328124999 0.285453215625 0.51491228125 0.29599780625 0.5169407890625
0 0.3325292390625 0.5974780703125 0.33528874218750004 0.5915296046875 0.325438596875 0.5822916671875 0.32267909375000003 0.58837719375 0.3325292390625 0.5974780703125
0 0.32658991249999997 0.5963815796875 0.323026315625 0.592132675 0.3150036546875 0.6056195171875001 0.3184941515625 0.609786184375 0.32658991249999997 0.5963815796875
1 0.3224963453125 0.5884868421875 0.3182017546875 0.5835800437499999 0.308954678125 0.6016995609375 0.31335891875 0.606551534375 0.3224963453125 0.5884868421875
1 0.32653508750000004 0.6463815796875 0.3294042390625 0.63837719375 0.3149671046875 0.6277138156250001 0.31246345 0.6350328953125 0.32653508750000004 0.6463815796875
1 0.312902046875 0.6275219296875 0.31392543906250003 0.6201480265625 0.2961988296875 0.6153782890625 0.2953581875 0.6225054828125 0.312902046875 0.6275219296875
1 0.290314328125 0.3686677625 0.29084429843750004 0.3578947375 0.2532529234375 0.3515350875 0.2524488296875 0.362554825 0.290314328125 0.3686677625
1 0.349671053125 0.3817708328125 0.351133040625 0.370778509375 0.312061403125 0.3623355265625 0.31089181250000003 0.373492325 0.349671053125 0.3817708328125
0 0.9820540937500001 0.4560855265625 0.9775036546875 0.45556469374999997 0.9768092109375001 0.47102521875000003 0.9814144734375001 0.4716282890625 0.9820540937500001 0.4560855265625
0 0.48322368437499996 0.421463815625 0.4844846484375 0.41483004375 0.4733552625 0.410553728125 0.47213084843750003 0.41724232499999997 0.48322368437499996 0.421463815625
1 0.4303362578125 0.40400219374999996 0.4319261703125 0.39243421093749997 0.3920138890625 0.3809758765625 0.3903326015625 0.3922697375 0.4303362578125 0.40400219374999996
0 0.99451754375 0.6216557015624999 0.9955409359375 0.6146655703125 0.9857821640625 0.611293859375 0.9846308484374999 0.618311403125 0.99451754375 0.6216557015624999
0 0.1172331875 0.5099780703125 0.12163742656250001 0.50858004375 0.1196454671875 0.4931743421875 0.115222953125 0.49443530625000004 0.1172331875 0.5099780703125
0 0.7545687140624999 0.53125 0.7559941515624999 0.523903509375 0.7450292390625 0.519051534375 0.7435672515625 0.5266173249999999 0.7545687140624999 0.53125
0 0.369828215625 0.48053728125 0.369188596875 0.48692434218749997 0.3806286546875 0.49024122812500004 0.38154239843750004 0.4838815796875 0.369828215625 0.48053728125
1 0.716794590625 0.5603892546875 0.714528509375 0.5699287281250001 0.732492690625 0.578481359375 0.7344846484375 0.568421053125 0.716794590625 0.5603892546875
1 0.2349049703125 0.4453399125 0.2350146203125 0.43983004374999995 0.22702850937500002 0.43895285156249997 0.226864034375 0.4447094296875 0.2349049703125 0.4453399125
0 0.322331871875 0.3606907890625 0.3231907890625 0.3540296046875 0.312408625 0.3515625 0.3114400578125 0.35830592031249997 0.322331871875 0.3606907890625
1 0.8045138890624999 0.6510690796875 0.803033625 0.6611019734375 0.841758040625 0.6736019734375 0.8431652046875 0.6648026312499999 0.8045138890624999 0.6510690796875
1 0.4639254390625 0.40101425468749996 0.46483918125 0.3958059203125 0.4580957609375 0.3935032890625 0.45712719375 0.3990405703125 0.4639254390625 0.40101425468749996
1 0.9434027781250001 0.9093475874999999 0.9463267546875 0.9025493421874999 0.9305738296875001 0.8885416671874999 0.9271747078124999 0.8958607453124999 0.9434027781250001 0.9093475874999999
1 0.9283442984375 0.9023300437499999 0.9263340640625 0.908936403125 0.9402960531250001 0.9177083328125001 0.9423428359375 0.911293859375 0.9283442984375 0.9023300437499999
1 0.9525950296874999 0.938651315625 0.9496162281249999 0.9474506578125 0.9681103796875 0.9587719296874999 0.9709247078125 0.9501644734375001 0.9525950296874999 0.938651315625
1 0.964491959375 0.898135965625 0.9703399125000001 0.9026315796875 0.9783260234375 0.8749177625 0.9726425437499999 0.8708059203125 0.964491959375 0.898135965625
1 0.9715643281249999 0.8779057015625 0.9627741234375 0.8714089906250001 0.9538559937500001 0.9001370609375 0.9628472218749999 0.906688596875 0.9715643281249999 0.8779057015625
0 0.495650584375 0.5427357453125 0.49131944375 0.5467105265625001 0.496875 0.5594846484375 0.5013706140624999 0.5549890343749999 0.495650584375 0.5427357453125
0 0.4822733921875 0.54925986875 0.482419590625 0.542516446875 0.473099415625 0.5422423249999999 0.47284356718750004 0.5487116234375 0.4822733921875 0.54925986875
0 0.0853070171875 0.8104166671874999 0.08379020468750001 0.8159539468749999 0.0921966375 0.8216557015625 0.0939692984375 0.8160635968750001 0.0853070171875 0.8104166671874999
0 0.3067799703125 0.370010965625 0.30696271875000003 0.3635416671875 0.2970760234375 0.3627467109375 0.296856725 0.3692434203125 0.3067799703125 0.370010965625
0 0.5067434203125 0.553508771875 0.5064510234374999 0.56006030625 0.5165935671875 0.5611842109375 0.5168128656250001 0.5549616234375 0.5067434203125 0.553508771875
1 0.90701754375 0.966831140625 0.9010416671874999 0.9641721484374999 0.89608918125 0.9853618421875 0.9021016078124999 0.9878015343750001 0.90701754375 0.966831140625
1 0.9002741234375 1 0.901206140625 0.9931743421875 0.8949013156250001 0.9922971484374999 0.8938596484374999 1 0.9002741234375 1
0 0.954331140625 0.9711074562500001 0.9552448828125 0.9657072375 0.9474963453124999 0.9630482453125 0.9466008765625 0.968421053125 0.954331140625 0.9711074562500001
0 0.5341739765625 0.8473135968750001 0.529258040625 0.8471765343750001 0.5288559937499999 0.865926534375 0.5338450296875 0.866008771875 0.5341739765625 0.8473135968750001
0 0.53824926875 0.77883771875 0.533991228125 0.778563596875 0.53366228125 0.7943530703125 0.537938596875 0.7944078953125 0.53824926875 0.77883771875
0 0.18775584843749998 0.9743421046874999 0.1896016078125 0.9811677624999999 0.199543128125 0.976864034375 0.19762426875 0.969901315625 0.18775584843749998 0.9743421046874999
0 0.6017361109375 0.9798245609375 0.59914108125 0.9742598687499999 0.5913559937499999 0.9830043859375 0.594152046875 0.98821271875 0.6017361109375 0.9798245609375
1 0.9142543859375 0.9306469296875 0.9079312859374999 0.9282620609375 0.902649853125 0.9563870609375 0.909027778125 0.9587171046874999 0.9142543859375 0.9306469296875
0 0.08993055625 0.8035910093749999 0.089418859375 0.810608553125 0.1009685671875 0.8135142546875 0.1016630109375 0.8059758765625 0.08993055625 0.8035910093749999
0 0.22991593593749998 0.8833333328125 0.22881944375000002 0.876864034375 0.2193347953125 0.8797423249999999 0.2202485375 0.8861293859374999 0.22991593593749998 0.8833333328125
0 0.2267543859375 0.8962993421875 0.22584064375000001 0.902768640625 0.2368421046875 0.9060307015625 0.23775584843750003 0.899616228125 0.2267543859375 0.8962993421875
0 0.23347953281249997 0.891803728125 0.2322916671875 0.8852796046875 0.22278874218750003 0.8884320171875 0.22392178437500002 0.8946271937500001 0.23347953281249997 0.891803728125
0 0.2877558484375 0.7827302625 0.2896016078125 0.77724780625 0.2797880109375 0.7705592109375 0.2780153515625 0.77576754375 0.2877558484375 0.7827302625
1 0.9631761703124999 0.923382675 0.9614217843749999 0.93050986875 0.9745065796875 0.937171053125 0.976151315625 0.9297971484374999 0.9631761703124999 0.923382675
0 0.9595394734375 0.9337993421874999 0.9574926906250001 0.9389802625 0.96641081875 0.94599780625 0.9684941515625001 0.940981359375 0.9595394734375 0.9337993421874999
0 0.9509137421875 0.9903508765625 0.9518274859375 0.9853344296875 0.9442982453125 0.9824287281249999 0.9434027781250001 0.9876918859374999 0.9509137421875 0.9903508765625
0 0.9472587718750001 0.9717927625 0.9457054093749999 0.9774671046875 0.9541118421875 0.98204495625 0.9556469296874999 0.9764528515625001 0.9472587718750001 0.9717927625
0 0.956597221875 0.9624725875 0.9580957609375 0.9565789468749999 0.9487024859375 0.9521107453125 0.9472770468749999 0.95852521875 0.956597221875 0.9624725875
0 0.9276133046874999 0.94764254375 0.92889254375 0.9417763156250001 0.9187865499999999 0.9374177625 0.917525584375 0.9436677625 0.9276133046874999 0.94764254375
0 0.0970394734375 0.8349232453125 0.1025036546875 0.8359375 0.103508771875 0.821875 0.098008040625 0.82116228125 0.0970394734375 0.8349232453125
0 0.9657163750000001 0.6815515343749999 0.962554825 0.685882675 0.9697916671875 0.695778509375 0.9728983921875001 0.6911458328125 0.9657163750000001 0.6815515343749999
0 0.4481542390625 0.40863486875 0.4493969296875 0.4015899125 0.43751827499999996 0.39756030625 0.436293859375 0.40438596562500007 0.4481542390625 0.40863486875
0 0.4524853796875 0.39766995625 0.45363669531250006 0.3912006578125 0.44385964843750003 0.38796600937500003 0.44265350937500003 0.39457236875 0.4524853796875 0.39766995625
0 0.38174342031249997 0.3766447375 0.3826754390625 0.370367325 0.3721673984375 0.3674616234375 0.3713267546875 0.373876096875 0.38174342031249997 0.3766447375
0 0.3010051171875 0.356633771875 0.3015899125 0.3490405703125 0.289418859375 0.3470942984375 0.2887975140625 0.3546052625 0.3010051171875 0.356633771875
0 0.2837536546875 0.35334429843750004 0.284356725 0.3466008765625 0.273062865625 0.34462719375 0.27260599375 0.35148026250000003 0.2837536546875 0.35334429843750004
0 0.2607456140625 0.35074013125 0.2610928359375 0.3432565796875 0.248830409375 0.3411732453125 0.2483552625 0.3489857453125 0.2607456140625 0.35074013125
0 0.21856725156249998 0.354248903125 0.2190423984375 0.347341009375 0.2060672515625 0.345367325 0.2057383046875 0.352658990625 0.21856725156249998 0.354248903125
1 0.619115496875 0.3658717109375 0.6188413749999999 0.37179276250000004 0.62496345 0.3718475875 0.6251461984375 0.36589912343750003 0.619115496875 0.3658717109375
0 0.23835891875 0.346929825 0.23899853750000002 0.3399671046875 0.22719298281250003 0.3380208328125 0.2266264625 0.344983553125 0.23835891875 0.346929825
0 0.3989400578125 0.38100328906250003 0.4000731 0.37417763125 0.3888523390625 0.37099780625 0.3877741234375 0.377741228125 0.3989400578125 0.38100328906250003
0 0.45546418125 0.35002741249999997 0.46372441562500005 0.35334429843750004 0.46493055625 0.34764254375000003 0.45705409374999995 0.344161184375 0.45546418125 0.35002741249999997
1 0.9234283624999999 0.9790844296874999 0.925 0.9720394734375001 0.90941155 0.9647478062499999 0.9078947375 0.9723958328125001 0.9234283624999999 0.9790844296874999
0 0.3392178359375 0.78829495625 0.3354349421875 0.7854989031249999 0.329989034375 0.8001918859374999 0.3338450296875 0.8030975874999999 0.3392178359375 0.78829495625
0 0.915606725 0.9962171046874999 0.9165570171875 0.9907620609375 0.9078947375 0.9872532890624999 0.9067434203125 0.99292763125 0.915606725 0.9962171046874999
0 0.91959064375 0.9876918859374999 0.920741959375 0.9816337718750001 0.9107456140625001 0.9779331140625 0.909685671875 0.9842105265625 0.91959064375 0.9876918859374999
1 0.47967836249999996 0.3303453953125 0.47549342031249997 0.32919407968750003 0.473044590625 0.345614034375 0.47722953281249997 0.3467653515625 0.47967836249999996 0.3303453953125
0 0.121418128125 0.51008771875 0.116703215625 0.51019736875 0.1171052625 0.5272203953125 0.12198464843750001 0.526946271875 0.121418128125 0.51008771875
0 0.11215277812499999 0.53988486875 0.1076571640625 0.53834978125 0.10413011718750001 0.55545504375 0.10899122812499999 0.5571546046875 0.11215277812499999 0.53988486875
0 0.11101973750000001 0.525438596875 0.11602704687500001 0.5259320171875 0.11734283593749999 0.5087719296875 0.11253655 0.5081962718749999 0.11101973750000001 0.525438596875
0 0.12275219374999999 0.5279331140625 0.12726608125 0.52724780625 0.1255482453125 0.509786184375 0.1213633046875 0.5107182015625 0.12275219374999999 0.5279331140625
0 0.365222953125 0.3721217109375 0.3657894734375 0.365186403125 0.353545321875 0.3625 0.352777778125 0.3696820171875 0.365222953125 0.3721217109375
0 0.12275219374999999 0.531716009375 0.1181652046875 0.5314144734374999 0.116831140625 0.5484375 0.12163742656250001 0.54917763125 0.12275219374999999 0.531716009375
0 0.112189328125 0.5191885968750001 0.1076388890625 0.5188322375000001 0.105884503125 0.536266446875 0.110599415625 0.5368695171875 0.112189328125 0.5191885968750001
0 0.117580409375 0.5319901312499999 0.112865496875 0.5315241234375 0.11107456093750001 0.5490953953125 0.1158260234375 0.5495888156250001 0.117580409375 0.5319901312499999
1 0.047203946875 0.384046053125 0.046929824999999994 0.39438048281250004 0.0924707609375 0.3969572375 0.092671784375 0.386266446875 0.047203946875 0.384046053125
1 0.44486476562500005 0.45847039531249995 0.44451754374999997 0.4640350875 0.45171783593750003 0.46491228125 0.4520650578125 0.45940241249999997 0.44486476562500005 0.45847039531249995
0 0.9436769 0.999945175 0.94929641875 1 0.9502558484374999 0.9967379390625 0.940606725 0.9924342109375001 0.939400584375 0.9979714906250001 0.9436769 0.999945175
0 0.569919590625 0.8294956140625 0.565186403125 0.8290570171875 0.5641995609375 0.8472861843749999 0.5689144734375 0.8476151312500001 0.569919590625 0.8294956140625
0 0.22903874218750003 0.9236567984375 0.229221490625 0.9166118421875 0.2172514625 0.916036184375 0.2170687140625 0.9229714906250001 0.22903874218750003 0.9236567984375
0 0.22388523437500002 0.9035910093749999 0.225456871875 0.8968475874999999 0.21326754375 0.891748903125 0.21198830468750002 0.8983004390625 0.22388523437500002 0.9035910093749999
1 0.31633771875 0.6166940796875 0.3170138890625 0.6087993421875 0.30115131562499997 0.6061951750000001 0.3005847953125 0.6141721484375 0.31633771875 0.6166940796875
1 0.32894736875 0.637883771875 0.33152412343750004 0.630866228125 0.3166849421875 0.619956140625 0.314400584375 0.6270559203125 0.32894736875 0.637883771875
1 0.3166301171875 0.659841009375 0.32200292343750003 0.6569353062500001 0.3170504390625 0.63821271875 0.3118421046875 0.641091009375 0.3166301171875 0.659841009375
1 0.35341739843750003 0.57118969375 0.34919590624999997 0.5661732453125 0.33832236875 0.586376096875 0.342489034375 0.59144736875 0.35341739843750003 0.57118969375
1 0.34610745625 0.5662280703125 0.34139254375 0.5617598687500001 0.3322368421875 0.5828399125 0.3369883046875 0.587088815625 0.34610745625 0.5662280703125
1 0.337152778125 0.5618146937499999 0.3322368421875 0.5585800437499999 0.3250731 0.58209978125 0.330080409375 0.585498903125 0.337152778125 0.5618146937499999
1 0.3288011703125 0.560992325 0.3244700296875 0.5567434203125 0.31529605312500003 0.5779057015625 0.31982821562499997 0.5825932015624999 0.3288011703125 0.560992325
0 0.28196271875 0.605071271875 0.281706871875 0.5989583328125 0.26948099375 0.599533990625 0.26977339218749996 0.6058114031249999 0.28196271875 0.605071271875
0 0 0.33974780625 0.002777778125 0.3396655703125 0.002704678125 0.3333059203125 0 0.3333607453125 0 0.33974780625
0 0.1118238296875 0.342543859375 0.11202485312499999 0.33612938593749997 0.1010233921875 0.3359375 0.1009137421875 0.3421875 0.1118238296875 0.342543859375
1 0 0.3283991234375 0.0077668125 0.328125 0.008022660937499999 0.3171600875 0 0.3170230265625 0 0.3283991234375
0 0.1900036546875 0.3369517546875 0.190296053125 0.3298793859375 0.178216375 0.3290844296875 0.1779605265625 0.3361842109375 0.1900036546875 0.3369517546875
0 0.537445175 0.8056743421875 0.5327668125 0.8055921046875 0.5327668125 0.820614034375 0.5373720765625001 0.8205592109375001 0.537445175 0.8056743421875
0 0.228508771875 0.9137883765625 0.2286732453125 0.9075657890625 0.21759868437500002 0.9072642546875 0.217562134375 0.9134046046875 0.228508771875 0.9137883765625
1 0.2088633046875 0.865213815625 0.21600877187499998 0.8656524125 0.21705043906250002 0.8382949562500001 0.20972222187499998 0.837856359375 0.2088633046875 0.865213815625
1 0.254239765625 0.351864034375 0.254294590625 0.3495065796875 0.25100511718749996 0.34931469375 0.25093201718749997 0.35164473749999997 0.254239765625 0.351864034375
1 0.272350146875 0.353426534375 0.2724049703125 0.3513432015625 0.268384503125 0.351123903125 0.26834795312500004 0.353179825 0.272350146875 0.353426534375
1 0.32101608125 0.3634868421875 0.3212536546875 0.360635965625 0.31633771875 0.3600054828125 0.31606359687499996 0.362883771875 0.32101608125 0.3634868421875
1 0.1884868421875 0.3498903515625 0.188742690625 0.3392817984375 0.1514802625 0.33626644687499996 0.151260965625 0.3470942984375 0.1884868421875 0.3498903515625
0 0.3004934203125 0.5844572375 0.30085891875000004 0.5779057015625 0.2896016078125 0.577001096875 0.2893457609375 0.58368969375 0.3004934203125 0.5844572375
0 0.9139254390625 1 0.9140350875 0.9993969296874999 0.9069809937500001 0.9974780703125001 0.9063231 1 0.9139254390625 1
0 0.1576023390625 0.334073465625 0.1576937140625 0.3267543859375 0.1452485375 0.32631578906250003 0.1451023390625 0.33349780625 0.1576023390625 0.334073465625
0 0.4290387421875 0.685553728125 0.42679093593750006 0.691721490625 0.43726242656250003 0.69931469375 0.43925438593750005 0.6928179828125 0.4290387421875 0.685553728125
0 0.4416301171875 0.7083881578125 0.4461988296875 0.7083059203125 0.4463450296875 0.6904879390625001 0.441758040625 0.6905153515625 0.4416301171875 0.7083881578125
0 0.24451754375 0.3596217109375 0.24495614062499999 0.352768640625 0.233899853125 0.3509868421875 0.23338815781250002 0.3576754390625 0.24451754375 0.3596217109375
0 0.1745065796875 0.334429825 0.174616228125 0.32804276250000003 0.1639437140625 0.3275219296875 0.1638340640625 0.3341008765625 0.1745065796875 0.334429825
0 0.028490496875 0.3287828953125 0.028453946875000004 0.321573465625 0.01801900625 0.3216831140625 0.018037281250000002 0.32889254375 0.028490496875 0.3287828953125
0 0.0229166671875 0.33980263125 0.0228801171875 0.3333333328125 0.0139254390625 0.33338815781250003 0.0139254390625 0.33974780625 0.0229166671875 0.33980263125
0 0.0786549703125 0.329385965625 0.0786732453125 0.3229166671875 0.06798245625 0.3228892546875 0.06792763125 0.32930372812500003 0.0786549703125 0.329385965625
0 0.08040935625 0.341063596875 0.08055555625000001 0.33355263125 0.068768275 0.3333059203125 0.06875 0.340679825 0.08040935625 0.341063596875
0 0.0518457609375 0.34021381562499997 0.051991959374999994 0.33360745625 0.042543859375 0.33349780625 0.042489034375 0.3399671046875 0.0518457609375 0.34021381562499997
0 0.0974963453125 0.329632675 0.09769736875 0.3224780703125 0.08570906406249999 0.321875 0.08561769062499999 0.32905701718749997 0.0974963453125 0.329632675
0 0.14173976562499999 0.332510965625 0.141867690625 0.32598684218749996 0.1307383046875 0.3254934203125 0.1306652046875 0.33193530625 0.14173976562499999 0.332510965625
0 0.23218201718749998 0.3561403515625 0.23254751406250002 0.3498355265625 0.22278874218750003 0.3486567984375 0.2224963453125 0.3548245609375 0.23218201718749998 0.3561403515625
1 0.3514437140625 0.3658717109375 0.3521016078125 0.3607456140625 0.34546783593749997 0.358963815625 0.34475511718749996 0.3640350875 0.3514437140625 0.3658717109375
1 0.2263340640625 0.299698465625 0.23198099375 0.2978618421875 0.228472221875 0.273053728125 0.223135965625 0.274588815625 0.2263340640625 0.299698465625
0 0.037097953125 0.3396381578125 0.037097953125 0.332483553125 0.0267178359375 0.332456140625 0.026644737499999998 0.33947368437500003 0.037097953125 0.3396381578125
0 0.0526315796875 0.3296052625 0.052576754687500005 0.32286184218749997 0.041100146875 0.3229166671875 0.0411184203125 0.3294956140625 0.0526315796875 0.3296052625
0 0.06648391875000001 0.340981359375 0.06641081875 0.334320175 0.0568713453125 0.33448464843750003 0.0569078953125 0.340981359375 0.06648391875000001 0.340981359375
0 0.1198099421875 0.330838815625 0.1198099421875 0.3240953953125 0.10831505781249999 0.32415021875 0.10831505781249999 0.330866228125 0.1198099421875 0.330838815625
0 0.20405701718749997 0.3521381578125 0.20414839218749997 0.344956140625 0.192525584375 0.34468201718749997 0.192580409375 0.351918859375 0.20405701718749997 0.3521381578125
0 0.370778509375 0.3856633765625 0.37143640312500004 0.3790296046875 0.3588267546875 0.37593201718749997 0.358114034375 0.3825932015625 0.370778509375 0.3856633765625
1 0.10012792343750002 0.3404057015625 0.1001096484375 0.335553728125 0.09338450312499999 0.335498903125 0.09338450312499999 0.34035087656249996 0.10012792343750002 0.3404057015625
1 0.06412646250000001 0.326151315625 0.0641812859375 0.3209703953125 0.057017543749999997 0.32108004375 0.05705409375 0.32617872812500004 0.06412646250000001 0.326151315625
0 0.1844481 0.9 0.189382309375 0.9001370609375 0.189473684375 0.8865953953125001 0.18461257343749998 0.8864857453124999 0.1844481 0.9
1 0.1984429828125 0.3065433109375 0.1984429828125 0.3038294953125 0.1947624265625 0.3038322375 0.1947624265625 0.306573465625 0.1984429828125 0.3065433109375
1 0.22618786562499998 0.32371162343750004 0.22618786562499998 0.32099780624999996 0.222507309375 0.32099780624999996 0.222507309375 0.323739034375 0.22618786562499998 0.32371162343750004
1 0.1439144734375 0.3454495609375 0.1439692984375 0.33500548281250003 0.11860380156250001 0.334073465625 0.118384503125 0.34457236875 0.1439144734375 0.3454495609375
1 0.27030336250000003 0.3493695171875 0.2703216375 0.3444078953125 0.263596490625 0.34427083281250004 0.263596490625 0.34925986875000004 0.27030336250000003 0.3493695171875
1 0.04150219375 0.3783717109375 0.041630117187499996 0.381688596875 0.0463633046875 0.38152412343750003 0.046290204687499996 0.37820723749999996 0.04150219375 0.3783717109375
1 0.69108004375 0.46089638125 0.6908607453125 0.4633634875 0.6956304828125 0.4643503296875 0.69584978125 0.46180098750000004 0.69108004375 0.46089638125
1 0.1194078953125 0.286321271875 0.1192616953125 0.2891995609375 0.12487207656249999 0.2896655703125 0.12503655 0.2868695171875 0.1194078953125 0.286321271875
1 0.47595029218749996 0.374643640625 0.47582236875 0.37738486875 0.48121345 0.3779331140625 0.48126827499999997 0.3752192984375 0.47595029218749996 0.374643640625
1 0.659740496875 0.4438322375 0.6595211984375 0.4462993421875 0.6642909359375 0.44728618437499995 0.664510234375 0.4447368421875 0.659740496875 0.4438322375
1 0.9279605265624999 0.5654057015625 0.9276133046874999 0.56792763125 0.9321966375 0.569276315625 0.9323720765625 0.5669407890625 0.9279605265624999 0.5654057015625
1 0.9276900578125 0.557171053125 0.9279239765625 0.5548245609375 0.9232456140625 0.553426534375 0.922953215625 0.5557565796875 0.9276900578125 0.557171053125
1 0.9175274124999999 0.555907346875 0.9177613296875 0.5535608546875 0.9130829671875 0.5521628296875 0.9127905703125 0.5544928734375 0.9175274124999999 0.555907346875
1 0.9162646203125 0.571735196875 0.9164985375000001 0.56938870625 0.9118201750000001 0.5679906796874999 0.9115277781250001 0.5703207234375001 0.9162646203125 0.571735196875
1 0.906633771875 0.5704221484375 0.906670321875 0.5681743421875 0.9020833328125001 0.5682565796875 0.9021198828125 0.5705866234375 0.906633771875 0.5704221484375
1 0.8161275578125 0.6479742328125 0.8161275578125 0.6450794953125001 0.8108424703124999 0.644684759375 0.8108644 0.6475466015625 0.8161275578125 0.6479742328125
1 0.9807090640625 0.6826918859375 0.9811220765625001 0.6795230265625001 0.975367325 0.6772916671875 0.974908625 0.6804276312499999 0.9807090640625 0.6826918859375
0 0.220796784375 0.271436403125 0.21606359687499999 0.2716008765625 0.2161549703125 0.29013157968750003 0.22105263125 0.2901041671875 0.220796784375 0.271436403125
0 0.2087353796875 0.340679825 0.20900950312500002 0.3334703953125 0.1974963453125 0.3322642546875 0.1970211984375 0.33933662343750004 0.2087353796875 0.340679825