0 0 0.46329495625000006 0.0058735375 0.46670504375000005 0.0076023390625000005 0.4608278515625 0 0.456633771875 0 0.46329495625000006
0 0.9389254390625 0.022341009375000002 0.9423611109375001 0.0202028515625 0.9388523390625 0.007373903125 0.9354203218749999 0.00927905625 0.9389254390625 0.022341009375000002
0 0.9481542390625 0.096436403125 0.950456871875 0.10046600937500001 0.9578581875 0.09059758749999999 0.9556652046874999 0.0868695171875 0.9481542390625 0.096436403125
0 0.7802814328125 0.1052905703125 0.777777778125 0.1119791671875 0.7849597953125 0.1177357453125 0.78746345 0.11071820156250001 0.7802814328125 0.1052905703125
0 0.8546235375 0.1287828953125 0.8525950296874999 0.12168311406250001 0.839437134375 0.129358553125 0.84150219375 0.13673245625 0.8546235375 0.1287828953125
0 0.702046784375 0.027028509375 0.7061220765625 0.0232456140625 0.699597953125 0.009073465625 0.6956140343749999 0.0125 0.702046784375 0.027028509375
0 0.7258223687500001 0.124533990625 0.73040935625 0.1251918859375 0.7315241234375 0.109703946875 0.7272478062500001 0.10899122812499999 0.7258223687500001 0.124533990625
0 0.6069809937499999 0.01795504375 0.6110562859375 0.020778509375 0.615168128125 0.00860745625 0.6113961984375 0.006173245312500001 0.6069809937499999 0.01795504375
1 0.6052448828125 0.0376096484375 0.599671053125 0.034676534375 0.5920138890625 0.0650493421875 0.598008040625 0.0680921046875 0.6052448828125 0.0376096484375
0 0.6117324562500001 0.087938596875 0.613669590625 0.081661184375 0.603453946875 0.074945175 0.6012975140625 0.08116776249999999 0.6117324562500001 0.087938596875
0 0.5083534359375 0 0.5078947375 0.00400219375 0.512043128125 0.0049067984375 0.5126461984375 0 0.5083534359375 0
0 0.25721856718749997 0.073081140625 0.25720029218749996 0.06617324531249999 0.245614034375 0.0662280703125 0.2455774859375 0.0731907890625 0.25721856718749997 0.073081140625
0 0.2302631578125 0.0506578953125 0.2342470765625 0.050849781250000003 0.23455774843750002 0.037308114062499995 0.23075657968750002 0.037308114062499995 0.2302631578125 0.0506578953125
0 0.2744152046875 0.1254934203125 0.27883771875 0.12642543906249998 0.28040935624999996 0.11334978124999999 0.276169590625 0.11241776249999999 0.2744152046875 0.1254934203125
0 0.3285014625 0.12617324531250002 0.3244152046875 0.124698465625 0.3216191515625 0.13741776249999998 0.325847953125 0.13916666718749998 0.3285014625 0.12617324531250002
0 0.3325840640625 0.12757675468750002 0.329385965625 0.1263706140625 0.3267543859375 0.1391447375 0.330153509375 0.1404331140625 0.3325840640625 0.12757675468750002
1 0.14387426875 0.071206140625 0.14407163750000002 0.06620614062499999 0.137668128125 0.065778509375 0.137492690625 0.070811403125 0.14387426875 0.071206140625
0 0.12174707656249999 0.079989034375 0.1216191515625 0.0848958328125 0.13019005781249998 0.0852796046875 0.1302448828125 0.08045504375 0.12174707656249999 0.079989034375
1 0.1162097953125 0.080811403125 0.110544590625 0.079358553125 0.10889985312499999 0.0907346484375 0.11476608125000001 0.0923519734375 0.1162097953125 0.080811403125
1 0.0842470765625 0.08645833281250001 0.0846491234375 0.08231907968749999 0.078435671875 0.0811129390625 0.078033625 0.08519736875 0.0842470765625 0.08645833281250001
0 0.09055189999999999 0.0747258765625 0.08982090625 0.0801809203125 0.09769736875 0.08212719375000001 0.0983918125 0.0766721484375 0.09055189999999999 0.0747258765625
0 0.080025584375 0.071546053125 0.0794042390625 0.078125 0.08887061406249999 0.07979714843749999 0.08945540937499999 0.07324561406249999 0.080025584375 0.071546053125
0 0.026242690625 0.026123903124999997 0.028563596875000003 0.0217379390625 0.0221491234375 0.014336623437500001 0.019755117187499997 0.0185855265625 0.026242690625 0.026123903124999997
0 0.041027046875 0.04133771875 0.042598684375 0.036239034375 0.034320175 0.03045504375 0.032510965625 0.035471490625000004 0.041027046875 0.04133771875
0 0.046290204687499996 0.035882675 0.04460891875 0.040268640625000005 0.051973684374999995 0.046052631249999997 0.053581871875 0.04150219375 0.046290204687499996 0.035882675
0 0.0578947375 0.047066885937500004 0.0563779234375 0.052686403125 0.06533260156250001 0.057456140625 0.066758040625 0.051672148437499996 0.0578947375 0.047066885937500004
0 0.0295504390625 0.0536458328125 0.0317616953125 0.048821271875 0.023556285937499997 0.04131030625 0.0212353796875 0.046052631249999997 0.0295504390625 0.0536458328125
0 0.0446637421875 0.0568530703125 0.0422697375 0.06211622812499999 0.0500731 0.0690241234375 0.0524671046875 0.0635416671875 0.0446637421875 0.0568530703125
0 0.0528508765625 0.06334978125 0.0509502921875 0.06899671093750001 0.0587902046875 0.0735471484375 0.060380117187500006 0.06779057031249999 0.0528508765625 0.06334978125
0 0.2634502921875 0.187061403125 0.260453215625 0.1869517546875 0.2600328953125 0.198135965625 0.2631030703125 0.1982730265625 0.2634502921875 0.187061403125
0 0.26264619843750003 0.2009046046875 0.2587719296875 0.2006304828125 0.258260234375 0.2140625 0.2622807015625 0.2143092109375 0.26264619843750003 0.2009046046875
0 0.2619883046875 0.215268640625 0.25714546718750003 0.21513157968750002 0.2567616953125 0.22785087656249997 0.26167763125 0.22807017499999999 0.2619883046875 0.215268640625
0 0.287408625 0.2333059203125 0.283114034375 0.232401315625 0.281560671875 0.2467927625 0.2858918125 0.24758771875000002 0.287408625 0.2333059203125
1 0.07385233906250001 0.027357456250000002 0.0761549703125 0.0283442984375 0.077777778125 0.0214692984375 0.07562865468749999 0.0205153515625 0.07385233906250001 0.027357456250000002
0 0 0.24295504375000002 0.0074926906249999994 0.24602521875 0.0086988296875 0.23983004375 0 0.2361293859375 0 0.24295504375000002
0 0.017013889062500002 0.24972587656249998 0.01792763125 0.24454495625 0.00851608125 0.24087171093749998 0.007437865625 0.24613486875 0.017013889062500002 0.24972587656249998
0 0.052777778124999994 0.2857182015625 0.0502375734375 0.29084429843750004 0.05857090625 0.3005482453125 0.06122076093749999 0.2952302625 0.052777778124999994 0.2857182015625
0 0.0087902046875 0.31483004375 0.0053179828125 0.31332236875 0.0034722218749999997 0.321929825 0.007035818750000001 0.3234100875 0.0087902046875 0.31483004375
0 0.006560671875 0.32955043906250003 0.0071454671875 0.3250274125 0.000018275 0.3231633765625 0 0.32804276250000003 0.006560671875 0.32955043906250003
0 0.0830226609375 0.2669407890625 0.08289473750000001 0.2739309203125 0.0928417390625 0.2738596484375 0.09295504375 0.2669572375 0.0830226609375 0.2669407890625
0 0.15712719375 0.25652412343750003 0.1571454671875 0.2634594296875 0.1657529234375 0.2631304828125 0.165643275 0.25627741249999997 0.15712719375 0.25652412343750003
0 0.23042763125 0.267543859375 0.2306103796875 0.26156798281250004 0.21851242656249997 0.2606633765625 0.21834795312500002 0.26669407968750003 0.23042763125 0.267543859375
0 0.13362573125 0.44923245625 0.1291666671875 0.44912280625 0.128527046875 0.46713267500000005 0.13318713437500002 0.4672697375 0.13362573125 0.44923245625
0 0.2008369890625 0.3124095390625 0.2048428359375 0.30966831093749997 0.20009137500000002 0.293804825 0.19618055625 0.2962719296875 0.2008369890625 0.3124095390625
0 0.24599780624999998 0.3033717109375 0.2505665203125 0.3049342109375 0.253125 0.2888432015625 0.248739034375 0.287445175 0.24599780624999998 0.3033717109375
0 0.3048976609375 0.287033990625 0.30027412343750004 0.28525219375 0.2970065796875 0.3017461625 0.3017178359375 0.30361842031249997 0.3048976609375 0.287033990625
0 0.2900036546875 0.36959978125 0.285659721875 0.37044407968750004 0.28702485312500003 0.3876918859375 0.29159356718749996 0.38678728125 0.2900036546875 0.36959978125
0 0.35480628593749997 0.239364034375 0.359356725 0.24147478125 0.3619883046875 0.2274671046875 0.357437865625 0.22568530625 0.35480628593749997 0.239364034375
0 0.35164473749999997 0.258168859375 0.3567616953125 0.259703946875 0.35857090625 0.24610745625 0.3536915203125 0.24446271875 0.35164473749999997 0.258168859375
0 0.22715643281250003 0.47132675468749996 0.2266630109375 0.47801535156249997 0.23680555625 0.47963267500000006 0.23718932812500002 0.473026315625 0.22715643281250003 0.47132675468749996
0 0.3612024859375 0.27108004375 0.360599415625 0.2776315796875 0.370796784375 0.2794133765625 0.37118055625 0.2728892546875 0.3612024859375 0.27108004375
0 0.32889254375 0.46639254374999994 0.32481725156249996 0.4647203953125 0.3221125734375 0.4771381578125 0.3262975140625 0.47897478125 0.32889254375 0.46639254374999994
0 0.3505482453125 0.48580043906250003 0.35137061406250003 0.47889254374999995 0.3404057015625 0.4756304828125 0.339382309375 0.48256578906250003 0.3505482453125 0.48580043906250003
0 0.35849780625 0.48972039531249995 0.3573099421875 0.4959703953125 0.3669225140625 0.499945175 0.3680738296875 0.49361293906250003 0.35849780625 0.48972039531249995
0 0.3716374265625 0.35137061406250003 0.365769371875 0.3493119515625 0.362134503125 0.367598684375 0.3680738296875 0.369956140625 0.3716374265625 0.35137061406250003
0 0.4137975140625 0.3131578953125 0.4124269 0.3193530703125 0.421418128125 0.3232456140625 0.42253289531249993 0.316885965625 0.4137975140625 0.3131578953125
0 0.24612573124999998 0.096463815625 0.24919590625 0.10230263125000001 0.25789473749999997 0.09273574531249999 0.25467836250000003 0.0873629390625 0.24612573124999998 0.096463815625
0 0.5951388890625 0.25279605312500003 0.5935124265625 0.2599232453125 0.6033625734375 0.264501096875 0.6048976609375 0.257346490625 0.5951388890625 0.25279605312500003
0 0.6197368421875 0.3623903515625 0.61646564375 0.3583607453125 0.6100694437499999 0.369051534375 0.613596490625 0.3733278515625 0.6197368421875 0.3623903515625
0 0.699616228125 0.2150493421875 0.69610745625 0.21173245624999998 0.6897112578125 0.22552083281250002 0.6933698828125 0.228936403125 0.699616228125 0.2150493421875
0 0.739400584375 0.22332785156249998 0.73678728125 0.2182565796875 0.7284173984375 0.226617325 0.730847953125 0.23199013124999998 0.739400584375 0.22332785156249998
0 0.7255847953125001 0.2889528515625 0.7288011703125 0.2826480265625 0.7194261703125 0.2728070171875 0.7162097953125001 0.27889254375 0.7255847953125001 0.2889528515625
0 0.6538559937499999 0.4233552625 0.650365496875 0.41998355312499996 0.6451754390625 0.43111293906250003 0.6487755843749999 0.43495065781250003 0.6538559937499999 0.4233552625
0 0.593435671875 0.424528509375 0.5912828953125 0.429331140625 0.5993969296875 0.43684210468750007 0.6015168125 0.43215460468750005 0.593435671875 0.424528509375
0 0.60941155 0.4482182015625 0.61180555625 0.44317434218749996 0.6030153515625 0.4343475875 0.6005116953125 0.43963815781250004 0.60941155 0.4482182015625
0 0.6337171046875001 0.47261513125 0.636330409375 0.46713267500000005 0.6276315796875 0.4584155703125 0.624908625 0.4639528515625 0.6337171046875001 0.47261513125
0 0.6501644734375 0.48645833281249995 0.647203946875 0.4920230265625 0.6551681281249999 0.500751096875 0.6580592109375 0.495010965625 0.6501644734375 0.48645833281249995
0 0.566527778125 0.5193969296875001 0.5641630109375 0.524533990625 0.5721637421875 0.532258771875 0.574510234375 0.5271929828124999 0.566527778125 0.5193969296875001
0 0.5401315796875 0.6162828953124999 0.5427083328125 0.6109375 0.534064328125 0.6014802625 0.5313961984375 0.606688596875 0.5401315796875 0.6162828953124999
0 0.5470577484375 0.6447642546875 0.5430921046875 0.6415844296875 0.5373172515625 0.6571546046875001 0.5412463453125 0.6601699562500001 0.5470577484375 0.6447642546875
0 0.596783625 0.6761239031249999 0.5993421046875 0.6705317984375 0.5890350875 0.66011513125 0.586366959375 0.6657072375 0.596783625 0.6761239031249999
0 0.6139619890625 0.6734375 0.6101644734375 0.6690871703125 0.60226608125 0.683908990625 0.6061951750000001 0.6884046046875001 0.6139619890625 0.6734375
0 0.7561366953124999 0.691507675 0.7531907890625 0.698141446875 0.7655062140625 0.7098245609375 0.7681377921875 0.703114034375 0.7561366953124999 0.691507675
0 0.76321271875 0.865186403125 0.766867690625 0.8604714906250001 0.7581505843749999 0.8469024125000001 0.7546418125 0.8515899125 0.76321271875 0.865186403125
0 0.9015168125 0.9882017546874999 0.8998428359374999 0.9805263156249999 0.8888852343750001 0.9856441890625 0.8905519 0.993366228125 0.9015168125 0.9882017546874999
1 0.8794773390625 0.7306469296875 0.8772313593750001 0.7401809203124999 0.8990497078124999 0.7510690796875 0.9011695906250001 0.7414473687500001 0.8794773390625 0.7306469296875
0 0.773026315625 0.41954495625000005 0.7770833328125 0.422341009375 0.7805738296875 0.4110471484375 0.7765899125 0.40858004374999995 0.773026315625 0.41954495625000005
0 0.8470211984375 0.2708059203125 0.8506030703125 0.27472587656249997 0.856670321875 0.26173245624999997 0.8530336249999999 0.258114034375 0.8470211984375 0.2708059203125
0 0.8407529234375 0.28349780625 0.8443530703125001 0.28747258750000004 0.85073099375 0.27497258750000003 0.8473684203125 0.2712719296875 0.8407529234375 0.28349780625
0 0.939400584375 0.3333333328125 0.9390168125 0.33985745624999997 0.9493421046874999 0.340926534375 0.9496162281249999 0.3345942984375 0.939400584375 0.3333333328125
0 0.9447002921875001 0.3203125 0.9429312859375001 0.3270942984375 0.9515058484375001 0.33216008750000003 0.953179825 0.3255482453125 0.9447002921875001 0.3203125
0 0.9458881578125 0.310608553125 0.9434904968750001 0.3164830046875 0.9521198828124999 0.3236293859375 0.954258040625 0.31756853125 0.9458881578125 0.310608553125
1 0.22161915156249998 0.166858553125 0.217989765625 0.1665953953125 0.21770650625000001 0.174174890625 0.22139985312500002 0.1745531796875 0.22161915156249998 0.166858553125
0 0.5315588453125 0.25532346562499997 0.535716375 0.2572971484375 0.5388340640625 0.2446546046875 0.5347423250000001 0.24273300468749998 0.5315588453125 0.25532346562499997
1 0.9821820171875 0.430016446875 0.9953399125000001 0.47387609687500004 0.999945175 0.471491228125 1 0.45437225937500003 0.9911184203125 0.4250822375 0.9821820171875 0.430016446875
0 0.7251370609375 0.7552192984375 0.721399853125 0.751389803125 0.714418859375 0.7659539468750001 0.718426534375 0.7701809203125001 0.7251370609375 0.7552192984375
1 0.730232090625 0.8794901312500001 0.73329495625 0.8733333328124999 0.7199049703125 0.85883771875 0.7167799703125 0.8651370609375 0.730232090625 0.8794901312500001
1 0.6993786546874999 0.85150219375 0.7010014625000001 0.848936403125 0.6970942984375 0.84375 0.6953947375 0.8463267546875001 0.6993786546874999 0.85150219375
1 0.6424524859375 0.7903782890625 0.6438048249999999 0.7884320171875 0.6402960531249999 0.7833607453125 0.6388706140625 0.7854166671875 0.6424524859375 0.7903782890625
1 0.6783260234374999 0.8270285093749999 0.681304825 0.8200383765625 0.6681469296875 0.8066337718750001 0.6649049703125 0.8134758765625 0.6783260234374999 0.8270285093749999
1 0.6423062859375 0.739364034375 0.640606725 0.740158990625 0.6424524859375 0.7471217109375 0.644097221875 0.7462993421874999 0.6423062859375 0.739364034375
0 0.58523391875 0.86923245625 0.5812646203125 0.8655153515625 0.5746198828125 0.880811403125 0.5786549703125 0.8845394734375001 0.58523391875 0.86923245625
0 0.528453946875 0.8479989031249999 0.525365496875 0.8545230265624999 0.5366045328125 0.8661184203125 0.5396564328125 0.859703946875 0.528453946875 0.8479989031249999
1 0.3621381578125 0.85883771875 0.36961074531250004 0.86191611875 0.374901315625 0.833733553125 0.3677631578125 0.8309484656249999 0.3621381578125 0.85883771875
1 0.3825657890625 0.7858278515625 0.376900584375 0.783251096875 0.3708954671875 0.810570175 0.3764437140625 0.8131578953125 0.3825657890625 0.7858278515625
0 0.4096491234375 0.82256030625 0.41169590625 0.8161732453124999 0.400018275 0.8083059203125 0.398026315625 0.814473684375 0.4096491234375 0.82256030625
0 0.4203088453125 0.770594846875 0.421491228125 0.764528509375 0.41209064375000004 0.7606716015625 0.41095394687500003 0.7666255484375 0.4203088453125 0.770594846875
0 0.4298976609375 0.7564418859375001 0.4349415203125 0.7530153515625 0.42859831875000004 0.73538103125 0.423857821875 0.73900219375 0.4298976609375 0.7564418859375001
0 0.3774853796875 0.774698465625 0.381725146875 0.776864034375 0.3852704671875 0.7627192984375 0.380921053125 0.7607182015625 0.3774853796875 0.774698465625
0 0.37839912343750004 0.7542489031249999 0.3796600875 0.7477796046875 0.36787280624999996 0.74298245625 0.36666666718749996 0.7493421046875001 0.37839912343750004 0.7542489031249999
0 0.3536915203125 0.71951754375 0.351991959375 0.72571271875 0.363669590625 0.7319078953125 0.36524122812500004 0.7256030703125 0.3536915203125 0.71951754375
1 0.36674159375 0.687483553125 0.359883040625 0.6845833328125 0.354804459375 0.7105619515625 0.36197002968750003 0.7134594296875 0.36674159375 0.687483553125
1 0.373848684375 0.69300986875 0.368274853125 0.689391446875 0.36371710468749996 0.7050082234375 0.36926900625000003 0.7086403515625 0.373848684375 0.69300986875
0 0.48321637500000003 0.6315871703125 0.485617690625 0.6260690796875 0.47545687187499996 0.6165570171875 0.47295321562500003 0.6219846484375 0.48321637500000003 0.6315871703125
0 0.43157894687500004 0.5932565796875 0.42934941562500006 0.5990405703125 0.440149853125 0.6080592109375 0.44236111093749997 0.6020559203125 0.43157894687500004 0.5932565796875
0 0.4411111109375 0.554331140625 0.4367909359375 0.5510745609375001 0.4312207609375 0.564956140625 0.435617690625 0.5685855265625 0.4411111109375 0.554331140625
0 0.3837353796875 0.6170504390625 0.388578215625 0.619928728125 0.393311403125 0.601151315625 0.388596490625 0.598766446875 0.3837353796875 0.6170504390625
0 0.376114765625 0.61332236875 0.3806834796875 0.6162280703125 0.38583150625 0.59774396875 0.38128655 0.5951480265625 0.376114765625 0.61332236875
0 0.3962353796875 0.5720668859375 0.3946637421875 0.5786732453125001 0.40628655 0.5845942984375 0.4077485375 0.577768640625 0.3962353796875 0.5720668859375
0 0.41412646249999996 0.5782346484375 0.41584429843750004 0.5719572375 0.40400219374999996 0.5651041671875 0.40237573125 0.57113486875 0.41412646249999996 0.5782346484375
0 0.42065058437499997 0.552028509375 0.41653143281249994 0.54912280625 0.4108369890625 0.5642543859375 0.41516812812500004 0.56754111875 0.42065058437499997 0.552028509375
1 0.4600146203125 0.6186677625 0.4587719296875 0.6210800437499999 0.462975146875 0.625466009375 0.4641447375 0.623081140625 0.4600146203125 0.6186677625
1 0.448008040625 0.6130208328125 0.44700840625 0.6158305921875 0.45204678437499995 0.619216009375 0.45299707656250005 0.61641995625 0.448008040625 0.6130208328125
1 0.46553362500000006 0.6180921046875001 0.46798245625 0.61474780625 0.46312134531250004 0.60696271875 0.46059941562500006 0.6104166671875 0.46553362500000006 0.6180921046875001
0 0.369883040625 0.5567982453125 0.3681103796875 0.56444353125 0.381427265625 0.571507675 0.383187134375 0.5638157890625 0.369883040625 0.5567982453125
1 0.3889985375 0.5842927625 0.38848684218749996 0.5870065796875 0.39360380156249997 0.588760965625 0.3940423984375 0.5860471484375 0.3889985375 0.5842927625
0 0.41606359687500005 0.5455866234375 0.4122441515625 0.54150219375 0.40488304062499997 0.55587719375 0.408742690625 0.5598903515625 0.41606359687500005 0.5455866234375
0 0.4087719296875 0.5435032890625 0.40487938593750006 0.5401315796875 0.3987024859375 0.5543859656250001 0.4025767546875 0.5578673249999999 0.4087719296875 0.5435032890625
0 0.39764254375 0.5385142546874999 0.3936403515625 0.5345668859375 0.3861111109375 0.5506578953125 0.3903326015625 0.554632675 0.39764254375 0.5385142546874999
0 0.39137426875000003 0.5369517546875 0.387554825 0.5325657890625 0.3797880109375 0.5465460531249999 0.38368055624999997 0.551096490625 0.39137426875000003 0.5369517546875
1 0.362920321875 0.549616228125 0.36394371406250003 0.5446820171875 0.3574269 0.541507675 0.35629568749999996 0.5466008765625 0.362920321875 0.549616228125
0 0.32913011718749996 0.5250822375 0.330025584375 0.5189418859375 0.31706871406250003 0.5145559203125 0.3161184203125 0.520751096875 0.32913011718749996 0.5250822375
0 0.31655701718749996 0.534731359375 0.317562134375 0.5279605265625 0.30437865468749997 0.5236074562499999 0.303435671875 0.53025219375 0.31655701718749996 0.534731359375
0 0.33720760156249996 0.5889254390625001 0.34115497031249997 0.5896381578125001 0.34221491249999997 0.57741228125 0.33834064375 0.576617325 0.33720760156249996 0.5889254390625001
0 0.3244517546875 0.587171053125 0.32891081875 0.5890076750000001 0.33227339218749996 0.5717927625 0.32796052656249997 0.5701206140624999 0.3244517546875 0.587171053125
0 0.311421784375 0.5806195171875 0.315935671875 0.5833333328125 0.3205409359375 0.565926534375 0.3159173984375 0.56334978125 0.311421784375 0.5806195171875
0 0.262938596875 0.553453946875 0.2642361109375 0.5472587718749999 0.253143275 0.541803728125 0.25171783593749997 0.5478344296875 0.262938596875 0.553453946875
1 0.27733918125 0.5188322375000001 0.2779788015625 0.5158991234375 0.2728070171875 0.513706140625 0.272185671875 0.5166666671875 0.27733918125 0.5188322375000001
1 0.21154970781250002 0.5388706140624999 0.2126827484375 0.5371984656250001 0.2088084796875 0.5317982453125001 0.20758406406250002 0.53349780625 0.21154970781250002 0.5388706140624999
1 0.20383771875 0.53048245625 0.2040387421875 0.5280427624999999 0.1993238296875 0.526864034375 0.1990497078125 0.529248903125 0.20383771875 0.53048245625
0 0.1884685671875 0.5111293859375 0.18832236875 0.5189418859375 0.20054824531249998 0.5192434203125 0.20043859687499999 0.511403509375 0.1884685671875 0.5111293859375
0 0.14705409375 0.5423903515624999 0.147010234375 0.5498903515625 0.159795321875 0.5504824562499999 0.1598611109375 0.5427850875 0.14705409375 0.5423903515624999
1 0.1886842109375 0.455778509375 0.1849415203125 0.4557291671875 0.1846673984375 0.4654879390625 0.18858918125 0.46558388125 0.1886842109375 0.455778509375
1 0.18492324531249998 0.45463267500000004 0.1815241234375 0.453481359375 0.1799707609375 0.462856359375 0.18349780625 0.4640899125 0.18492324531249998 0.45463267500000004
0 0.2200840640625 0.6345394734375 0.21970029218749998 0.63991228125 0.230007309375 0.6415844296875 0.23029970781250003 0.636239034375 0.2200840640625 0.6345394734375
1 0.22638888906250001 0.6083059203125 0.2255665203125 0.61480263125 0.23808479531249999 0.6185581140624999 0.2388523390625 0.61170504375 0.22638888906250001 0.6083059203125
0 0.17571271875 0.5885690796875 0.176224415625 0.582428728125 0.1665935671875 0.5806469296875 0.16600877187500002 0.5868695171875 0.17571271875 0.5885690796875
0 0.1733735375 0.6233552625 0.1734100875 0.617626096875 0.1640350875 0.6172149124999999 0.1639583328125 0.62303728125 0.1733735375 0.6233552625
0 0.1453947375 0.7162554828125 0.15224780625 0.71491228125 0.150438596875 0.6919682015624999 0.1435855265625 0.6931469296875 0.1453947375 0.7162554828125
0 0.0998720765625 0.5844572375 0.1040570171875 0.5860471484375 0.1069261703125 0.5689692984375 0.10268640312499999 0.567571271875 0.0998720765625 0.5844572375
0 0.0942982453125 0.6218201750000001 0.0995065796875 0.6235745609375 0.1025402046875 0.603508771875 0.097203946875 0.6017817984375 0.0942982453125 0.6218201750000001
0 0.0978252921875 0.638536184375 0.102903875 0.639786184375 0.105098684375 0.621546053125 0.100062134375 0.6204605265625001 0.0978252921875 0.638536184375
0 0.021546053125 0.46820175468749997 0.0169590640625 0.46625548281249996 0.014035087500000001 0.47927631562500006 0.01875 0.4813870609375 0.021546053125 0.46820175468749997
0 0.0212536546875 0.4993969296875 0.0225146203125 0.4934758765625 0.012956871875000001 0.48911732499999994 0.0115314328125 0.49490131562500006 0.0212536546875 0.4993969296875
0 0.056341375000000006 0.5052905703125 0.056652046874999994 0.49915021875 0.046509503125000004 0.49764254374999994 0.04610745625 0.50383771875 0.056341375000000006 0.5052905703125
0 0.0603618421875 0.5422971484375 0.0654605265625 0.5412828953125 0.06412646250000001 0.5268092109375 0.05911915156250001 0.5278508765625001 0.0603618421875 0.5422971484375
0 0.07728435624999999 0.5572094296875 0.0756213453125 0.5511513156250001 0.0666301171875 0.556633771875 0.068293128125 0.562966009375 0.07728435624999999 0.5572094296875
1 0.06906067187500001 0.60855263125 0.065314328125 0.602768640625 0.055281432812499996 0.615570175 0.059064328124999996 0.6217379390625 0.06906067187500001 0.60855263125
0 0.0639857453125 0.638991228125 0.06474780625 0.6322916671875001 0.0559521203125 0.629841009375 0.055042032812499996 0.636546053125 0.0639857453125 0.638991228125
0 0.05003655 0.655016446875 0.054769737500000006 0.65548245625 0.055387426562499995 0.6398903515625001 0.05080409375 0.639429825 0.05003655 0.655016446875
0 0.027437865625000002 0.6162993421875 0.026527778125000002 0.62407620625 0.038011695312499996 0.6271381578125 0.0388505109375 0.619163925 0.027437865625000002 0.6162993421875
0 0.0269883046875 0.672510965625 0.026374268750000002 0.678070175 0.035168128124999996 0.6799780703125 0.03569444375 0.6744517546875 0.0269883046875 0.672510965625
1 0.0549524859375 0.6829495609375 0.0518092109375 0.6850328953125 0.054239765625000005 0.6927631578125 0.057364765625 0.6906798249999999 0.0549524859375 0.6829495609375
1 0.0474232453125 0.6946271937499999 0.0506030703125 0.6953947375 0.051626462500000005 0.6873629390625 0.0485745609375 0.68678728125 0.0474232453125 0.6946271937499999
0 0.0419225140625 0.69821271875 0.0466812859375 0.6992653515625 0.0484576015625 0.6827521937500001 0.043918128125 0.681831140625 0.0419225140625 0.69821271875
0 0.021578946874999998 0.74350603125 0.0259082609375 0.7452878296875001 0.027918493750000002 0.732557565625 0.023647660937500002 0.731063596875 0.021578946874999998 0.74350603125
1 0.02260599375 0.7995888156250001 0.0246235375 0.8003207234374999 0.025913742187499998 0.7930729171875 0.023894371875 0.792327303125 0.02260599375 0.7995888156250001
0 0 0.8227028515624999 0.0045138890625 0.8228618421875 0.0045321640625 0.8163925437499999 0 0.8162554828124999 0 0.819276315625 0 0.8227028515624999
0 0.0377192984375 0.8494517546875 0.039400584375 0.8439144734375 0.029331140625000002 0.8372532890625 0.027686403124999998 0.842598684375 0.0377192984375 0.8494517546875
0 0.0359649125 0.86006030625 0.037828946875000005 0.85389254375 0.028508771874999998 0.8479714906250001 0.026461989062500003 0.8540021937500001 0.0359649125 0.86006030625
0 0.0341557015625 0.8759320171875 0.03508771875 0.8698464906250001 0.02426900625 0.86633771875 0.0233369890625 0.872502740625 0.0341557015625 0.8759320171875
0 0.028600146875 0.8871710531250001 0.030975876562499997 0.8815789468749999 0.0229970765625 0.874331140625 0.02040935625 0.879758771875 0.028600146875 0.8871710531250001
0 0.058896198437500005 0.9505427624999999 0.053563596874999994 0.9521929828125 0.0561403515625 0.96951754375 0.061673976562499996 0.9675 0.058896198437500005 0.9505427624999999
0 0.0619700296875 0.9476973687499999 0.058333332812500006 0.9496984656249999 0.0618786546875 0.962088815625 0.065606725 0.959758771875 0.0619700296875 0.9476973687499999
0 0.069685671875 0.9386732453125 0.069919590625 0.9436677625 0.0776315796875 0.9427083328125001 0.077295321875 0.9378508765625 0.069685671875 0.9386732453125
0 0.1584064328125 0.94298245625 0.159466375 0.9357456140625 0.1479788015625 0.9314254390625001 0.1468421046875 0.939004934375 0.1584064328125 0.94298245625
0 0.1591739765625 0.9352796046874999 0.16085526249999998 0.9283991234375 0.1505317984375 0.9227055921874999 0.148739034375 0.9296875 0.1591739765625 0.9352796046874999
0 0.1481542390625 0.9294407890624999 0.1502741234375 0.922341009375 0.13888888906250002 0.914528509375 0.1365862578125 0.9217379390625 0.1481542390625 0.9294407890624999
0 0.15913742656250002 0.9254385968750001 0.1608004390625 0.9188048249999999 0.14868969375000002 0.9113377187499999 0.14676900625 0.91796875 0.15913742656250002 0.9254385968750001
0 0.1462719296875 0.9168037281249999 0.148135965625 0.9103344296874999 0.1357273390625 0.9027412281249999 0.133936403125 0.9091282890624999 0.1462719296875 0.9168037281249999
0 0.11229897656250001 0.8797423249999999 0.1106907890625 0.8861842109375001 0.1209795328125 0.8919956140625 0.12258771875 0.8852521937500001 0.11229897656250001 0.8797423249999999
0 0.1224488296875 0.8828508765624999 0.12425073125 0.8767269734375001 0.1135672515625 0.869331140625 0.11157163750000001 0.8755482453125 0.1224488296875 0.8828508765624999
1 0.0992434203125 0.7496929828125001 0.1061111109375 0.7516666671875 0.109294590625 0.7296408984375 0.1026370609375 0.727626096875 0.0992434203125 0.7496929828125001
0 0.1338084796875 0.77105263125 0.13824926875000002 0.7717379390625 0.1390168125 0.7600328953125 0.1346491234375 0.7594572375 0.1338084796875 0.77105263125
0 0 0.508936403125 0.0029422515625 0.5096491234375 0.003929093749999999 0.503453946875 0 0.501946271875 0 0.508936403125
0 0.0134320171875 0.64925986875 0.0036732453125 0.6469846484375 0.0029788015625000002 0.6530975875 0.012865496874999998 0.65540021875 0.0134320171875 0.64925986875
0 0.9079495609375 0.25866228125 0.9053728062499999 0.263623903125 0.913596490625 0.2723958328125 0.915990496875 0.26716008750000003 0.9079495609375 0.25866228125
0 0.5036732453125 0.020367325 0.5084247078125 0.0228070171875 0.51171418125 0.007401315625 0.507222221875 0.005211075 0.5036732453125 0.020367325
0 0.3580957609375 0.0135416671875 0.35849780625 0.007291667187500001 0.3470394734375 0.0057017546874999995 0.346527778125 0.012006579687500001 0.3580957609375 0.0135416671875
0 0.500650584375 0.12081140312500001 0.5018347953125 0.114561403125 0.490935671875 0.11011513125000001 0.4896016078125 0.11650219375 0.500650584375 0.12081140312500001
0 0.510581140625 0.15638706093750002 0.5064327484375 0.1541666671875 0.5022076015625 0.169956140625 0.5063304093750001 0.172554825 0.510581140625 0.15638706093750002
0 0.6358479531250001 0.4416995609375 0.6387792390625 0.4358278515625 0.6286769 0.42429824531250004 0.62574926875 0.4302631578125 0.6358479531250001 0.4416995609375
0 0.6201571640625 0.45701754375 0.6221491234375 0.45222039531249997 0.614267178125 0.445282346875 0.6120431281250001 0.45005482499999994 0.6201571640625 0.45701754375
0 0.685847953125 0.7665871703125 0.682953215625 0.7731798249999999 0.6916374265624999 0.780797696875 0.6942434203125 0.7741282890625001 0.685847953125 0.7665871703125
0 0.8885855265625 0.9892598687499999 0.8840826015625 0.9854714906250001 0.8786184203125 0.9999725875 0.8847331875 1 0.8885855265625 0.9892598687499999
0 0.844901315625 0.7700932015624999 0.8504568718750001 0.7728070171875 0.8539272656250001 0.7532456140625 0.84829495625 0.7509155703125 0.844901315625 0.7700932015624999
0 0.8759502921875001 0.29139254375 0.8787646203125 0.2962445171875 0.885508040625 0.2873903515625 0.8826023390625 0.28253837656249997 0.8759502921875001 0.29139254375
0 0.48737207656250003 0.0984375 0.483278509375 0.0966282890625 0.47967836249999996 0.11241776249999999 0.4842105265625 0.11417214843750001 0.48737207656250003 0.0984375
0 0.41019736875 0.7971491234375 0.40905884531250003 0.8050356359374999 0.4228252921875 0.8095394734375001 0.4239948828125 0.8016447375 0.41019736875 0.7971491234375
0 0.3981725140625 0.6490131578125 0.394133771875 0.6515625 0.3978618421875 0.664528509375 0.4016447375 0.6625 0.3981725140625 0.6490131578125
1 0.3419590640625 0.7468475875 0.339491959375 0.7580866234375 0.37183845 0.7728892546874999 0.37406798281250003 0.761239034375 0.3419590640625 0.7468475875
1 0.33396198906249996 0.7559429828125 0.331670321875 0.7666666671875 0.364400584375 0.780783990625 0.36635599375 0.7704769734375 0.33396198906249996 0.7559429828125
0 0.3962719296875 0.623492325 0.3998720765625 0.626233553125 0.404239765625 0.6146929828125 0.40071271875000003 0.6118969296875 0.3962719296875 0.623492325
0 0.3998355265625 0.6036184203125 0.3947185671875 0.6006304828125 0.3892178359375 0.619928728125 0.39459064375 0.622998903125 0.3998355265625 0.6036184203125
0 0.172350146875 0.49358552656250004 0.17841739843749999 0.49295504375 0.17828947343749998 0.473766446875 0.17258040937500002 0.47359100937500004 0.172350146875 0.49358552656250004
0 0.0037646203125 0.5282894734375 0.007949560937499999 0.528125 0.0078216375 0.511929825 0.0036988296875 0.511929825 0.0037646203125 0.5282894734375
0 0.0588267546875 0.4818530703125 0.0557383046875 0.476946271875 0.047085160937499995 0.4876069078125 0.050177265625 0.4931332234375 0.0588267546875 0.4818530703125
0 0.0435489765625 0.46981907968750003 0.047258771875 0.4702302625 0.04775219375 0.45699013125 0.044225146874999996 0.456661184375 0.0435489765625 0.46981907968750003
0 0.0678545328125 0.51334978125 0.0674524859375 0.520614034375 0.0796600875 0.5217379390625 0.079989034375 0.5146107453125001 0.0678545328125 0.51334978125
0 0.0677997078125 0.565625 0.065168128125 0.5696271937499999 0.0712902046875 0.5783717109375 0.0739948828125 0.573903509375 0.0677997078125 0.565625
0 0.068695175 0.598766446875 0.0662828953125 0.5942434203125 0.0593000734375 0.6017653515625 0.06164108124999999 0.6064418859375 0.068695175 0.598766446875
1 0.16730628593750002 0.92102521875 0.1703399125 0.9080866234375 0.1333863296875 0.8866173249999999 0.1302083328125 0.8990953953125 0.16730628593750002 0.92102521875