0 0.6816136703125 1 0.6810489765625001 0.9967379390625 0.6692068718749999 1 0.6816136703125 1
0 0 0.8572094296874999 0.006231725 0.8471491234374999 0.0013523390625 0.8402960531250001 0 0.842132675 0 0.8572094296874999
0 0.0576754390625 0.9055455046875001 0.0631030703125 0.8958059203125 0.0483004390625 0.8776315796875 0.043019006250000005 0.8873711625 0.0576754390625 0.9055455046875001
0 0.053092104687499996 0.9172341015625 0.0583187140625 0.9078865125 0.043260234375 0.8896025218749999 0.038435671875 0.8990597593749999 0.053092104687499996 0.9172341015625
0 0.048506943749999996 0.9295120609374999 0.053733553125 0.9201644734375 0.0386750734375 0.9018804828125001 0.0338505109375 0.9113377187499999 0.048506943749999996 0.9295120609374999
0 0.1224597953125 0.7139528515625 0.11703216406250001 0.707428728125 0.10794956093750001 0.7262883765625 0.11326754375 0.7325932015625 0.1224597953125 0.7139528515625
1 0.23254751406250002 0.592626096875 0.22761330468750002 0.593804825 0.22891081875000002 0.6032894734375 0.23364400624999998 0.6022478062500001 0.23254751406250002 0.592626096875
1 0.2056286546875 0.5271929828124999 0.20884502968750002 0.5312225875000001 0.21323099375000001 0.5218475875 0.209831871875 0.5184758765625 0.2056286546875 0.5271929828124999
1 0.1920394734375 0.49096765312499996 0.1956213453125 0.48655427656250005 0.19103435625 0.47923519687500005 0.1878179828125 0.48359375 0.1920394734375 0.49096765312499996
1 0.1890533625 0.4962171046875 0.19263523437500002 0.491803728125 0.1880482453125 0.4844846484375 0.184831871875 0.4888432015625 0.1890533625 0.4962171046875
0 0.9469371343749999 0.7263541671875 0.949908625 0.735112390625 0.9614163015624999 0.725926534375 0.9584795328125001 0.7176809203125 0.9469371343749999 0.7263541671875
0 0.1587902046875 0.45123355312499996 0.15765716406250002 0.4405153515625 0.14142909374999998 0.4436403515625 0.1422149125 0.454221490625 0.1587902046875 0.45123355312499996
0 0.234393275 0.41485745625000003 0.23201754375 0.40498903437499995 0.2181286546875 0.41167763125 0.219974415625 0.4212719296875 0.234393275 0.41485745625000003
0 0.303600146875 0.3779331140625 0.300475146875 0.3681469296875 0.28472222187499996 0.3783717109375 0.287481725 0.38824013125 0.303600146875 0.3779331140625
0 0.427649853125 0.319216009375 0.4310307015625 0.32900219375 0.446564328125 0.3169407890625 0.4431103796875 0.307401315625 0.427649853125 0.319216009375
0 0.5751279234375 0.1947368421875 0.578545321875 0.2040296046875 0.5934941515625 0.191721490625 0.5900402046875 0.1827850875 0.5751279234375 0.1947368421875
0 0.5743238296875 0.16228070156250002 0.5703399124999999 0.152658990625 0.55316155 0.16639254375 0.5568713453125 0.17648026249999998 0.5743238296875 0.16228070156250002
0 0.6272295328124999 0.170614034375 0.6239583328125 0.180866228125 0.6396875 0.1909155703125 0.6423793859375 0.1805921046875 0.6272295328124999 0.170614034375
0 0.8710526312500001 0.8391995609375 0.8785270468749999 0.834731359375 0.8733187140625001 0.8127192984375 0.8657346484374999 0.8170230265624999 0.8710526312500001 0.8391995609375
0 0.6610380109375 0.19862938593749999 0.6545138890625 0.2036458328125 0.6614583328125 0.2233552625 0.6681451015625 0.2185142546875 0.6610380109375 0.19862938593749999
0 0.6778691515624999 0.254742325 0.6697002921874999 0.25860745625 0.675328946875 0.28363486875 0.6833698828125 0.2796052625 0.6778691515624999 0.254742325
0 0.6857456140625 0.227768640625 0.677786915625 0.23172697343749998 0.6828179828125001 0.25508771874999997 0.6912646203125 0.2510142546875 0.6857456140625 0.227768640625
0 0.6552631578125 0.111348684375 0.6485928359375001 0.1146107453125 0.6533808484375 0.13475877187500002 0.66025219375 0.1310855265625 0.6552631578125 0.111348684375
0 0.24550438593749999 0.35227521875 0.24038742656249998 0.35693530625 0.24658260156249998 0.37508223749999997 0.25239400624999997 0.370257675 0.24550438593749999 0.35227521875
0 0.2509685671875 0.5275767546875 0.2454678359375 0.5328947375 0.254312865625 0.555043859375 0.259813596875 0.5498081140625 0.2509685671875 0.5275767546875
0 0.2243786546875 0.63199013125 0.2243969296875 0.6212171046875 0.20838815781250003 0.6208333328125 0.20826023437500002 0.631716009375 0.2243786546875 0.63199013125
0 0.1838450296875 0.69290021875 0.18955409375 0.7000274125 0.19925073124999998 0.6802631578125 0.193695175 0.673821271875 0.1838450296875 0.69290021875
0 0.188633040625 0.70696271875 0.19378655 0.7134594296875 0.20423976562499999 0.69375 0.19914108125000002 0.6873081140624999 0.188633040625 0.70696271875
0 0.197203946875 0.7318530703125 0.2024853796875 0.7384046046875 0.21206140312500002 0.7192982453125001 0.206688596875 0.7125822375 0.197203946875 0.7318530703125
0 0.1349780703125 0.875 0.1395650578125 0.8837719296875 0.153472221875 0.86792763125 0.1485928359375 0.8591831140625 0.1349780703125 0.875
0 0.15398391875 0.891885965625 0.1580043859375 0.89915021875 0.1685124265625 0.8856359656249999 0.16443713437500002 0.8786184203125 0.15398391875 0.891885965625
0 0.159703946875 0.899643640625 0.1639802625 0.9084703953125001 0.1775219296875 0.8936129390625001 0.17319078906250002 0.8849780703125001 0.159703946875 0.899643640625
0 0.1858004390625 0.9231633765625 0.1891812859375 0.9324287281249999 0.20394736875000002 0.9217105265625 0.20073099375 0.9119243421875 0.1858004390625 0.9231633765625
0 0.754258040625 0.9857730265625 0.751169590625 0.976123903125 0.7386147656250001 0.985498903125 0.7418494156250001 0.9952028515625001 0.754258040625 0.9857730265625
0 0.7344846484375 0.9101425437499999 0.7314692984375 0.901123903125 0.7178179828125 0.9108004390625 0.7207602343749999 0.9196820171875 0.7344846484375 0.9101425437499999
0 0.7320175437499999 0.8973410093749999 0.7282163749999999 0.8867598687499999 0.712810671875 0.89925986875 0.7165387421875 0.9101425437499999 0.7320175437499999 0.8973410093749999
0 0.6749269 0.9529057015625 0.6750731 0.9642543859374999 0.6925621343749999 0.9626096484375 0.6924342109375 0.951260965625 0.6749269 0.9529057015625
0 0.67300986875 0.96868969375 0.6732456140624999 0.9797971484374999 0.6892178359375001 0.978453946875 0.688669590625 0.967598684375 0.67300986875 0.96868969375
0 0.753766446875 1 0.7556652046875 0.998848684375 0.7526315796875 0.9890625 0.7384137421875 0.9989281796875 0.7387701015625 1 0.753766446875 1
0 0.720723684375 0.9233004390625 0.7214729531249999 0.9346491234375 0.736403509375 0.9312225875 0.735508040625 0.919873903125 0.720723684375 0.9233004390625
0 0.075328946875 0.5813322375000001 0.0829861109375 0.586348684375 0.0904239765625 0.5606359656250001 0.082346490625 0.5563322375 0.075328946875 0.5813322375000001
0 0.15913742656250002 0.6137883765625001 0.16489400625 0.6197368421875 0.1734649125 0.6006304828125 0.1678545328125 0.5942434203125 0.15913742656250002 0.6137883765625001
0 0.16301169531249998 0.624643640625 0.16915204687500002 0.6318530703125 0.1787097953125 0.612856359375 0.1731158625 0.6052467109374999 0.16301169531249998 0.624643640625
0 0.16178728125 0.819846490625 0.16165935625 0.8313048249999999 0.1779605265625 0.8323739031249999 0.1782711984375 0.8208607453125 0.16178728125 0.819846490625
0 0.15548245624999998 0.8095394734375001 0.1559576015625 0.8189692984375 0.17013888906250002 0.8175986843749999 0.16973684218750001 0.8079495609375 0.15548245624999998 0.8095394734375001
0 0.1514802625 0.79599780625 0.1518274859375 0.8075383765625 0.16816520468750001 0.8061403515625001 0.16798245625 0.794846490625 0.1514802625 0.79599780625
0 0.14455409375 0.7692708328125 0.14491959062499998 0.7790844296875 0.161330409375 0.7779057015624999 0.1608369890625 0.7677357453125 0.14455409375 0.7692708328125
0 0.1365131578125 0.7467379390625 0.1377010234375 0.7574287281250001 0.1540204671875 0.7536184203125 0.152759503125 0.7439967109375 0.1365131578125 0.7467379390625
0 0.772222221875 0.058278509374999996 0.76960891875 0.048821271875 0.755884503125 0.056770832812500005 0.75853435625 0.065981359375 0.772222221875 0.058278509374999996
0 0.7802997078125 0.08174342031250001 0.7774488296875 0.0716831140625 0.7609100875 0.0806195171875 0.763669590625 0.0905153515625 0.7802997078125 0.08174342031250001
0 0.7899305562500001 0.12236842031249999 0.7874086250000001 0.114007675 0.7758954671875 0.12042214843750002 0.7783808484375 0.12897478125 0.7899305562500001 0.12236842031249999
0 0.787975146875 0.686403509375 0.7814692984375 0.6901041671875 0.78680555625 0.7125274125 0.7931103796875 0.7076480265625 0.787975146875 0.686403509375
0 0.7618238296875 0.5682291671875 0.755135234375 0.5717927625 0.7605263156250001 0.5955592109375 0.7671966375 0.59136513125 0.7618238296875 0.5682291671875
0 0.7379934203125 0.521518640625 0.7314985375 0.5248218203125 0.736348684375 0.5453947375 0.7428728062500001 0.5419133765625 0.7379934203125 0.521518640625
0 0.761275584375 0.363706140625 0.7689875734375 0.3595120609375 0.7634137421875 0.3353344296875 0.7555921046875 0.3389254390625 0.761275584375 0.363706140625
0 0.7827266078124999 0.45837719374999997 0.7901315796875 0.45435855312499995 0.784703946875 0.43053728125 0.7774671046875 0.43508771875 0.7827266078124999 0.45837719374999997
1 0.8267543859375 0.587856359375 0.8326937140625 0.5842105265625 0.8294042390625 0.5708607453125001 0.8232273390625 0.5743969296875 0.8267543859375 0.587856359375
0 0.5552997078125 0.1171600875 0.5494334796875 0.12105263125000001 0.5556286546875 0.1416940796875 0.56176900625 0.1374725875 0.5552997078125 0.1171600875
0 0.018439328125 0.8974780703125 0.0236659359375 0.8881304828125 0.00860745625 0.8698464906250001 0.0037828953125000004 0.8793037281249999 0.018439328125 0.8974780703125
0 0.2161184203125 0.804742325 0.21147660781250002 0.798026315625 0.20279605312500001 0.8109375 0.2068530703125 0.8177083328125001 0.2161184203125 0.804742325
0 0.22264254375 0.8122807015625 0.21803728125 0.8055921046875 0.2083077484375 0.8191557015625 0.2127558484375 0.8263157890624999 0.22264254375 0.8122807015625
0 0.226114765625 0.82894736875 0.2212353796875 0.8208059203125 0.21034904999999998 0.8374561406250001 0.21485745625 0.8456962718750001 0.226114765625 0.82894736875
0 0.22412280624999997 0.8778508765625 0.2283808484375 0.8858278515625001 0.240643275 0.8709703953125001 0.23596491249999998 0.8622532890624999 0.22412280624999997 0.8778508765625
0 0.23116410781250002 0.890342653125 0.2358735375 0.89772478125 0.2477704671875 0.8802083328125001 0.24301900625 0.8732182015625 0.23116410781250002 0.890342653125
0 0.215186403125 0.7849780703125 0.22090643281250003 0.7912280703125 0.229685671875 0.774887609375 0.2242525578125 0.7682565796875 0.215186403125 0.7849780703125
0 0.22447002968750002 0.81329495625 0.22920321562499998 0.8205592109375001 0.237902046875 0.8067160093749999 0.23325292343749998 0.7994243421875 0.22447002968750002 0.81329495625
0 0.234429825 0.8361293859375 0.23828581875000002 0.8444078953125 0.2507803359375 0.8315899124999999 0.24699013124999997 0.8232510968750001 0.234429825 0.8361293859375
0 0.1716557015625 0.65076754375 0.16525950312499998 0.6443256578125001 0.15625 0.6643366234375 0.1622258765625 0.6712993421875 0.1716557015625 0.65076754375
0 0.9544590640624999 0.6392543859375001 0.9577119890624999 0.6486019734374999 0.96951754375 0.639520284375 0.9671600874999999 0.6310855265625 0.9544590640624999 0.6392543859375001
0 0.941758040625 0.649643640625 0.94451754375 0.6580317984375 0.9575475140625 0.6481907890625 0.9546966375 0.6399945171875 0.941758040625 0.649643640625
0 0.95551900625 0.6525219296875 0.9584612578125 0.6611842109375 0.9712353796875 0.6510690796875 0.968658625 0.6427083328125 0.95551900625 0.6525219296875
0 0.943768275 0.6614309203125 0.946239034375 0.6699506578125 0.9588084796875 0.6611567984375 0.956231725 0.6531798249999999 0.943768275 0.6614309203125
0 0.9307383046875 0.6711348687500001 0.9333881578125001 0.680098684375 0.9465460531250001 0.670751096875 0.9440606718750001 0.6620065796875 0.9307383046875 0.6711348687500001
0 0.93366228125 0.681688596875 0.9361476609375 0.690296053125 0.9490588453125 0.6807319078125 0.9461695906250001 0.67265625 0.93366228125 0.681688596875
0 0.9622258765625 0.6736293859375 0.9651864031249999 0.6814967109375 0.976973684375 0.6728892546874999 0.9738486843749999 0.6641447375 0.9622258765625 0.6736293859375
0 0.9484283625 0.6829769734375 0.9516630109375 0.691831140625 0.96544590625 0.681362390625 0.9618969296875 0.672341009375 0.9484283625 0.6829769734375
0 0.9360197375 0.6934758765625 0.9390168125 0.701918859375 0.951858553125 0.6922203953125 0.9490570171874999 0.6841502187499999 0.9360197375 0.6934758765625
0 0.9397660812499999 0.705043859375 0.9424890343750001 0.7145833328125 0.9556103796875 0.7044407890625 0.9524689328125 0.6947971484375 0.9397660812499999 0.705043859375
0 0.9520833328125 0.694216009375 0.9549360374999999 0.703407346875 0.9678545328125001 0.694051534375 0.964491959375 0.6845942984375 0.9520833328125 0.694216009375
0 0.964400584375 0.684758771875 0.9674159359375001 0.6934484656250001 0.9780336249999999 0.685526315625 0.97490314375 0.6769106359375 0.964400584375 0.684758771875
0 0.9405336249999999 0.7163925437499999 0.943384503125 0.7261787281250001 0.9576023390625 0.7161458328125 0.9546600875 0.7061403515625 0.9405336249999999 0.7163925437499999
0 0.968311403125 0.6956962718749999 0.9708333328125001 0.7034265343749999 0.9821454671875 0.695257675 0.9794956140625001 0.6868256578125 0.968311403125 0.6956962718749999
0 0.98039108125 0.6969024125 0.9873538015625 0.6975054828125 0.9883223687499999 0.68016995625 0.981158625 0.6789226968750001 0.98039108125 0.6969024125
0 0.96165935625 0.728125 0.9646564328125 0.7377741234374999 0.9759375 0.728108553125 0.9730244890625 0.7195120609375001 0.96165935625 0.728125
0 0.242525584375 0.5673793859375 0.23585526250000002 0.5686129390625 0.2375731 0.5944078953124999 0.24417032187499998 0.5935581140624999 0.242525584375 0.5673793859375
1 0.223099415625 0.587198465625 0.22839912343750002 0.587061403125 0.22894736875000002 0.57258771875 0.223135965625 0.5724780703125 0.223099415625 0.587198465625
1 0.21253655 0.5495888156250001 0.20725511718749998 0.5524671046875 0.21154970781250002 0.5662280703125 0.21671966406249998 0.563053728125 0.21253655 0.5495888156250001
0 0.9733004390625 0.719161184375 0.9755665203125 0.7286293859375 0.987213084375 0.7203782890625 0.9848866953125001 0.7105537281250001 0.9733004390625 0.719161184375
0 0.9596308484374999 0.7158168859375 0.9626023390625 0.724575109375 0.9741118421875001 0.7153892546875 0.9708991234375001 0.7072066890625 0.9596308484374999 0.7158168859375
0 0.9711988296875 0.7069654609375 0.9736111109375001 0.714391446875 0.984117325 0.7066173250000001 0.9815296046875 0.6984375 0.9711988296875 0.7069654609375
0 0.9546235375000001 0.7065241234374999 0.9571491234374999 0.7155619515625 0.9712682750000001 0.705057565625 0.9682182015624999 0.6960115124999999 0.9546235375000001 0.7065241234374999
0 0.9720942984375001 0.653481359375 0.973921784375 0.6615679828125 0.9856907890625 0.653591009375 0.9832602343750001 0.6460800437499999 0.9720942984375001 0.653481359375
0 0.9584795328125001 0.6627192984375 0.9608187140625001 0.6715460531249999 0.97413194375 0.6620833328125 0.9719298249999999 0.653453946875 0.9584795328125001 0.6627192984375
0 0.945760234375 0.6722039468750001 0.9488048250000001 0.6812171046875 0.9614400578125 0.670614034375 0.9587171046874999 0.662554825 0.945760234375 0.6722039468750001
0 0.968908990625 0.6428782890625 0.9710581140625001 0.6515104171874999 0.9830756578125 0.64225603125 0.9807401312499999 0.6340405703124999 0.968908990625 0.6428782890625
0 0.9288194437499999 0.6587993421875 0.9312682750000001 0.6675986843749999 0.94459064375 0.6583881578125 0.9421966375 0.6502467109375 0.9288194437499999 0.6587993421875
0 0.9677997078124999 0.6299342109375 0.9705226609375 0.6391721484375 0.9839729531250001 0.63011513125 0.9814163015625 0.6204714906250001 0.9677997078124999 0.6299342109375
0 0.9935855265625 0.6263432015625 0.9860562859374999 0.6246710531249999 0.9829312859374999 0.647313596875 0.9913194437499999 0.649533990625 0.9935855265625 0.6263432015625
0 0.983954678125 0.6108552625 0.986151315625 0.6203892546875001 0.9997277046875 0.6120531796875001 0.9974652781250001 0.60326754375 0.983954678125 0.6108552625
0 0.9849872078124999 0.6172450656249999 0.9829861109375001 0.6076206140625 0.969046053125 0.6168448468750001 0.97114400625 0.6258305921875 0.9849872078124999 0.6172450656249999
0 0.16415570156249998 0.643135965625 0.1583698828125 0.637856359375 0.151937134375 0.6533991234375 0.1572002921875 0.65849780625 0.16415570156249998 0.643135965625
0 0.24402412343750002 0.8623903515625001 0.24910453281249997 0.8688596484375 0.2576644734375 0.853141446875 0.25298976562500003 0.84693530625 0.24402412343750002 0.8623903515625001
0 0.22996710468749998 0.8243421046874999 0.23429641874999999 0.8320614031250001 0.244937865625 0.8194078953125 0.2408260234375 0.812116228125 0.22996710468749998 0.8243421046874999
0 0.20018640312499997 0.7461211624999999 0.195453215625 0.7389117328125 0.1851096484375 0.7561266453125 0.1896418125 0.7630345390625 0.20018640312499997 0.7461211624999999
0 0.196564328125 0.7302905703125 0.1916301171875 0.7234649125 0.180921053125 0.7416118421875 0.185581140625 0.7481907890625 0.196564328125 0.7302905703125
0 0.1911366953125 0.7204495609375 0.186403509375 0.71324013125 0.1760599421875 0.7304550437499999 0.1805921046875 0.7373629390625001 0.1911366953125 0.7204495609375
0 0.226206140625 0.1602796046875 0.223008040625 0.1510416671875 0.20962171093749998 0.160953946875 0.212591375 0.1704221484375 0.226206140625 0.1602796046875
0 0.42962353750000004 0.0266995609375 0.42324561406249994 0.03056469375 0.4300420328125 0.05424616249999999 0.43617324531249996 0.0498245609375 0.42962353750000004 0.0266995609375
0 0.45751096562500004 0.03980263125 0.45875365468749996 0.030427631249999997 0.4424707609375 0.0228070171875 0.4404422515625 0.034210526562499996 0.45751096562500004 0.03980263125
1 0.80553728125 0.550836075 0.8087536546875 0.5490131578125 0.8058991234375 0.5388130484375 0.8029038749999999 0.5405180921875 0.80553728125 0.550836075
1 0.81796418125 0.6095668859375001 0.8267909359375001 0.603591009375 0.819097221875 0.56875 0.8100146203125 0.5740405703125 0.81796418125 0.6095668859375001
1 0.7849232453125 0.41008771875 0.79144736875 0.4067708328125 0.7881396203125 0.392598684375 0.781725146875 0.39602521875 0.7849232453125 0.41008771875
0 0.8046966375 0.1709429828125 0.80226608125 0.1626096484375 0.790277778125 0.1690241234375 0.7924159359375 0.17743969375 0.8046966375 0.1709429828125
1 0.2036366953125 0.5306743421875 0.200054825 0.5353892546875 0.20612207656249998 0.546518640625 0.21076388906250001 0.5411732453125 0.2036366953125 0.5306743421875
1 0.216937134375 0.586049890625 0.22213084843750003 0.584758771875 0.22055555624999998 0.5688130484375 0.21456871406250003 0.570424890625 0.216937134375 0.586049890625
1 0.2236659359375 0.603125 0.22836257343750002 0.5998355265625 0.2236659359375 0.5869517546874999 0.21875730937500001 0.5907346484375 0.2236659359375 0.603125
1 0.22709064375 0.6190871703124999 0.2319078953125 0.6158991234375 0.2278801171875 0.602442434375 0.22296783593749997 0.606192434375 0.22709064375 0.6190871703124999
1 0.23349780625 0.6369791671875 0.2381578953125 0.63368969375 0.23406432812500003 0.6205674343750001 0.22913011718749998 0.6244490125 0.23349780625 0.6369791671875
1 0.2387719296875 0.6580153515625 0.2436915203125 0.6547779609375 0.239060671875 0.6415158984375 0.2344846484375 0.6449013156250001 0.2387719296875 0.6580153515625
0 0.9275219296874999 0.2697916671875 0.9248538015625 0.27738486875 0.9387646203125 0.28855537343750004 0.941394371875 0.28116776250000003 0.9275219296874999 0.2697916671875
0 0.9297149125 0.2557565796875 0.9267525578125 0.26384594375 0.9405336249999999 0.2760142546875 0.9437317249999999 0.26644736875 0.9297149125 0.2557565796875
0 0.9716739765625 0.2989309203125 0.9676900578125001 0.29133771875000003 0.9582236843749999 0.3017269734375 0.9613304093749999 0.309676534375 0.9716739765625 0.2989309203125
1 0.1395833328125 0.5219024125 0.145010965625 0.51943530625 0.1431286546875 0.5061129390625 0.1372441515625 0.508936403125 0.1395833328125 0.5219024125
1 0.1192616953125 0.51949013125 0.1251827484375 0.5191611843749999 0.12503655 0.5048245609374999 0.11878655 0.505126096875 0.1192616953125 0.51949013125
0 0.07114400625 0.7022203953124999 0.06292032187499999 0.7053453953125 0.068347953125 0.7354632671875 0.0767726609375 0.731633771875 0.07114400625 0.7022203953124999
0 0.05228435625 0.7579769734374999 0.0579312859375 0.764391446875 0.069285453125 0.7429906796875 0.0631633765625 0.7361019734375 0.05228435625 0.7579769734374999
0 0.08210891875000001 0.76633771875 0.0768274859375 0.7584155703125 0.06571637500000001 0.7752467109375 0.07116228125 0.783251096875 0.08210891875000001 0.76633771875
0 0.1302192984375 0.7338404609375 0.1241045328125 0.7286184203125 0.11488486875 0.7507319078125 0.1211933484375 0.7570805921875 0.1302192984375 0.7338404609375
0 0.12008406406250001 0.6907620609375 0.12008406406250001 0.6999725875 0.135471490625 0.7006578953125 0.13523391875 0.690926534375 0.12008406406250001 0.6907620609375
0 0.12304459062499999 0.70545504375 0.12295321562499999 0.7158168859375 0.1380116953125 0.71480263125 0.13762792343750002 0.7046875 0.12304459062499999 0.70545504375
0 0.1309576015625 0.7326754390625 0.13103070156250002 0.7415570171875 0.147258771875 0.74131030625 0.1470211984375 0.7314144734375 0.1309576015625 0.7326754390625
0 0.1466374265625 0.7814967109375 0.14680189999999999 0.7922971484375 0.1650219296875 0.7920504390625001 0.16478435625 0.7811677625 0.1466374265625 0.7814967109375
0 0.1631396203125 0.8346217109375 0.162171053125 0.8458881578125 0.178472221875 0.8486293859374999 0.17900219374999998 0.8377192984375 0.1631396203125 0.8346217109375
0 0.16726973750000002 0.6390625 0.1732638890625 0.6457236843749999 0.1824707609375 0.62566611875 0.1769883046875 0.619799890625 0.16726973750000002 0.6390625
0 0.513669590625 0.4912006578125 0.510471490625 0.48119517500000003 0.4955043859375 0.49298245625000003 0.4982273390625 0.5017543859375 0.513669590625 0.4912006578125
0 0.46487573125 0.74758771875 0.471399853125 0.7434758765625 0.4647112578125 0.7194078953124999 0.45800438593750004 0.7238486843749999 0.46487573125 0.74758771875
0 0.5017909359375 0.9006304828125 0.5083881578125 0.900411184375 0.5077119890625 0.8759868421875 0.5018640343749999 0.8762335531250001 0.5017909359375 0.9006304828125
0 0.4278216375 0.9864802625 0.429375 0.974418859375 0.4125 0.969188596875 0.41049707656249995 0.9804495609374999 0.4278216375 0.9864802625
0 0.42792397656250003 0.9600054828125 0.42953216406249994 0.9487664468749999 0.4115862578125 0.9435032890624999 0.40977704687500005 0.9541118421875 0.42792397656250003 0.9600054828125
0 0.433278509375 0.9490953953125001 0.434831871875 0.937033990625 0.417616959375 0.93196271875 0.41595394687500004 0.94306469375 0.433278509375 0.9490953953125001
0 0.4490679828125 0.8796875 0.44612573125 0.8712445171875001 0.43402777812500004 0.8797423249999999 0.43647660781250003 0.888733553125 0.4490679828125 0.8796875
0 0.48028143281249996 0.8983004390625 0.4798611109375 0.8876918859374999 0.46365131562500006 0.8891995609375 0.4641630109375 0.9000274125000001 0.48028143281249996 0.8983004390625
0 0.563706140625 0.8125 0.5603435671875 0.8025767546875 0.5453581875 0.8130756578125 0.548117690625 0.8229440796875 0.563706140625 0.8125
0 0.7342105265625001 0.97582236875 0.7374451750000001 0.9854440796875 0.7506030703125 0.975356359375 0.7471308484375 0.965625 0.7342105265625001 0.97582236875
0 0.6767543859375 0.9396655703125001 0.677132675 0.9500520828125 0.693421053125 0.94764254375 0.6927083328125 0.93678728125 0.6767543859375 0.9396655703125001
0 0.6702850875 0.9833607453125 0.6703581875 0.9952083328124999 0.6877010234375 0.9930921046875 0.6872441515625 0.9811677624999999 0.6702850875 0.9833607453125
0 0.655098684375 0.7428728062500001 0.6578216375 0.752768640625 0.671454678125 0.744873903125 0.66871345 0.73522478125 0.655098684375 0.7428728062500001
0 0.512481725 0.8262883765625 0.5149488296875 0.8359100875 0.530902778125 0.826260965625 0.5286366953125 0.8172149125000001 0.512481725 0.8262883765625
0 0.5876827484375 0.7814144734374999 0.5898574562500001 0.7901041671875 0.6021381578125 0.783251096875 0.6001461984375001 0.77415021875 0.5876827484375 0.7814144734374999
0 0.6377558484375 0.7876096484375 0.6375731 0.7770559203125 0.62103435625 0.7786732453125 0.62099780625 0.787911184375 0.6377558484375 0.7876096484375
0 0.7427631578125 0.944133771875 0.7400036546875 0.9330866234374999 0.7250767546875 0.9429468203125 0.72808845 0.9537828953125 0.7427631578125 0.944133771875
0 0.7481542390625 0.9625274125000001 0.7452485375 0.9510690796875 0.7302083328125 0.9614583328125 0.7329495609375 0.9722861843749999 0.7481542390625 0.9625274125000001
0 0.45069444374999995 0.9238212718750001 0.45239400625000004 0.9126096484374999 0.4379934203125 0.9092653515625001 0.4360562859375 0.91954495625 0.45069444374999995 0.9238212718750001
0 0.4435672515625 0.9369517546875 0.444846490625 0.9236567984375 0.42785087656250004 0.9208607453125 0.426169590625 0.9326206140625001 0.4435672515625 0.9369517546875
0 0.177686403125 0.9161184203125 0.18135964843750002 0.9249451750000001 0.194901315625 0.9108826750000001 0.1907894734375 0.902768640625 0.177686403125 0.9161184203125
0 0.16988304062499998 0.9079495609375 0.174671053125 0.9166666671874999 0.1881030703125 0.9001096484375 0.18351608125000002 0.8921052625 0.16988304062499998 0.9079495609375
0 0.1015716375 0.8236842109375001 0.10712719374999999 0.8298519734375001 0.11639254375000001 0.8103618421875 0.11047149062499999 0.8040844296874999 0.1015716375 0.8236842109375001
0 0.0950840640625 0.81474780625 0.10042032187500001 0.820751096875 0.10924707656249999 0.8013980265624999 0.104331140625 0.7954221484375 0.0950840640625 0.81474780625
0 0.48828581875 0.8771929828125 0.48112207656250006 0.8796875 0.48424707656250005 0.9007401312500001 0.491045321875 0.8987116234375 0.48828581875 0.8771929828125
0 0.5184941515625 0.8714089906250001 0.511257309375 0.8739583328125 0.5147295328125 0.9018366234374999 0.5220577484375 0.899588815625 0.5184941515625 0.8714089906250001
0 0.4973866953125 0.7294407890625 0.491045321875 0.7341557015625 0.4985197375 0.756661184375 0.5041666671875 0.7531798249999999 0.4973866953125 0.7294407890625
0 0.29764254375 0.4795504390625 0.2912097953125 0.4846491234375 0.2985745609375 0.5037280703125 0.30475146249999996 0.4987116234375 0.29764254375 0.4795504390625
0 0.5559758765625 0.853070175 0.5556469296875 0.8408991234375 0.5373903515625 0.8423793859375 0.5375731 0.8547149125000001 0.5559758765625 0.853070175
0 0.5149671046875001 0.8402960531250001 0.511239034375 0.82894736875 0.4931469296875 0.8402138156250001 0.495866228125 0.850893640625 0.5149671046875001 0.8402960531250001
0 0.49320175468749994 0.8533442984375 0.48989400625 0.842489034375 0.4709795328125 0.8549890343750001 0.47445175468749995 0.865679825 0.49320175468749994 0.8533442984375
0 0.47108918125 0.8638980265624999 0.46831140312499997 0.8543037281249999 0.45257675468749997 0.8650767546875 0.4551900578125 0.8740679828125 0.47108918125 0.8638980265624999
0 0.39775219375000004 0.910581140625 0.394956140625 0.9013706140625001 0.382474415625 0.9098135968750001 0.38517909375000003 0.9189967109375001 0.39775219375000004 0.910581140625
0 0.11144005781249999 0.5853344296875 0.105080409375 0.57900219375 0.0959612578125 0.599616228125 0.10237573124999999 0.605948465625 0.11144005781249999 0.5853344296875
0 0.2329861109375 0.83665021875 0.22741228125 0.8290570171875 0.21593567187499998 0.8484375 0.22057748593749998 0.8552083328125001 0.2329861109375 0.83665021875
0 0.2094481 0.7719846484375 0.20347222187499997 0.76477521875 0.19287280625 0.7843201750000001 0.1986111109375 0.7909265343749999 0.2094481 0.7719846484375
0 0.2061769 0.7584978062500001 0.21017909375000002 0.7666666671875 0.22304459062499998 0.7506578953124999 0.2190423984375 0.7427083328124999 0.2061769 0.7584978062500001
0 0.193841375 0.7172149125 0.1993786546875 0.7233826750000001 0.208278509375 0.7062774125 0.202741228125 0.7004111843749999 0.193841375 0.7172149125
0 0.1785928359375 0.6809703953125 0.1846966375 0.6880975874999999 0.1958516078125 0.66633771875 0.18946637500000002 0.6599999999999999 0.1785928359375 0.6809703953125
0 0.1747441515625 0.666721490625 0.180847953125 0.673848684375 0.1915752921875 0.6516995609375 0.185617690625 0.645751096875 0.1747441515625 0.666721490625
0 0.2724415203125 0.7779879390625 0.2725146203125 0.76639254375 0.25473318749999996 0.7665570171875 0.2549524859375 0.7771929828124999 0.2724415203125 0.7779879390625
0 0.27651681250000004 0.7896655703125 0.276169590625 0.778125 0.2574597953125 0.77904879375 0.258114034375 0.7903508765625 0.27651681250000004 0.7896655703125
0 0.287061403125 0.8311951750000001 0.287043128125 0.8194078953125 0.26955409375 0.8202850875 0.269992690625 0.8310855265624999 0.287061403125 0.8311951750000001
0 0.30261330468750003 0.8685581140625 0.301937134375 0.8559210531250001 0.2842470765625 0.8576206140625 0.2845029234375 0.8699013156250001 0.30261330468750003 0.8685581140625
0 0.41169590625 0.9556195171875 0.409740496875 0.966858553125 0.42437865468749997 0.9724780703125001 0.42640716406249995 0.962061403125 0.41169590625 0.9556195171875
1 0.5525767546875 0.15740131562499998 0.5554276312499999 0.1549067984375 0.551284721875 0.14663103125000002 0.54860745625 0.1485718203125 0.5525767546875 0.15740131562499998
1 0.49459064374999995 0.4796875 0.4931469296875 0.4812225875 0.49585160781250004 0.48662280625000004 0.497277046875 0.48508771875 0.49459064374999995 0.4796875
0 0.5737079671875 0.6710416671874999 0.58037280625 0.666803728125 0.5735654234374999 0.6438294953125 0.566703215625 0.6482730265625001 0.5737079671875 0.6710416671874999