0 0.2536549703125 0.5497807015625 0.25829678437500003 0.5509594296875 0.2601937140625 0.5372121703125 0.25539108125 0.5357182015624999 0.2536549703125 0.5497807015625
0 0.2634320171875 0.5509868421874999 0.268384503125 0.5521381578125 0.2701388890625 0.5354440796875 0.265149853125 0.5342105265625 0.2634320171875 0.5509868421874999
0 0.0009868421875 0.2672697375 0.0044590640624999995 0.268393640625 0.0060307015625 0.2564967109375 0.0025219296875 0.2552357453125 0.0009868421875 0.2672697375
0 0.0040350875 0.26919682031250003 0.0077485374999999995 0.270257675 0.0087646203125 0.2577604171875 0.00542763125 0.256688596875 0.0040350875 0.26919682031250003
0 0.170705409375 0.1228344296875 0.1688231 0.12891995625 0.17637061406250001 0.1334155703125 0.1782346484375 0.12741228124999998 0.170705409375 0.1228344296875
0 0.8224780703125001 0.099616228125 0.8174890343750001 0.0983278515625 0.8158351609375 0.1122121703125 0.8208150578125 0.113706140625 0.8224780703125001 0.099616228125
0 0.92208150625 0.5401206140625 0.9275584796875 0.5431195171875001 0.9326937140625 0.5247532890625 0.9271381578125 0.5217653515625 0.92208150625 0.5401206140625
0 0.996564328125 0.62390625 0.9910453218749999 0.6251096484375 0.9926133046875 0.6434375 0.9981213453125 0.6426041671875 0.996564328125 0.62390625
0 0.8796966375 0.9044407890624999 0.8849780703125001 0.9026315796875 0.8825292390625 0.8879660093749999 0.8773757312500001 0.889501096875 0.8796966375 0.9044407890624999
0 0.0665387421875 0.47028508750000003 0.062828946875 0.46735197343749996 0.05849780624999999 0.4814144734375 0.0627375734375 0.4844846484375 0.0665387421875 0.47028508750000003
0 0.547953215625 0.260526315625 0.543841375 0.264391446875 0.549561403125 0.278125 0.5536549703125 0.27450657968750003 0.547953215625 0.260526315625
0 0.5595577484375001 0.3368969296875 0.5549890343749999 0.334731359375 0.5516264625 0.35076754375 0.5563961984375 0.352686403125 0.5595577484375001 0.3368969296875
0 0.5630665203125 0.396408990625 0.5586074562500001 0.40038377187499996 0.5647112578125 0.41485745625000003 0.569060671875 0.4107182015625 0.5630665203125 0.396408990625
0 0.5311348687499999 0.4529769734375 0.5252375734375 0.45046600937500003 0.521564328125 0.46891995625 0.5275584796875 0.47168311406249996 0.5311348687499999 0.4529769734375
0 0.8216191515625001 0.49821820156249996 0.816812865625 0.497971490625 0.81646564375 0.516803728125 0.8212408625000001 0.5168996703125 0.8216191515625001 0.49821820156249996
0 0.8872076015625 0.607867325 0.8882675437499999 0.60076754375 0.8759685671874999 0.5959155703125 0.8747076015624999 0.603481359375 0.8872076015625 0.607867325
1 0.16074561406250001 0.1102796046875 0.159685671875 0.112116228125 0.1635599421875 0.11617324531249999 0.16452850937500002 0.1146929828125 0.16074561406250001 0.1102796046875
1 0.17887426875 0.1228070171875 0.17794225156250001 0.12442434218750001 0.1809758765625 0.1279879390625 0.1818896203125 0.12642543906249998 0.17887426875 0.1228070171875
1 0.190716375 0.1231907890625 0.18952850937500001 0.124561403125 0.1920504390625 0.1298519734375 0.193311403125 0.12856359687500002 0.190716375 0.1231907890625
1 0.1938231 0.1158991234375 0.19237938593749998 0.11822916718750001 0.1954678359375 0.12198464843750001 0.196893275 0.11959978125 0.1938231 0.1158991234375
1 0.22722770468750003 0.1402055921875 0.2287097953125 0.1356907890625 0.2242909359375 0.1318941890625 0.2226279234375 0.1369024125 0.22722770468750003 0.1402055921875
1 0.22362207656250002 0.1535279609375 0.22081505781250002 0.15101425468750002 0.21794590625 0.1563322375 0.22089181249999998 0.1592379390625 0.22362207656250002 0.1535279609375
1 0.112554825 0.0609375 0.11178728125 0.063760965625 0.11646564374999999 0.06606359687499999 0.117240496875 0.0633442984375 0.112554825 0.0609375
0 0.054367690625 0.9665296046874999 0.050730993749999995 0.9637609656249999 0.04618055625 0.9765625 0.0495924703125 0.97947094375 0.054367690625 0.9665296046874999
0 0.0509320171875 0.96173245625 0.047185671875 0.9588815796875 0.042342835937500004 0.971518640625 0.04610745625 0.9746162281249999 0.0509320171875 0.96173245625
0 0.13819444375 0.89147478125 0.1419773390625 0.8941611843749999 0.1459429828125 0.8815241234375 0.1420869890625 0.8788651312500001 0.13819444375 0.89147478125
0 0.6668128656250001 0.300356359375 0.6650767546874999 0.3078125 0.6755299703125 0.3125 0.67724780625 0.3049342109375 0.6668128656250001 0.300356359375
0 0.68196271875 0.2947916671875 0.680135234375 0.3024945171875 0.6908625734375 0.3077850875 0.6924707609375 0.300383771875 0.68196271875 0.2947916671875
0 0.6982090640624999 0.302686403125 0.6964546781250001 0.309786184375 0.7063779234374999 0.3146929828125 0.7080592109375 0.3077302625 0.6982090640624999 0.302686403125
0 0.7138706140625 0.3083881578125 0.7121345031249999 0.31603618437500003 0.72414108125 0.32209429843750004 0.7260233921875 0.314391446875 0.7138706140625 0.3083881578125
0 0.73675073125 0.3192708328125 0.7350146203125 0.3275767546875 0.746454678125 0.333196271875 0.7483004390625 0.32491776250000004 0.73675073125 0.3192708328125
0 0.49678362500000006 0.456661184375 0.49778874218749997 0.44923245625 0.486330409375 0.4458333328125 0.4853070171875 0.4532072375 0.49678362500000006 0.456661184375
0 0.5364583328125 0.42349232499999995 0.531615496875 0.42116228125 0.528563596875 0.4354440796875 0.533150584375 0.43821271875 0.5364583328125 0.42349232499999995
0 0.5442982453125 0.3779605265625 0.5395467843749999 0.3763706140625 0.5365497078125 0.3934758765625 0.5411184203125 0.394956140625 0.5442982453125 0.3779605265625
0 0.5479349421874999 0.3579769734375 0.5430738296875 0.3568530703125 0.541027046875 0.37341008750000004 0.5459064328125 0.3747532890625 0.5479349421874999 0.3579769734375
0 0.39599780625 0.26186951718749996 0.397203946875 0.25386513125 0.38475877187499996 0.249698465625 0.38364400625 0.2579495609375 0.39599780625 0.26186951718749996
0 0.40040204687500003 0.29923245625 0.39530336250000003 0.29758771875 0.39296418125 0.314418859375 0.3979349421875 0.315570175 0.40040204687500003 0.29923245625
0 0.39837353750000004 0.31877741249999997 0.3935855265625 0.3166940796875 0.39046052656249997 0.33358004375 0.3950657890625 0.3356633765625 0.39837353750000004 0.31877741249999997
1 0.43892543906250003 0.4510690796875 0.43892543906250003 0.46006030625000005 0.45498903437499993 0.4604166671875 0.45493421093749997 0.45117872812500004 0.43892543906250003 0.4510690796875
0 0.052576754687500005 0.4739583328125 0.0547331875 0.468393640625 0.04683845 0.461266446875 0.04449926875 0.4670504390625 0.052576754687500005 0.4739583328125
0 0.07108918125 0.4724780703125 0.0670504390625 0.46965460468750003 0.062426899999999994 0.48582785156249997 0.066776315625 0.488651315625 0.07108918125 0.4724780703125
0 0.006445540625 0.6239007671875 0.009597953125 0.6255016453125 0.011407164062499999 0.6177796046874999 0.008260234375 0.6161732453125001 0.006445540625 0.6239007671875
0 0.008808479687499999 0.6310032890625 0.01493055625 0.6343475875 0.0181469296875 0.6205317984375001 0.012171053125000001 0.6169956140624999 0.008808479687499999 0.6310032890625
0 0.0239583328125 0.6683388156250001 0.0213633046875 0.6793585531249999 0.02496345 0.6813322375 0.0277101609375 0.6702384875 0.0239583328125 0.6683388156250001
0 0.0327850875 0.8312774125000001 0.0303362578125 0.8376918859375 0.040168128125 0.845723684375 0.0424342109375 0.8391995609375 0.0327850875 0.8312774125000001
0 0.01796418125 0.8451754390625 0.022861842187500002 0.8488486843749999 0.026951754687500003 0.837401315625 0.0220577484375 0.83360745625 0.01796418125 0.8451754390625
0 0.019188596875 0.8326480265624999 0.0216008765625 0.826864034375 0.0134320171875 0.8186129390625 0.0110197375 0.8245065796875 0.019188596875 0.8326480265624999
0 0.11917032187500001 0.9568530703125001 0.1157346484375 0.9532346484374999 0.11078216406250001 0.962938596875 0.11427266093749999 0.9662280703125001 0.11917032187500001 0.9568530703125001
0 0.3390533625 1 0.339455409375 0.9970942984375 0.3346125734375 0.9947642546875001 0.3337298984375 1 0.3390533625 1
0 0.42061403437499995 0.932456140625 0.41637426875 0.9313870609375 0.41443713437499996 0.9451206140625 0.4188231 0.9462993421875 0.42061403437499995 0.932456140625
0 0.9647112578125 0.13785635937500001 0.9701754390625 0.13977521875 0.97260599375 0.12201206093750001 0.9671418125000001 0.1203947375 0.9647112578125 0.13785635937500001
0 0.76959064375 0.014226973437500002 0.7650036546875 0.01631030625 0.769152046875 0.0326754390625 0.7735197375 0.030400218750000003 0.76959064375 0.014226973437500002
0 0.04551900625 0.0488678734375 0.04618055625 0.042653509374999996 0.038249268749999996 0.0406524125 0.0375731 0.046875 0.04551900625 0.0488678734375
1 0.018293128125 0.44654605312499995 0.0201754390625 0.440296053125 0.008187134375 0.43163377187499996 0.006158625 0.4381030703125 0.018293128125 0.44654605312499995
1 0.8932383046875 0.0790296046875 0.9022478062499999 0.070641446875 0.891063596875 0.0442434203125 0.8818713453125 0.05238486875 0.8932383046875 0.0790296046875
1 0.29616228125 0.1571820171875 0.298866959375 0.1453399125 0.2735928359375 0.13204495624999998 0.2703216375 0.1439144734375 0.29616228125 0.1571820171875
1 0.7506396203125 0.90550986875 0.7422532890625 0.9023081140625001 0.73360745625 0.9533442984375 0.7420138890625 0.9559210531250001 0.7506396203125 0.90550986875
1 0.4998538015625 0.8150767546875001 0.49256213437499996 0.812061403125 0.484064328125 0.8572642546875 0.49128289531249997 0.8603892546875 0.4998538015625 0.8150767546875001
1 0.729203215625 0.7926809203125 0.721697734375 0.7887582234375 0.711403509375 0.8338541671874999 0.719152046875 0.8374725875 0.729203215625 0.7926809203125
1 0.7215826015625 0.7817434203125 0.712902046875 0.7778508765625001 0.7029239765625 0.8274671046875 0.7109831875 0.8314692984375001 0.7215826015625 0.7817434203125
1 0.992543859375 0.2510142546875 0.9967105265624999 0.25128837656249997 0.9969481 0.2411184203125 0.9927814328125001 0.24084429843750002 0.992543859375 0.2510142546875
0 0.8100511703125 0.039391446875 0.8144554093749999 0.0376918859375 0.8114948828124999 0.0216831140625 0.80694444375 0.023492325 0.8100511703125 0.039391446875
1 0.3512189328125 0.6951343203125 0.3469481 0.6938870609375 0.3454130109375 0.704248903125 0.349671053125 0.70550986875 0.3512189328125 0.6951343203125
1 0.3487024859375 0.7165570171875 0.34923245625 0.7107730265625001 0.3419225140625 0.709018640625 0.3412463453125 0.7147203953125 0.3487024859375 0.7165570171875
1 0.3446107453125 0.742198465625 0.34912280625 0.7423519734374999 0.3494334796875 0.732346490625 0.3449433484375 0.732014803125 0.3446107453125 0.742198465625
1 0.9862810671875 0.488226425 0.9838267546875 0.48722587656250005 0.98238486875 0.49456962656250003 0.9848336984375001 0.4955729171875 0.9862810671875 0.488226425
1 0.9828856 0.4874780703125 0.9804312859375001 0.48647752187500004 0.9789894 0.4938240125 0.98143823125 0.49482456093750005 0.9828856 0.4874780703125
1 0.9799908625 0.4848081140625 0.9775383765625 0.483807565625 0.976096490625 0.491151315625 0.978545321875 0.4921546046875 0.9799908625 0.4848081140625
1 0.9765423984374999 0.48280427656249997 0.974088084375 0.48180372812499994 0.9726461984375 0.48914747812500003 0.9750950296875001 0.49015076718749995 0.9765423984374999 0.48280427656249997
0 0.8046491234375001 0.041038925 0.8090533625 0.0393393640625 0.8060928359374999 0.0233305921875 0.8015423984375 0.025139803125 0.8046491234375001 0.041038925
1 0.953216375 0.22740131562500002 0.9510398390624999 0.226417215625 0.949376828125 0.2346408984375 0.951551534375 0.2356003296875 0.953216375 0.22740131562500002
1 0.955623171875 0.23226973750000002 0.9534466374999999 0.2312883765625 0.951783625 0.23951206093750002 0.9539583328125 0.240471490625 0.955623171875 0.23226973750000002
1 0.9599524859375 0.2346052625 0.95777595 0.23362390312499998 0.9561038015625 0.2416666671875 0.9582876468749999 0.2428070171875 0.9599524859375 0.2346052625
1 0.43189692968750004 0.2297642546875 0.4300328953125 0.22928179843750002 0.4292653515625 0.23498355312500002 0.43118421093750003 0.23547697343750001 0.43189692968750004 0.2297642546875
1 0.4338066515625 0.2307867328125 0.43194261718750004 0.2303042765625 0.4311750734375 0.23600603125 0.43309393281249997 0.2364994515625 0.4338066515625 0.2307867328125
1 0.43562500000000004 0.2328344296875 0.433760965625 0.2323519734375 0.4329934203125 0.238053728125 0.43491228125000003 0.2385471484375 0.43562500000000004 0.2328344296875
1 0.4377174703125 0.2342653515625 0.4358534359375 0.2337828953125 0.4350858921875 0.2394846484375 0.4370047515625 0.23997807031249999 0.4377174703125 0.2342653515625
1 0.44690241249999996 0.2369270828125 0.4450383765625 0.23644462656249998 0.44427083281249996 0.24214638125 0.44618969374999995 0.24263980312500003 0.44690241249999996 0.2369270828125
1 0.4540149859375 0.23636513125 0.45215094999999994 0.235879934375 0.45138340625 0.2415816890625 0.453302265625 0.24207510937499999 0.4540149859375 0.23636513125
1 0.4597514625 0.23889802656249998 0.45788742656250003 0.2384155703125 0.45711988281249993 0.244117325 0.45903874218749996 0.24461074531250002 0.4597514625 0.23889802656249998
1 0.46627741250000004 0.24706688593749998 0.4644133765625 0.2465844296875 0.46364583281250005 0.252286184375 0.46556469375000004 0.2527796046875 0.46627741250000004 0.24706688593749998
1 0.47796418125000006 0.2461129390625 0.476100146875 0.2456304828125 0.4753326015625 0.2513322375 0.47725146250000006 0.2518256578125 0.47796418125000006 0.2461129390625
1 0.48655884531250004 0.2436567984375 0.484694809375 0.24317434218749998 0.48392726562500005 0.24887609687499998 0.485846125 0.24936951718749997 0.48655884531250004 0.2436567984375
1 0.01038194375 0.0809429828125 0.009285453124999999 0.0864802625 0.010893640625000001 0.08746710468749999 0.012044956249999999 0.0817927625 0.01038194375 0.0809429828125
1 0.635544590625 0.2834703953125 0.63516081875 0.285471490625 0.6400036546875 0.2873629390625 0.6403326015624999 0.2852796046875 0.635544590625 0.2834703953125
1 0.8860581140624999 0.6168969296875 0.8868238296875001 0.61170504375 0.880319809375 0.6091392546875001 0.8794608921875 0.6144846484375 0.8860581140624999 0.6168969296875
1 0.861385234375 0.18599232500000001 0.8602521937500001 0.184813596875 0.8579678359375 0.18983004375 0.8591374265624999 0.190953946875 0.861385234375 0.18599232500000001
1 0.855617690625 0.17631030625 0.8542653515625 0.1755427625 0.8528033625000001 0.181463815625 0.8542105265625001 0.18223135937499998 0.855617690625 0.17631030625
1 0.8514784359375 0.17626370625 0.850126096875 0.1754961625 0.8486641078125 0.181417215625 0.850071271875 0.182184759375 0.8514784359375 0.17626370625
1 0.8495595765624999 0.17522478125000002 0.8482072374999999 0.1744572375 0.8467452484375 0.1803782890625 0.8481524125 0.18114583281250002 0.8495595765624999 0.17522478125000002
1 0.8478070171875001 0.173876096875 0.846454678125 0.173108553125 0.844992690625 0.1790296046875 0.8463998531250001 0.1797971484375 0.8478070171875001 0.173876096875
1 0.8461476609374999 0.1727741234375 0.8448318718750001 0.171885965625 0.8430555562500001 0.17774122812499998 0.84446271875 0.1786184203125 0.8461476609374999 0.1727741234375
1 0.6149323828125 0.874588815625 0.6109283624999999 0.8732456140625 0.609312865625 0.8831030703125 0.61332236875 0.8845120609375 0.6149323828125 0.874588815625
1 0.617562134375 0.345723684375 0.6181103796875 0.339528509375 0.611403509375 0.337911184375 0.6107456140624999 0.3443804828125 0.617562134375 0.345723684375
1 0.626882309375 0.34468201718749997 0.62580409375 0.3501918859375 0.63205409375 0.35263157968750003 0.633099415625 0.3472341015625 0.626882309375 0.34468201718749997
1 0.841081871875 0.444216009375 0.8373355265625 0.44287280625000003 0.8357456140625 0.45158991249999997 0.839437134375 0.4532894734375 0.841081871875 0.444216009375
1 0.3529148390625 0.6583744515625 0.34864400624999997 0.65712719375 0.34710891875 0.667489034375 0.351239034375 0.66875 0.3529148390625 0.6583744515625
1 0.9170559203125 0.7317516453125 0.88743969375 0.7177604171875 0.8852284359375 0.7290104171875 0.9149396937500001 0.7428563593749999 0.9170559203125 0.7317516453125
0 0.987644371875 0.8409347593750001 0.9879934203125 0.8488212718750001 0.999855628125 0.8477138156249999 0.9994883046874999 0.8400219296874999 0.987644371875 0.8409347593750001
1 0.8371893281249999 0.44331140312499995 0.8329861109375001 0.441091009375 0.8310307015625 0.45090460468750004 0.8352887421874999 0.45282346562500003 0.8371893281249999 0.44331140312499995
1 0.8328581875 0.44131030625 0.82892909375 0.4396655703125 0.826991959375 0.4489857453125 0.8309576015625 0.45063048281249996 0.8328581875 0.44131030625
1 0.8281432750000001 0.43936403437499993 0.8247258765625001 0.4380208328125 0.8229166671874999 0.4469846484375 0.8265168125000001 0.4484100875 0.8281432750000001 0.43936403437499993
1 0.818695175 0.4342927625 0.8151315796875 0.43240131562500006 0.8130116953125001 0.441776315625 0.8163011703124999 0.44333881562500005 0.818695175 0.4342927625
1 0.8037463453125 0.430811403125 0.8002923984375 0.429221490625 0.7983735375000001 0.43865131562500004 0.8018823093749999 0.440323465625 0.8037463453125 0.430811403125
1 0.5388340640625 0.2986019734375 0.5352558484375 0.2981441890625 0.5345942984375001 0.30844298281250004 0.53824926875 0.308991228125 0.5388340640625 0.2986019734375
1 0.52892909375 0.29610745625 0.5252558484375001 0.295614034375 0.5244700296875 0.30622258750000003 0.5281981 0.3067982453125 0.52892909375 0.29610745625
1 0.531706871875 0.28667763125 0.52816155 0.2848684203125 0.5259868421875 0.29311951718749996 0.5296966375000001 0.2947094296875 0.531706871875 0.28667763125
1 0.5080062140625 0.25943530625 0.5072002921875 0.2620065796875 0.5110745609375 0.264528509375 0.5119700296875 0.2619791671875 0.5080062140625 0.25943530625
1 0.4924506578125 0.2531743421875 0.49035087656250004 0.25254934218749997 0.48962171093749995 0.25839089843749996 0.4916849421875 0.259073465625 0.4924506578125 0.2531743421875
1 0.4889985375 0.250948465625 0.48713450312499995 0.250466009375 0.486366959375 0.2561677625 0.48828581875 0.256661184375 0.4889985375 0.250948465625
1 0.444170321875 0.23160635937500001 0.444956140625 0.22913925468750002 0.4412828953125 0.226178728125 0.4405153515625 0.2286458328125 0.444170321875 0.23160635937500001
1 0.4290935671875 0.2208059203125 0.4297697375 0.2185855265625 0.42595029218749997 0.2158991234375 0.42525584843750003 0.21811951718749997 0.4290935671875 0.2208059203125
1 0.4075566515625 0.2192653515625 0.40762061406249994 0.213760965625 0.40122441562500005 0.2135690796875 0.40118786562500003 0.2192434203125 0.4075566515625 0.2192653515625
1 0.40434941562500004 0.196573465625 0.40460526249999995 0.191036184375 0.3974963453125 0.190213815625 0.397185671875 0.195668859375 0.40434941562500004 0.196573465625
1 0.012061403125 0.0743969296875 0.0109649125 0.0799342109375 0.0125731 0.080921053125 0.013724415625 0.0752467109375 0.012061403125 0.0743969296875
0 0.2935946640625 0.6359100875 0.2890350875 0.6344024125 0.286239034375 0.6501096484375 0.2912097953125 0.6520010968750001 0.2935946640625 0.6359100875
0 0.4836385234375 0.5530866234375 0.47927631562500006 0.55074013125 0.47529239843750004 0.5641721484375 0.4797880109375 0.566885965625 0.4836385234375 0.5530866234375
0 0.48759137499999994 0.54608004375 0.48982090625 0.5386787281250001 0.47934941562500005 0.5316337718749999 0.47717470781250004 0.5388157890625 0.48759137499999994 0.54608004375
1 0.26944444375 0.1431469296875 0.2674707609375 0.1407072375 0.2631578953125 0.1462719296875 0.265186403125 0.148876096875 0.26944444375 0.1431469296875
1 0.9283260234374999 0.07774122812499999 0.924722221875 0.0771354171875 0.9239948828125 0.08771929843750001 0.9275201015625001 0.088251096875 0.9283260234374999 0.07774122812499999
1 0.7275767546874999 0.12379385937500001 0.726937134375 0.130948465625 0.734009503125 0.13201754375000002 0.7346217109375 0.1249369515625 0.7275767546874999 0.12379385937500001
1 0.41211805625000003 0.2825904609375 0.408991228125 0.28125 0.40729166718750004 0.2896655703125 0.41063413750000005 0.291077303125 0.41211805625000003 0.2825904609375
1 0.9846125734375001 0.245668859375 0.9823464906250001 0.2451754390625 0.9815570171875001 0.2533196265625 0.9838706140625 0.253807565625 0.9846125734375001 0.245668859375
1 0.9769608921874999 0.24191337656249998 0.9744700296875 0.24133771875 0.9737207609375 0.2495065796875 0.9762189328125 0.2500520828125 0.9769608921874999 0.24191337656249998
1 0.9642562140625 0.23697368437500002 0.9620796781250001 0.235992325 0.9604166671875 0.24421600937500001 0.962591375 0.2451754390625 0.9642562140625 0.23697368437500002
1 0.842507309375 0.193393640625 0.8418128656249999 0.1959155703125 0.8459429828125 0.19854714843750002 0.8465826015625 0.19608004375000002 0.842507309375 0.193393640625
1 0.8511878656249999 0.1930921046875 0.85058845 0.1958004390625 0.8549524859375 0.19775219375 0.8554459062499999 0.1950932015625 0.8511878656249999 0.1930921046875
1 0.9224415203125 0.0997532890625 0.9262609656249999 0.09972587656250001 0.9265533625 0.0885690796875 0.9227156437499999 0.0884868421875 0.9224415203125 0.0997532890625
1 0.018302265625 0.050984101562499995 0.0190058484375 0.047286184375 0.0138505109375 0.04514254375 0.0131542390625 0.0490378296875 0.018302265625 0.050984101562499995
0 0.0125 0.2740953953125 0.0162828953125 0.2751918859375 0.018402778124999998 0.260498903125 0.01450840625 0.2593229171875 0.0125 0.2740953953125
0 0.018402778124999998 0.272341009375 0.0224232453125 0.273793859375 0.023556285937499997 0.261239034375 0.019769737500000002 0.2600740125 0.018402778124999998 0.272341009375
0 0.022046784375 0.274262609375 0.025829678124999998 0.2753591015625 0.0279495609375 0.26066611875 0.024055190625 0.25949013125 0.022046784375 0.274262609375
0 0.28210891875 0.9314144734375001 0.28024488281250004 0.9375274125 0.289510234375 0.94375 0.29135599375 0.9375822375 0.28210891875 0.9314144734375001
0 0.2645833328125 0.9229440796875 0.2622989765625 0.9295778515625001 0.2724049703125 0.93675986875 0.27450657968750003 0.930153509375 0.2645833328125 0.9229440796875
1 0.35701754375 0.805811403125 0.356158625 0.8089638156250001 0.35963084843750004 0.8111293859375 0.360471490625 0.8080592109375001 0.35701754375 0.805811403125
1 0.34978070156249996 0.8323190796875 0.348921784375 0.8353070171875 0.352456140625 0.837645284375 0.353296784375 0.8347395828125 0.34978070156249996 0.8323190796875
1 0.35677814375 0.6968421046875 0.354989034375 0.6962171046875001 0.35391081875 0.703563596875 0.35571089218749996 0.7042543859375 0.35677814375 0.6968421046875
1 0.5236239031250001 0.4951288375 0.5220102343749999 0.49437774062499995 0.520617690625 0.5003042765625 0.5222404968750001 0.5010142546874999 0.5236239031250001 0.4951288375
1 0.5103618421875 0.24476425468750002 0.5095760234375 0.2509594296875 0.5166301171875001 0.253125 0.5172880109375 0.246463815625 0.5103618421875 0.24476425468750002
1 0.5375731 0.6290844296875 0.53053728125 0.6266721484375 0.52258771875 0.67415021875 0.5296966375000001 0.6765899125 0.5375731 0.6290844296875
1 0.54457236875 0.6404057015625 0.5383954671875 0.6377192984375 0.5298428359375 0.6834703953125 0.5360380109375 0.6859100875 0.54457236875 0.6404057015625
1 0.61332236875 0.658223684375 0.6064491953125 0.6551836625 0.5970394734375 0.70079495625 0.60387426875 0.704276315625 0.61332236875 0.658223684375
1 0.625018275 0.6654331140624999 0.6181652046874999 0.6622532890625 0.6087353796875 0.7100328953124999 0.6156981 0.71334978125 0.625018275 0.6654331140624999
1 0.633278509375 0.6765350875 0.6253837718749999 0.6727796046875001 0.61558845 0.718695175 0.6235014624999999 0.72258771875 0.633278509375 0.6765350875
1 0.6450657890625 0.68662280625 0.6379020468750001 0.6829221484375 0.6273574562500001 0.7310855265625 0.634777046875 0.7349232453125001 0.6450657890625 0.68662280625
1 0.6541301171875 0.6908168859375 0.6467288015625 0.6872532890625 0.63753655 0.7322368421875 0.6447368421874999 0.7354440796875 0.6541301171875 0.6908168859375
1 0.6909173984375 0.689007675 0.6834247078125 0.6858278515625 0.6743421046875 0.7336348687500001 0.6819261703125 0.737033990625 0.6909173984375 0.689007675
1 0.6998903515625 0.698135965625 0.692525584375 0.6949287281250001 0.683205409375 0.74139254375 0.6906067250000001 0.744928728125 0.6998903515625 0.698135965625
1 0.710526315625 0.709320175 0.7025950296875 0.705811403125 0.6940423984375 0.7553179828125 0.7021929828125 0.7584155703125 0.710526315625 0.709320175
1 0.7220029234374999 0.71334978125 0.7141264625 0.709676534375 0.7026315796875 0.7618695171875001 0.7105994156250001 0.7659265343749999 0.7220029234374999 0.71334978125
1 0.757364765625 0.7264528515625 0.7489948828124999 0.7242050437499999 0.741739765625 0.7752467109375 0.7504934203125 0.7779331140625 0.757364765625 0.7264528515625
1 0.7703033625 0.731633771875 0.761403509375 0.73040021875 0.7568530703125 0.7787280703125 0.765972221875 0.780811403125 0.7703033625 0.731633771875
1 0.7814327484375 0.7424616234375 0.7721673984375 0.7404057015625 0.766341375 0.7890158984375 0.7759320171875 0.7916666671875 0.7814327484375 0.7424616234375
1 0.573757309375 0.708963815625 0.5672880109375 0.705866228125 0.5579678359375 0.751206140625 0.564491959375 0.7545230265625 0.573757309375 0.708963815625
1 0.5517178359375 0.8401041671874999 0.544883040625 0.8370339906250001 0.5356725140624999 0.8830043859375 0.5421783625 0.8859375 0.5517178359375 0.8401041671874999
1 0.5849963453125 0.8627192984375001 0.5779788015625 0.859046053125 0.5673428359375 0.9077028515625001 0.5740862578125 0.911293859375 0.5849963453125 0.8627192984375001
1 0.5939692984375 0.8661458328125 0.5868055562500001 0.8625548249999999 0.5768274859375 0.9098684203125 0.5835709062500001 0.913651315625 0.5939692984375 0.8661458328125
1 0.6483369890625 0.8956414468749999 0.641885965625 0.8923793859375 0.6334612578125001 0.9291118421875 0.6396381578125 0.9326206140625001 0.6483369890625 0.8956414468749999
1 0.5827850875 0.9166118421875 0.57574926875 0.9128289468749999 0.5657529234374999 0.9603070171875 0.57260599375 0.9635142546875001 0.5827850875 0.9166118421875
1 0.7082236843749999 0.887143640625 0.700328946875 0.8816831140625 0.6863121343749999 0.9272203953125 0.694097221875 0.9322916671874999 0.7082236843749999 0.887143640625
1 0.734393275 0.9032072375 0.7273483187500001 0.8936540562499999 0.7054824562500001 0.93209978125 0.712408625 0.9413651312500001 0.734393275 0.9032072375
1 0.7658114031250001 0.915 0.757437865625 0.9108278515625001 0.7467105265625 0.9560581140625001 0.755171784375 0.9603344296874999 0.7658114031250001 0.915
1 0.8251023390625001 0.7826206140624999 0.8232638890624999 0.7942708328125 0.8577485375 0.8071820171875 0.8599049703125001 0.79602521875 0.8251023390625001 0.7826206140624999
1 0.8275950296874999 0.7502192984375 0.827046784375 0.7611567984375001 0.86023391875 0.7653234656250001 0.8609100875 0.7545230265625 0.8275950296874999 0.7502192984375
1 0.9016630109375001 0.8248081140625001 0.8927814328125001 0.8224917765624999 0.887865496875 0.8658717109375 0.8971856718750001 0.868311403125 0.9016630109375001 0.8248081140625001
1 0.843841375 0.908936403125 0.8416483921875001 0.9196820171875 0.8705957609375 0.9317982453125 0.87256944375 0.9208881578125 0.843841375 0.908936403125
1 0.5197916671875 0.4484375 0.5119334796875 0.4440241234375 0.5 0.4891721484375 0.5080226609375 0.49391447343749995 0.5197916671875 0.4484375
1 0.515204678125 0.4052905703125 0.516703215625 0.3935581140625 0.48574561406249994 0.38560855312500003 0.484320175 0.3975328953125 0.515204678125 0.4052905703125
0 0.90183845 0.9261567984375001 0.9008954671874999 0.9351973687499999 0.915222953125 0.9391447375 0.9163614765625001 0.9307456140625 0.90183845 0.9261567984375001
0 0.3328399125 0.823081140625 0.33802631562499996 0.82650219375 0.34224597968750003 0.8118256578124999 0.337152778125 0.8081962718750001 0.3328399125 0.823081140625
1 0.6200091375000001 0.311790021875 0.6185106 0.31096765312499997 0.6171217109375 0.31655975937499997 0.6185654234375 0.3173821265625 0.6200091375000001 0.311790021875
1 0.6224579671875 0.31220668906250004 0.6209594296875001 0.3113843203125 0.619570540625 0.316976425 0.6210142546874999 0.31779879375000003 0.6224579671875 0.31220668906250004
1 0.6251279234375 0.3147944078125 0.6236293859375001 0.3139720390625 0.622240496875 0.3195641453125 0.6236842109375 0.3203865125 0.6251279234375 0.3147944078125
1 0.6275767546875 0.3172971484375 0.626078215625 0.31647478125 0.624689328125 0.3220668859375 0.626133040625 0.3228892546875 0.6275767546875 0.3172971484375
1 0.6296911546875 0.3200520828125 0.6281926171875 0.319229715625 0.626803728125 0.3248218203125 0.6282474421875001 0.32564418906250003 0.6296911546875 0.3200520828125
1 0.6322514625 0.31896655625000003 0.6307529234375 0.31814418906249997 0.629364034375 0.32373629375 0.6308077484375 0.3245586625 0.6322514625 0.31896655625000003
1 0.6343658624999999 0.32021929843749997 0.632867325 0.3193969296875 0.6314784359375001 0.32498903437500004 0.6329221484375 0.325811403125 0.6343658624999999 0.32021929843749997
1 0.7341008765625 0.7187774124999999 0.7260928359375 0.7152165562499999 0.7162280703125 0.764391446875 0.7244334796875 0.76792763125 0.7341008765625 0.7187774124999999
1 0.5314692984375 0.3801809203125 0.522971490625 0.3778508765625 0.5165497078125 0.4262033984375 0.5249817250000001 0.42861842031249997 0.5314692984375 0.3801809203125
0 0.43698099375000005 0.8884703953124999 0.43225511718750004 0.886293859375 0.428435671875 0.904276315625 0.433132309375 0.9064967109375001 0.43698099375000005 0.8884703953124999
0 0.31635599375 0.8339912281249999 0.31169590625 0.8308662281249999 0.3069407890625 0.8468009875 0.3115314328125 0.8497258765625 0.31635599375 0.8339912281249999
0 0.3127192984375 0.8263980265624999 0.3171966375 0.8294133765625 0.32156250000000003 0.8148903515624999 0.31706871406250003 0.8118421046875 0.3127192984375 0.8263980265624999
0 0.0097112578125 0.2726178734375 0.0129934203125 0.27395833281250004 0.0144407890625 0.259262609375 0.011268275 0.25826206093750004 0.0097112578125 0.2726178734375
0 0.027028509375 0.273135965625 0.031231725 0.273135965625 0.0311038015625 0.257401315625 0.0266995609375 0.25762061406250003 0.027028509375 0.273135965625
0 0.0327119890625 0.27557565781250004 0.037847221874999996 0.2775767546875 0.040985014062500005 0.2597505484375 0.0359466375 0.257757675 0.0327119890625 0.27557565781250004
0 0.052805190625 0.2657593203125 0.048866959375000005 0.263651315625 0.044864765625000004 0.2783717109375 0.049104532812500004 0.2805921046875 0.052805190625 0.2657593203125
0 0.2467288015625 0.0123081140625 0.2467470765625 0.005126096875 0.23656798281250002 0.0049342109375 0.2365497078125 0.012116228125 0.2467288015625 0.0123081140625
0 0.4014071640625 0.0453399125 0.40296052656250003 0.037171053125 0.3909466375 0.0323190796875 0.3892726609375 0.040679824999999996 0.4014071640625 0.0453399125
0 0.536275584375 0.065981359375 0.5377741234375 0.0584703953125 0.5260599421875 0.053453946875000005 0.5243238296875 0.060882675 0.536275584375 0.065981359375
0 0.510453215625 0.0345668859375 0.5119517546875 0.027001096875000002 0.5013340640624999 0.0220668859375 0.4997076015625 0.029769737499999997 0.510453215625 0.0345668859375
0 0.6853618421875 0.1661458328125 0.687097953125 0.156661184375 0.6740497078125001 0.1513432015625 0.6720211984375 0.1608004390625 0.6853618421875 0.1661458328125
0 0.9742690062499999 0.10926535156249999 0.973044590625 0.11787280625 0.98680555625 0.1224232453125 0.9879020468749999 0.1138157890625 0.9742690062499999 0.10926535156249999
0 0.9041447375 0.19126370625 0.9092105265624999 0.19328399062499999 0.9120668859375 0.1756716015625 0.9069992687499999 0.17390350937500001 0.9041447375 0.19126370625
0 0.898081140625 0.1876096484375 0.9029422515625001 0.1884594296875 0.904385965625 0.172998903125 0.8994883046875 0.1721217109375 0.898081140625 0.1876096484375
0 0.8893092109375 0.1861567984375 0.8945175437499999 0.186403509375 0.8950292390625 0.1694078953125 0.8897843562500001 0.169188596875 0.8893092109375 0.1861567984375
0 0.9685672515625001 0.2794133765625 0.970723684375 0.272203946875 0.9614583328125 0.2662006578125 0.9592288015625 0.27335526250000003 0.9685672515625001 0.2794133765625
0 0.949437134375 0.9092434203125 0.9466008765625 0.9176809203125 0.960489765625 0.928536184375 0.963293128125 0.92009594375 0.949437134375 0.9092434203125
0 0.2771381578125 0.9541666671875 0.275018275 0.9607730265625 0.28517909375 0.9680921046875 0.2872624265625 0.96170504375 0.2771381578125 0.9541666671875
0 0.0334429828125 0.8654879390625 0.0358004390625 0.859731359375 0.028070175000000003 0.8526589906250001 0.025716375000000003 0.8582154609374999 0.0334429828125 0.8654879390625
0 0.020765715625 0.6913925437499999 0.016027046875 0.6890350875 0.012554825 0.70542763125 0.0172331875 0.7076754390625 0.020765715625 0.6913925437499999
0 0.33658260156250003 0.3869270828125 0.3416849421875 0.3895833328125 0.34535818749999997 0.37341008750000004 0.34035087656249996 0.37110745624999997 0.33658260156250003 0.3869270828125
0 0.40340277812499997 0.2793092109375 0.3987207609375 0.27743969375 0.395614034375 0.29375 0.4002796046875 0.2957319078125 0.40340277812499997 0.2793092109375
0 0.41195175468749995 0.237033990625 0.4073099421875 0.2348684203125 0.40387426875 0.2498903515625 0.40853435625 0.2520833328125 0.41195175468749995 0.237033990625
0 0.6690058484375 0.2890899125 0.6671235375 0.29668311406250003 0.6778508765625 0.3017543859375 0.6794773390625 0.2943530703125 0.6690058484375 0.2890899125
0 0.6528326015625 0.282510965625 0.6509137421875 0.2904605265625 0.6610562859375 0.29542214843750003 0.662903875 0.287700109375 0.6528326015625 0.282510965625
0 0.10554459062499999 0.7884895828125 0.10138888906250001 0.7857456140625 0.096491228125 0.8017543859374999 0.1006030703125 0.8047176531250001 0.10554459062499999 0.7884895828125
0 0.0607821640625 0.96806469375 0.056779970312500004 0.9648574562500001 0.0515716375 0.9800986843749999 0.0556103796875 0.9831414468749999 0.0607821640625 0.96806469375
0 0.4629934203125 0 0.46019736875 0.0093475875 0.46478435625000003 0.01167763125 0.46794590625000004 0 0.4629934203125 0
1 0.1265899125 0.061430920312500005 0.1256542390625 0.0640953953125 0.1294389625 0.0666831140625 0.1302997078125 0.064007675 0.1265899125 0.061430920312500005
1 0.9696454671874999 0.433278509375 0.9689875734375001 0.4373629390625 0.9750402046875 0.43951754374999996 0.9756030703125 0.435471490625 0.9696454671874999 0.433278509375
1 0.2954312859375 0.0079221484375 0.2947916671875 0.0118421046875 0.30013157968750004 0.013673245312499999 0.30069444375 0.009868420312499999 0.2954312859375 0.0079221484375
1 0.528472221875 0.2703399125 0.5263888890625 0.269928728125 0.5255482453125 0.27749451718749996 0.5276133046875 0.2779331140625 0.528472221875 0.2703399125
1 0.5309758765625 0.271463815625 0.52892909375 0.27088815781250003 0.5280519 0.278125 0.530116959375 0.278536184375 0.5309758765625 0.271463815625
1 0.5018274859375 0.25542763125 0.5010215640625 0.25836896875000004 0.505171784375 0.260882675 0.5059484656250001 0.25798245625 0.5018274859375 0.25542763125
1 0.9673428359375 0.44353070156249996 0.9671875 0.44733004374999996 0.97260599375 0.44756030625000004 0.9726425437499999 0.44372258750000004 0.9673428359375 0.44353070156249996
1 0.5168494156250001 0.097341009375 0.51787280625 0.0937225875 0.5135416671875 0.09122807031249999 0.5125548249999999 0.094846490625 0.5168494156250001 0.097341009375
1 0.45798611093749997 0.062911184375 0.45875365468749996 0.060224781250000005 0.454294590625 0.057510965625 0.4535599421875 0.060158990625 0.45798611093749997 0.062911184375
1 0.5255847953125 0.2697094296875 0.52333150625 0.2693558109375 0.5228983921875 0.27623355312500003 0.5251461984375 0.2766721484375 0.5255847953125 0.2697094296875
1 0.517507309375 0.26444901249999997 0.5160233921875 0.265770284375 0.51824926875 0.2716145828125 0.5198263890625 0.2705016453125 0.517507309375 0.26444901249999997
1 0.2400584796875 0.1270559203125 0.23548976562499999 0.12387609687500001 0.2346673984375 0.126891446875 0.2389437140625 0.1298519734375 0.2400584796875 0.1270559203125
0 0.6550749265625 0.29425438593750003 0.653563596875 0.301260965625 0.6626096484375 0.30520833281250004 0.6639619890625 0.2984375 0.6550749265625 0.29425438593750003
0 0.63368969375 0.2849177625 0.6317616953125 0.29331140312500004 0.644239765625 0.299117325 0.6460946640625 0.29083059218749996 0.63368969375 0.2849177625
0 0.6340826015625 0.274533990625 0.632419590625 0.2818530703125 0.644115496875 0.287061403125 0.6455592109375 0.2799342109375 0.6340826015625 0.274533990625
0 0.7908790203125 0.34437774062500004 0.7893274859375 0.3518092109375 0.8016209796875 0.35759320156249996 0.8030135234375001 0.35011513125 0.7908790203125 0.34437774062500004
0 0.5403874265625 0.40054824531250005 0.535544590625 0.398135965625 0.5322185671875 0.414418859375 0.5368786546875 0.416831140625 0.5403874265625 0.40054824531250005
0 0.4069133765625 0.2615350875 0.40186403437499996 0.259703946875 0.39883040937500003 0.27598684218749997 0.40382127187499994 0.278053728125 0.4069133765625 0.2615350875
0 0.8535818718750001 0.9520230265625 0.8577485375 0.9581962718750001 0.8677722953125 0.9452604171875001 0.8638157890624999 0.938760965625 0.8535818718750001 0.9520230265625
0 0.8664290937500001 0.9517817984375 0.8701571640625 0.9582785093749999 0.88046418125 0.9475054828125 0.8769554093749999 0.9403234656249999 0.8664290937500001 0.9517817984375
0 1 0.8924533984374999 0.9926187859375 0.8919572375 0.9921600875 0.9001370609375 1 0.90084978125 1 0.8924533984374999
0 0.9727028515624999 0.8371518640625 0.9732090640625 0.8271381578125 0.9593567249999999 0.8256304828125 0.9587920328124999 0.8356496703125 0.9727028515624999 0.8371518640625
0 0.9767269734375 0.6894380484375 0.970650584375 0.6890350875 0.9700475140625 0.7114857453125001 0.97612573125 0.711776315625 0.9767269734375 0.6894380484375
0 1 0.4449479171875 0.9949214187500001 0.44331688593749996 0.9936769 0.4521381578125 1 0.4537033984375 1 0.4449479171875
0 0.943384503125 0.42576754375 0.9410087718750001 0.4338267546875 0.951882309375 0.43972039531249996 0.9540204671874999 0.431606359375 0.943384503125 0.42576754375
0 0.22468932812500003 0.021491228125 0.2248355265625 0.013651315624999999 0.21472770468750002 0.013292215625000001 0.21458881562499998 0.021151315625 0.22468932812500003 0.021491228125
0 0.19367689999999999 0.0922971484375 0.191739765625 0.0983552625 0.200456871875 0.10383771875 0.2024853796875 0.0977796046875 0.19367689999999999 0.0922971484375
0 0.0736038015625 0.30269188593749996 0.07448830468749999 0.297176534375 0.0662646203125 0.294106359375 0.0653691515625 0.299616228125 0.0736038015625 0.30269188593749996
0 0.0491995609375 0.281885965625 0.053874268749999996 0.2845942984375 0.058022660937500005 0.26806469375 0.053139620312500004 0.2653591015625 0.0491995609375 0.281885965625
0 0.04105263125 0.2792817984375 0.0454605265625 0.280783990625 0.04833150625 0.26395833281250003 0.043991228125 0.26225603125 0.04105263125 0.2792817984375
0 0.0068165203125 0.2717105265625 0.0102704671875 0.27261513125 0.011823829687499999 0.25868969375 0.008662281249999999 0.2576754390625 0.0068165203125 0.2717105265625
0 0 0.267001096875 0.00097405 0.2675274125 0.002810671875 0.25567434218749996 0.00014619843749999999 0.2545778515625 0 0.2560416671875 0 0.267001096875
0 0.2833516078125 0.46280153437499993 0.2783442984375 0.4611293859375 0.2760106 0.476417215625 0.2812408625 0.47816885937500003 0.2833516078125 0.46280153437499993
0 0.2758991234375 0.45738486875 0.2708333328125 0.45581140312499996 0.2684429828125 0.4733278515625 0.2734502921875 0.47474780625 0.2758991234375 0.45738486875
0 0.25714546718750003 0.471573465625 0.26215277812500004 0.4732456140625 0.26460160781250003 0.45529879375000004 0.2596491234375 0.45378289531249993 0.25714546718750003 0.471573465625
0 0.25825840625 0.45588267499999996 0.253143275 0.45413925468749994 0.2501827484375 0.47124451718750004 0.25547697343750003 0.4731606359375 0.25825840625 0.45588267499999996
0 0.2526388890625 0.4526288375 0.2478618421875 0.4509594296875 0.245294225 0.46623355312500003 0.2499671046875 0.46798519687500006 0.2526388890625 0.4526288375
0 0.2406195171875 0.4656496703125 0.244901315625 0.46773574531250006 0.2481304828125 0.45037280625 0.24384685625000002 0.448538925 0.2406195171875 0.4656496703125
0 0.307419590625 0.651260965625 0.31216557031250003 0.6530701750000001 0.3149671046875 0.6367324562500001 0.3102302625 0.63493969375 0.307419590625 0.651260965625
0 0.30742507343750003 0.6323355265624999 0.3024853796875 0.6306469296875 0.299945175 0.6474506578125 0.30502192968749997 0.6489638156249999 0.30742507343750003 0.6323355265624999
0 0.2916666671875 0.6095942984375 0.290606725 0.6172149124999999 0.3011476609375 0.6204166671875 0.301955409375 0.6125 0.2916666671875 0.6095942984375
0 0.33072002968750003 0.749533990625 0.32582236875000004 0.74912280625 0.3252558484375 0.7648848687500001 0.3302083328125 0.765213815625 0.33072002968750003 0.749533990625
0 0.323921784375 0.7452028515625 0.31902412343750003 0.745696271875 0.3196418125 0.7620559203124999 0.3245394734375 0.7618037281250001 0.323921784375 0.7452028515625
0 0.3635051171875 0.7802631578125 0.35858918125 0.7790844296875 0.3568713453125 0.794956140625 0.3615168125 0.7960005484375 0.3635051171875 0.7802631578125
0 0.338072003125 0.829561403125 0.3329312859375 0.82587719375 0.328143275 0.842626096875 0.33329495625 0.8460471484375001 0.338072003125 0.829561403125
0 0.3314144734375 0.7963541671875001 0.33574561406250003 0.798848684375 0.33982090625 0.7845942984375001 0.335635965625 0.7818530703125 0.3314144734375 0.7963541671875001
0 0.335919225 0.8019544953125 0.3302997078125 0.79769736875 0.3245668859375 0.8138075656250001 0.33024305625 0.8175630484375 0.335919225 0.8019544953125
0 0.320010965625 0.8354166671875 0.32573099375000003 0.8386787281249999 0.3307383046875 0.81957236875 0.32517909375 0.8161430921875 0.320010965625 0.8354166671875
0 0.3679879390625 0.832102521875 0.36948099375 0.82584978125 0.3597514625 0.8205838812499999 0.3581377921875 0.8270942984375 0.3679879390625 0.832102521875
0 0.9880482453124999 0.9427631578125 0.981706871875 0.9422971484374999 0.9810489765625 0.9585800437499999 0.9876644734375001 0.959375 0.9880482453124999 0.9427631578125
0 0.9142543859375 0.928070175 0.9156432750000001 0.9191611843749999 0.9017361109375001 0.913733553125 0.900054825 0.9231633765625 0.9142543859375 0.928070175
1 0.4987207609375 0.169188596875 0.49583333281249997 0.18199013125000002 0.5267543859375 0.194106359375 0.5293000734375 0.1814857453125 0.4987207609375 0.169188596875
1 0.9035654234375 0.7658196265625 0.9023209062499999 0.77576754375 0.9283735375 0.783270284375 0.9296235375 0.7734621703125 0.9035654234375 0.7658196265625
1 0.9 0.7759046046875 0.897989765625 0.78673245625 0.9241410812499999 0.7973958328124999 0.9256816515624999 0.7870202843749999 0.9 0.7759046046875
1 0.6068165203125 0.867231359375 0.599285453125 0.8638678734375 0.58982090625 0.9127741234375 0.59760599375 0.9162828953125001 0.6068165203125 0.867231359375
1 0.6694809937499999 0.800356359375 0.661330409375 0.7962993421875 0.6512408625 0.84552905625 0.658936403125 0.8493695171875 0.6694809937499999 0.800356359375
1 0.6814692984375 0.7892817984375 0.673848684375 0.7857456140625 0.6639254390625 0.8346217109375 0.6710891812499999 0.8379934203125 0.6814692984375 0.7892817984375
1 0.63371345 0.741592653125 0.626096490625 0.7381304828124999 0.6177997078125 0.7848684203125 0.6252923984375001 0.787966009375 0.63371345 0.741592653125
1 0.6150219296875 0.7185718203125 0.60694444375 0.7149369515624999 0.5977138156249999 0.7623629390625 0.605328946875 0.7661705046875 0.6150219296875 0.7185718203125
1 0.743839546875 0.7239391453125 0.734375 0.7192708328124999 0.7248172515625 0.7685855265625 0.7341374265625 0.77258771875 0.743839546875 0.7239391453125
1 0.677046784375 0.6953399124999999 0.6695120609375 0.69160361875 0.6586074562500001 0.7438870609375 0.666063596875 0.7475054828125 0.677046784375 0.6953399124999999
1 0.637043128125 0.319928728125 0.635544590625 0.319106359375 0.6341557015625 0.324698465625 0.635599415625 0.3255208328125 0.637043128125 0.319928728125
1 0.6241319437499999 0.322442434375 0.6229075296875 0.3238596484375 0.6252923984375001 0.328536184375 0.626578946875 0.32728344374999996 0.6241319437499999 0.322442434375
1 0.49574926875 0.2335745609375 0.49590643281249996 0.229989034375 0.490972221875 0.22959155625 0.49078399062500006 0.23321271875 0.49574926875 0.2335745609375
0 0.48770467812499996 0.41625274062499995 0.48748172500000003 0.4234375 0.5001133046875 0.42401315781250004 0.5003289468750001 0.41699561406249996 0.48770467812499996 0.41625274062499995
0 0.004349415625 0.07132675468750001 0.0095577484375 0.0727796046875 0.011567982812499999 0.0568530703125 0.006304825 0.05553728125 0.004349415625 0.07132675468750001
1 0.718439328125 0.322341009375 0.7171966375000001 0.3260690796875 0.722819809375 0.3296518640625 0.7239875734375001 0.32589638125 0.718439328125 0.322341009375
1 0.698775584375 0.3115405703125 0.698044590625 0.315323465625 0.7040204671875 0.31800986875000004 0.7047331875 0.314117325 0.698775584375 0.3115405703125
1 0.670705409375 0.2979166671875 0.6697733921875 0.301507675 0.6754934203125 0.304276315625 0.6762975140624999 0.30076754375000003 0.670705409375 0.2979166671875
0 0.30847953281249996 0.7674890343749999 0.3064510234375 0.77428728125 0.31641081875 0.7802357453125001 0.31823830468750003 0.7737390343749999 0.30847953281249996 0.7674890343749999
0 0.30862573125 0.7585526312499999 0.306706871875 0.7649396937499999 0.31823830468750003 0.772341009375 0.319974415625 0.7660087718749999 0.30862573125 0.7585526312499999
1 0.14433479531249999 0.0046052625 0.1443713453125 0.010224781249999999 0.15038377187500002 0.0103344296875 0.150420321875 0.004742325 0.14433479531249999 0.0046052625
1 0.3966191515625 0.0161732453125 0.3926900578125 0.015734648437500002 0.3924524859375 0.0197094296875 0.39641081875 0.0201809203125 0.3966191515625 0.0161732453125
1 0.7405738296875 0.383695175 0.734283625 0.38201754375 0.73362573125 0.387938596875 0.73974780625 0.389528509375 0.7405738296875 0.383695175
1 0.7424342109375 0.3900493421875 0.7459795328125 0.392653509375 0.7493457609374999 0.38296874999999997 0.74586805625 0.38047697343750003 0.7424342109375 0.3900493421875
1 0.7549524859375001 0.3912006578125 0.753527046875 0.3970668859375 0.7605135234375 0.40076480312499996 0.76178728125 0.39490131562499997 0.7549524859375001 0.3912006578125
1 0.7529422515624999 0.39876644687499996 0.7515168125 0.40441337656250004 0.758241959375 0.40786732499999995 0.759546784375 0.402272478125 0.7529422515624999 0.39876644687499996
1 0.751206140625 0.4088541671875 0.7505299703125 0.41472039531249993 0.7577485375 0.41641995625000006 0.7582711984375 0.4106770828125 0.751206140625 0.4088541671875
1 0.7379075296875001 0.398678728125 0.7342653515625 0.396875 0.7322642546875 0.405981359375 0.735820540625 0.40800986874999995 0.7379075296875001 0.398678728125
1 0.7425036546875 0.401463815625 0.73902595 0.3996600875 0.7368603796875 0.40893640312499996 0.7404166671875 0.410797696875 0.7425036546875 0.401463815625
1 0.7491118421875 0.40534813593749996 0.7456341375 0.4035444078125 0.7434703953125 0.41265076718750004 0.7470211984375 0.414418859375 0.7491118421875 0.40534813593749996
1 0.7547770468749999 0.32884594375 0.7532529234374999 0.33585526250000003 0.7618713453125 0.34004385937500003 0.7633552625 0.3329495609375 0.7547770468749999 0.32884594375
1 0.679276315625 0.30627741249999996 0.677686403125 0.31282894687499996 0.6870065796875 0.3171875 0.6884850140625 0.31056469375 0.679276315625 0.30627741249999996
1 0.6936403515625 0.313760965625 0.692046784375 0.3203782890625 0.7001461984375 0.32428728125 0.7016812859375 0.31776315781250003 0.6936403515625 0.313760965625
1 0.78433845 0.4202028515625 0.780793128125 0.4192434203125 0.7795486109375 0.4283278515625 0.783278509375 0.429303728125 0.78433845 0.4202028515625
1 0.7990314328125 0.42842653437499995 0.7953453953125 0.4269983546875 0.7941557015625 0.43586074531249996 0.7978252921875 0.43706140312499997 0.7990314328125 0.42842653437499995
1 0.813742690625 0.43358004375 0.81021564375 0.4327028515625 0.8092653515625001 0.441858553125 0.8127741234375 0.4427083328125 0.813742690625 0.43358004375
1 0.8240497078125 0.4375822375 0.8206871343750001 0.43516995625000005 0.81803728125 0.44369517500000005 0.821472953125 0.44599780625 0.8240497078125 0.4375822375
1 0.8482090640625 0.41584429843750004 0.84460891875 0.41351425468749997 0.8416849421875 0.42269736875 0.8452850875 0.4251370609375 0.8482090640625 0.41584429843750004
1 0.8088084796875 0.432483553125 0.8048903515625 0.43134320156249994 0.8035453218749999 0.4408442984375 0.8075292390625 0.4420504390625 0.8088084796875 0.432483553125
1 0.789285453125 0.42350603124999997 0.7857273390625 0.4224780703125 0.7841557015625 0.432510965625 0.7877375734375 0.4337171046875 0.789285453125 0.42350603124999997
1 0.62521564375 0.3430043859375 0.6209247078125 0.33947368437500003 0.6200383765625 0.34201754375000004 0.624400584375 0.34532072343750003 0.62521564375 0.3430043859375
1 0.2383698828125 0.154344846875 0.2347331875 0.152700109375 0.232649853125 0.16155427656250002 0.23626827499999997 0.1635005484375 0.2383698828125 0.154344846875
1 0.2341191515625 0.15227521875 0.23048245625 0.1506304828125 0.22839912343750002 0.15948464843750002 0.23201754375 0.1614309203125 0.2341191515625 0.15227521875
1 0.5407456140625 0.2872149125 0.537061403125 0.2864583328125 0.536239034375 0.29602521875 0.5400036546875 0.296820175 0.5407456140625 0.2872149125
1 0.4610745609375 0.230783990625 0.46204312812500004 0.224945175 0.455080409375 0.22264254375 0.45420504375000004 0.2285581140625 0.4610745609375 0.230783990625
0 0.3377558484375 0.805866228125 0.3427631578125 0.8099780703125001 0.348885234375 0.792653509375 0.3438231 0.788706140625 0.3377558484375 0.805866228125
1 0.9026736109375 0.22868421093750002 0.9029057015624999 0.22612390312500003 0.8983278515625001 0.22500822343750002 0.898141446875 0.227626096875 0.9026736109375 0.22868421093750002
0 0.9809612578125 0.73417763125 0.9743421046874999 0.733141446875 0.9735654234375 0.7570559203125 0.98003655 0.7579824562499999 0.9809612578125 0.73417763125
1 0.566008771875 0.5244791671875 0.5636878656250001 0.5355263156250001 0.5949744156250001 0.5494517546875 0.5974415203125 0.5387609656250001 0.566008771875 0.5244791671875
1 0.5595942984375 0.6389254390625 0.552814328125 0.6360471484375 0.54292763125 0.6876096484375 0.549524853125 0.6902138156250001 0.5595942984375 0.6389254390625
1 0.5705226609375 0.6415844296875 0.5624269 0.637828946875 0.55241228125 0.6842105265625 0.5603435671875 0.68832236875 0.5705226609375 0.6415844296875