0 0.974634503125 0 0.9741045328125001 0.0016721484375000002 0.9806652046875 0.0052631578125000005 0.98194444375 0.00087719375 0.9809173984375 0 0.974634503125 0
0 0.9919407890624999 0.008854167187500001 0.99316155 0.0035581140625 0.9855208328125 0 0.9842653515625001 0.00493969375 0.9919407890624999 0.008854167187500001
1 0.9439692984375 0.07420504375 0.9439345765624999 0.068807565625 0.9376187859374999 0.068610196875 0.9376096484374999 0.07417763125 0.9439692984375 0.07420504375
1 0.9456505843749999 0.0563596484375 0.94448099375 0.062198465625 0.9502375734375 0.0643092109375 0.9512975140625001 0.058388157812499994 0.9456505843749999 0.0563596484375
1 0.92239400625 0.08582236875 0.9257675437499999 0.08821271875 0.9297149125 0.078563596875 0.9263706140625001 0.07623355312499999 0.92239400625 0.08582236875
0 0.5394974421875001 0.1334457234375 0.5374269 0.1387883765625 0.545257675 0.144983553125 0.5475511703125 0.139501096875 0.5394974421875001 0.1334457234375
0 0.5182821640624999 0.2357072375 0.51948099375 0.2291940796875 0.51025219375 0.22593201718749997 0.5091191515625 0.23253837656249998 0.5182821640624999 0.2357072375
0 0.9091630109375 0.3308442984375 0.90850694375 0.3369846484375 0.9200475140625001 0.33985745624999997 0.9206213453125001 0.33370888125 0.9091630109375 0.3308442984375
0 0.918402778125 0.358251096875 0.9131944437499999 0.35904605312500004 0.9142543859375 0.3756030703125 0.919864765625 0.37491776250000003 0.918402778125 0.358251096875
0 0.8103070171875 0.32225877187499996 0.815204678125 0.3232730265625 0.8165752921875 0.30866228125 0.8115862578125 0.3077302625 0.8103070171875 0.32225877187499996
0 0.9382492687499999 0.399945175 0.9333881578125001 0.39989035156249997 0.9336988296875001 0.415186403125 0.9383771937500001 0.4150219296875 0.9382492687499999 0.399945175
0 0.93368055625 0.40084978125 0.9281067249999999 0.40090460468750005 0.9283808484374999 0.4183552625 0.934027778125 0.41800986875 0.93368055625 0.40084978125
0 0.9284338453125001 0.4213870609375 0.9236641078125001 0.4211677625 0.92381030625 0.4342982453125 0.9283972953124999 0.4342982453125 0.9284338453125001 0.4213870609375
0 0.9171034359375 0.41592653437499993 0.9123336984374999 0.41570723750000005 0.9124798984375 0.42883771875 0.9170668859375001 0.42883771875 0.9171034359375 0.41592653437499993
0 0.911275584375 0.41493969374999995 0.9065058484374999 0.41472039531249993 0.9066520468749999 0.42785087656250004 0.9112390343750001 0.42785087656250004 0.911275584375 0.41493969374999995
0 0.9074342109375 0.39678728125 0.9023209062499999 0.39649122812500004 0.901624634375 0.4136979171875 0.9067068718750001 0.4140350875 0.9074342109375 0.39678728125
0 0.90573099375 0.41521107500000004 0.90171418125 0.41538103125000003 0.9021308484375 0.42896655624999996 0.9061038015625 0.4287280703125 0.90573099375 0.41521107500000004
0 0.8947733921875001 0.4240405703125 0.898739034375 0.42458881562500006 0.8993951015625001 0.4131058109375 0.8953563593749999 0.412639803125 0.8947733921875001 0.4240405703125
0 0.888706140625 0.42900219375 0.8932017546875001 0.4294407890625 0.894153875 0.41301809218749996 0.8896016078125 0.41255482499999996 0.888706140625 0.42900219375
0 0.8838505109374999 0.42436951718750004 0.8879751468749999 0.42420504374999995 0.8877540203125 0.410158990625 0.883508771875 0.410383771875 0.8838505109374999 0.42436951718750004
0 0.8778673250000001 0.41108004375 0.8734137421874999 0.411362390625 0.8737024859375 0.42415021875000003 0.8781834796875 0.42382127187499996 0.8778673250000001 0.41108004375
0 0.865456871875 0.41993695156250005 0.8701937140625 0.42023026249999995 0.8708881578125001 0.40416666718750005 0.8658991234375 0.40430372812500004 0.865456871875 0.41993695156250005
0 0.8649853796875 0.4009594296875 0.8597770468749999 0.4015350875 0.86066155 0.4176754390625 0.8657529234375 0.41713267500000006 0.8649853796875 0.4009594296875
0 0.8538450296875 0.417116228125 0.8579312859374999 0.41650219374999997 0.8572441515625 0.4038596484375 0.8530116953125001 0.40448464843750004 0.8538450296875 0.417116228125
0 0.8310124265625 0.3946546046875 0.8268092109375 0.394051534375 0.82584064375 0.4088541671875 0.8302083328125001 0.4096217109375 0.8310124265625 0.3946546046875
0 0.8198282156250001 0.407373903125 0.8236659359375 0.40819627187499996 0.8246308484375 0.3948684203125 0.8210782156249999 0.3941118421875 0.8198282156250001 0.407373903125
0 0.815972221875 0.38314144687499996 0.8114766078125 0.3802357453125 0.8072880109374999 0.396461075 0.8119152046875 0.39915844375 0.815972221875 0.38314144687499996
0 0.8111019734375 0.372856359375 0.80705409375 0.371518640625 0.805098684375 0.384703946875 0.8091739765625 0.3860745609375 0.8111019734375 0.372856359375
0 0.779473684375 0.36879111875000004 0.7754934203125 0.3681469296875 0.774552265625 0.38237116250000003 0.778453946875 0.3830866234375 0.779473684375 0.36879111875000004
0 0.765471490625 0.371663925 0.7609283625 0.370367325 0.75858918125 0.387198465625 0.7632309937499999 0.388596490625 0.765471490625 0.371663925
0 0.740186403125 0.33700657968750003 0.74139254375 0.3302083328125 0.730793128125 0.3248081140625 0.7294590640624999 0.33207236875 0.740186403125 0.33700657968750003
0 0.74375 0.3172149125 0.7474963453125001 0.31751644687499997 0.7479897656250001 0.3061677625 0.7442616953125001 0.3057757671875 0.74375 0.3172149125
0 0.7548976609375 0.309429825 0.7505482453125001 0.30866228125 0.7494883046874999 0.3212993421875 0.7537097953125 0.32209429843750004 0.7548976609375 0.309429825
0 0.755847953125 0.3224232453125 0.7599963453125 0.3236293859375 0.762116228125 0.3100328953125 0.7580043859375001 0.30855263125 0.755847953125 0.3224232453125
0 0.7684502921874999 0.3278344296875 0.77264254375 0.32897478125 0.7744700296875 0.31378837656249997 0.7703764625 0.3126096484375 0.7684502921874999 0.3278344296875
0 0.7646929828125 0.3111293859375 0.7690953953124999 0.31294956093750004 0.7721783624999999 0.29790844375000003 0.7679824562500001 0.2958333328125 0.7646929828125 0.3111293859375
0 0.7827302625 0.3001370609375 0.778508771875 0.298903509375 0.7764985375 0.3137280703125 0.7805738296875 0.31504934218749997 0.7827302625 0.3001370609375
0 0.7893877921875 0.302952303125 0.7849963453125001 0.3014254390625 0.7826388890625 0.3158168859375 0.7872076015625 0.3173793859375 0.7893877921875 0.302952303125
0 0.791703215625 0.3197094296875 0.79607090625 0.32113486875 0.798135965625 0.30622258750000003 0.7938596484375 0.3048245609375 0.791703215625 0.3197094296875
0 0.78710891875 0.342242325 0.7858735375 0.3478344296875 0.7947916671875 0.35087719375000004 0.795705409375 0.345668859375 0.78710891875 0.342242325
0 0.7966337718750001 0.33809758749999996 0.8012609656249999 0.338651315625 0.802649853125 0.320778509375 0.7980025578125 0.31989857499999996 0.7966337718750001 0.33809758749999996
0 0.8049342109375001 0.3415570171875 0.80959064375 0.3419517546875 0.8099232453124999 0.325383771875 0.80540935625 0.325 0.8049342109375001 0.3415570171875
0 0.8158936406249999 0.326674890625 0.8204788015625001 0.328379934375 0.822953215625 0.31302083281250004 0.8184027781250001 0.31165021875 0.8158936406249999 0.326674890625
0 0.8286732453125 0.312966009375 0.8240862578125 0.3120065796875 0.8222222218749999 0.328094846875 0.8268457609375 0.329117325 0.8286732453125 0.312966009375
0 0.8228801171875 0.3446546046875 0.827277046875 0.3457346484375 0.82889254375 0.3318530703125 0.8245614031249999 0.33092105312500003 0.8228801171875 0.3446546046875
0 0.8325109656249999 0.33056469375 0.8365497078124999 0.33193530625 0.838578215625 0.31957236875 0.8346856718750001 0.3180921046875 0.8325109656249999 0.33056469375
0 0.8493421046874999 0.3229440796875 0.8446820171875 0.32256030625 0.8444809937500001 0.33774671093749997 0.8490679828125 0.337966009375 0.8493421046874999 0.3229440796875
0 0.848793859375 0.3364309203125 0.8525731000000001 0.3381030703125 0.8550073093749999 0.326195175 0.8512792390625 0.32456140312500004 0.848793859375 0.3364309203125
0 0.8376644734375001 0.35389254375 0.8421600874999999 0.355043859375 0.8436220765625 0.3424342109375 0.8392178359375 0.34131030625 0.8376644734375001 0.35389254375
0 0.84923245625 0.3392817984375 0.84451754375 0.339117325 0.84451754375 0.3544682015625 0.8494152046875 0.354331140625 0.84923245625 0.3392817984375
0 0.855793128125 0.3432565796875 0.8514437140625001 0.342598684375 0.8501827484375 0.3571546046875 0.8543969296875 0.3578344296875 0.855793128125 0.3432565796875
0 0.855025584375 0.35852521875 0.8594115499999999 0.3600054828125 0.8615862578125 0.3473958328125 0.8572185671874999 0.345614034375 0.855025584375 0.35852521875
0 0.8703947375000001 0.3259594296875 0.8658442984375 0.32571271875 0.8656067249999999 0.341776315625 0.8703764625 0.341831140625 0.8703947375000001 0.3259594296875
0 0.87580409375 0.3259594296875 0.8712536546875 0.32571271875 0.87114400625 0.341776315625 0.8758406437499999 0.3416940796875 0.87580409375 0.3259594296875
0 0.8734082609374999 0.35430646875 0.86978435625 0.35233278437500004 0.8662280703125 0.3662828953125 0.8697916671874999 0.368393640625 0.8734082609374999 0.35430646875
0 0.8817141812499999 0.35350603125 0.8780884500000001 0.3515350875 0.8740405703125 0.3672916671875 0.877828946875 0.3691858546875 0.8817141812499999 0.35350603125
0 0.8873538015625 0.37160087656249996 0.8915935671874999 0.369188596875 0.8877558484374999 0.3545230265625 0.88352521875 0.35685855312500003 0.8873538015625 0.37160087656249996
0 0.9084064328125001 0.36014254375 0.9031798249999999 0.3599232453125 0.9030592109375 0.3772066890625 0.9083698828125 0.37738486875 0.9084064328125001 0.36014254375
0 0.9194992687499999 0.3747258765625 0.9243786546875 0.374643640625 0.9239948828125 0.358114034375 0.9192799703125001 0.35792214843750003 0.9194992687499999 0.3747258765625
0 0.8861659359375 0.322998903125 0.8854897656249999 0.33007127187499996 0.89769736875 0.3328125 0.8982821640624999 0.32582236875000004 0.8861659359375 0.322998903125
0 0.9123976609375 0.190030153125 0.9155336249999999 0.1903508765625 0.9159722218749999 0.1798793859375 0.9129239765625 0.17933388125 0.9123976609375 0.190030153125
0 0.91642909375 0.20052083281250002 0.9166301171875 0.194956140625 0.9074195906250001 0.19391447343749998 0.9071271937500001 0.19956140312499998 0.91642909375 0.20052083281250002
0 0.9184941515625 0.20868969375000002 0.9186951750000001 0.201864034375 0.9087171046875 0.2009868421875 0.9083881578125 0.2075383765625 0.9184941515625 0.20868969375000002
0 0.91631944375 0.21477521875 0.91639254375 0.2092105265625 0.9080409359375 0.208114034375 0.9077668125 0.213596490625 0.91631944375 0.21477521875
0 0.9161111109375 0.223223684375 0.9167945906250001 0.2176809203125 0.9080592109375001 0.21483004375 0.9070906437499999 0.220614034375 0.9161111109375 0.223223684375
0 0.9072185671874999 0.2219572375 0.9064692984375 0.22911184218749997 0.916812865625 0.23157894687499997 0.9172697375000001 0.22467105312500002 0.9072185671874999 0.2219572375
0 0.918731725 0.2400219296875 0.9190789468749999 0.232510965625 0.9084795328125 0.23072916718749997 0.9079130109375001 0.23843201718749998 0.918731725 0.2400219296875
0 0.9104495609375001 0.2521546046875 0.9130665203125 0.257401315625 0.92143823125 0.2481743421875 0.91875 0.2435581140625 0.9104495609375001 0.2521546046875
0 0.757028509375 0.2921491234375 0.7531798249999999 0.291036184375 0.7516264625 0.30383771875 0.7554239765624999 0.3049780703125 0.757028509375 0.2921491234375
0 0.88070358125 0.2876644734375 0.876973684375 0.2868969296875 0.8762792390625 0.3022203953125 0.8802266078125 0.30254934218749996 0.88070358125 0.2876644734375
0 0.8828326015625001 0.2684731359375 0.8785635968750001 0.267516446875 0.8770577484375 0.28341008749999996 0.8815131578125 0.284501096875 0.8828326015625001 0.2684731359375
0 0.7680921046875 0.25441337656249996 0.76330409375 0.2534320171875 0.76176900625 0.268311403125 0.7665752921875 0.2692982453125 0.7680921046875 0.25441337656249996
0 0.7742342843750001 0.25557291718749997 0.76953581875 0.25405701718749996 0.7672880109375 0.2694983546875 0.7720029234375 0.27108004375 0.7742342843750001 0.25557291718749997
0 0.7804641812499999 0.256688596875 0.7761513156250001 0.255921053125 0.775 0.269956140625 0.7792397656250001 0.2706606359375 0.7804641812499999 0.256688596875
0 0.726187865625 0.28231907968750003 0.7213450296875 0.280893640625 0.7194261703125 0.2976206140625 0.7243786546875 0.298848684375 0.726187865625 0.28231907968750003
0 0.7189144734374999 0.2828947375 0.7142105265625001 0.2828481359375 0.7143256578125 0.2988788375 0.719060671875 0.298848684375 0.7189144734374999 0.2828947375
0 0.6982456140625 0.2786732453125 0.6986476609375 0.285635965625 0.70933845 0.28363486875 0.7084996343750001 0.2768832234375 0.6982456140625 0.2786732453125
0 0.6860745609375 0.2841831140625 0.6813231 0.2842105265625 0.6811038015624999 0.3014254390625 0.6858918125 0.30148026250000004 0.6860745609375 0.2841831140625
0 0.680054825 0.290016446875 0.67584064375 0.2899671046875 0.6759320171875001 0.30435855312500004 0.6802083328124999 0.304221490625 0.680054825 0.290016446875
0 0.8317982453124999 0.2401315796875 0.8328581875 0.23286732500000001 0.8223684203125 0.2287006578125 0.82110745625 0.236321271875 0.8317982453124999 0.2401315796875
0 0.7340369156250001 0.08271381562499999 0.7385233921875 0.0834429828125 0.7397971484375 0.06929824531249999 0.7354349421874999 0.0686129390625 0.7340369156250001 0.08271381562499999
0 0.7364345765625 0.11345120625 0.7327668125 0.112856359375 0.7320047515625 0.125424890625 0.7357273390625 0.1259868421875 0.7364345765625 0.11345120625
0 0.7355994156250001 0.127741228125 0.7317982453125 0.12713815781249999 0.73044590625 0.1405427625 0.7343019 0.1411732453125 0.7355994156250001 0.127741228125
0 0.7361842109375 0.1671354171875 0.7318530703125 0.1665570171875 0.7306469296875 0.18034813593750001 0.7350328953124999 0.18100328906250002 0.7361842109375 0.1671354171875
0 0.72891081875 0.197231359375 0.7251461984375001 0.1952028515625 0.7221673984375 0.20709978125 0.7260599421875 0.209018640625 0.72891081875 0.197231359375
0 0.720314328125 0.2190350875 0.7164839187500001 0.22269736875 0.7221856718749999 0.23484375000000002 0.7262975140625 0.230893640625 0.720314328125 0.2190350875
0 0.7163011703125 0.223903509375 0.7125731 0.22767817968749998 0.718143275 0.239586075 0.7221856718749999 0.23555372812500003 0.7163011703125 0.223903509375
0 0.7124269 0.2280153515625 0.70862573125 0.2313596484375 0.7135416671875 0.24297697343750002 0.7174342109375 0.23944627187499998 0.7124269 0.2280153515625
0 0.7083516078125001 0.2329221484375 0.704367690625 0.23569078906250002 0.7088998531249999 0.2484375 0.7129934203125 0.24550438593749999 0.7083516078125001 0.2329221484375
0 0.7031981 0.23404605312500001 0.6985197375000001 0.2373629390625 0.7038505109375001 0.25148848749999997 0.708296784375 0.248053728125 0.7031981 0.23404605312500001
0 0.698739034375 0.239487390625 0.6945029234375 0.23864035156250002 0.692865496875 0.2553453953125 0.697152778125 0.2562116234375 0.698739034375 0.239487390625
0 0.6935288749999999 0.24344572343749998 0.6892909359375 0.242598684375 0.6876553359375001 0.259303728125 0.6919407890625 0.26016995625 0.6935288749999999 0.24344572343749998
0 0.683972953125 0.24462719375000003 0.6794316515625 0.2462883765625 0.6826571640625 0.262554825 0.6868603796875 0.2603892546875 0.683972953125 0.24462719375000003
0 0.6743183484374999 0.248155153125 0.669846490625 0.2493969296875 0.671856725 0.2649945171875 0.6765350875 0.2634046046875 0.6743183484374999 0.248155153125
0 0.6615497078125 0.2700657890625 0.66173245625 0.2627192984375 0.650438596875 0.262445175 0.6501827484375 0.270010965625 0.6615497078125 0.2700657890625
0 0.65551900625 0.29780701718749997 0.6513267546875 0.297286184375 0.6499616234375 0.3133278515625 0.654437134375 0.3139007671875 0.65551900625 0.29780701718749997
1 0.7619700296875 0.24978070156249998 0.7568896203125 0.2477796046875 0.753125 0.2708333328125 0.7584064328125 0.27291666718749996 0.7619700296875 0.24978070156249998
1 0.6188779234374999 0.2985197375 0.6138340640625 0.296929825 0.6096673984375001 0.31949013125 0.6149488296875 0.32116228125 0.6188779234374999 0.2985197375
1 0.5958881578125 0.27113486875000004 0.5966557015625 0.2626096484375 0.5802448828125 0.2598958328125 0.579258040625 0.2685307015625 0.5958881578125 0.27113486875000004
1 0.5307565796875 0.1353618421875 0.5280336250000001 0.1435855265625 0.5466739765625 0.1547971484375 0.5493603796875 0.1462719296875 0.5307565796875 0.1353618421875
1 0.542671784375 0.12395833281249999 0.541008771875 0.131973684375 0.5533260234374999 0.137198465625 0.5549524859375 0.1290296046875 0.542671784375 0.12395833281249999
1 0.54135599375 0.104221490625 0.54691155 0.1084155703125 0.5567982453125 0.084703946875 0.5517178359375 0.080866228125 0.54135599375 0.104221490625
1 0.51953581875 0.11351425468750001 0.52258771875 0.1052905703125 0.50621345 0.09328399062500001 0.5028326015625 0.1015625 0.51953581875 0.11351425468750001
1 0.5056834796875 0.105893640625 0.5034356718749999 0.1134320171875 0.5177266078125 0.1209155703125 0.5197733921875 0.1134868421875 0.5056834796875 0.105893640625
1 0.5084064328125 0.25153508750000003 0.5105263156250001 0.2421600875 0.4924342109375 0.23516995624999998 0.4900402046875 0.24457236875000002 0.5084064328125 0.25153508750000003
1 0.5049159359375001 0.23007127187499998 0.5029788015625 0.23939144687499997 0.5212719296875 0.24684758750000002 0.523044590625 0.23728070156249997 0.5049159359375001 0.23007127187499998
1 0.4891630109375 0.1283717109375 0.483205409375 0.126260965625 0.4774853796875 0.1525219296875 0.48353435625 0.1547697375 0.4891630109375 0.1283717109375
1 0.482346490625 0.1607182015625 0.47750365468749995 0.15858004375 0.4728618421875 0.17612390312499998 0.477704678125 0.178591009375 0.482346490625 0.1607182015625
1 0.47668128593750003 0.18212719375 0.47065058437499996 0.1794407890625 0.4638523390625 0.20627741249999998 0.47039473750000005 0.20945723749999998 0.47668128593750003 0.18212719375
1 0.491721490625 0.206304825 0.49338632968749996 0.19735745625 0.4799342109375 0.192571271875 0.47816155 0.20153508750000002 0.491721490625 0.206304825
1 0.5001096484375 0.1719024125 0.5016264625 0.16326754375000002 0.48912646249999997 0.159073465625 0.4873172515625 0.16792763125000001 0.5001096484375 0.1719024125
0 0.521929825 0.22648026250000003 0.5227704671875 0.2203125 0.5145650578125001 0.218338815625 0.5138706140625 0.2245065796875 0.521929825 0.22648026250000003
0 0.5216739765625 0.21907894687499999 0.5230994156250001 0.21277412343750002 0.5148391812499999 0.2091831140625 0.5134685671875 0.21546052656249998 0.5216739765625 0.21907894687499999
0 0.5235380109375 0.20959429843750002 0.5244883046875 0.203179825 0.5162280703125 0.2006030703125 0.5150950296875 0.20701754375 0.5235380109375 0.20959429843750002
0 0.5256213453125 0.200466009375 0.5264254390625001 0.1943256578125 0.51796418125 0.19169407968750002 0.5169407890625 0.1982182015625 0.5256213453125 0.200466009375
0 0.5286184203125 0.19399671093749998 0.5298062859375 0.1875 0.520222953125 0.18400219375 0.5189144734375 0.1904879390625 0.5286184203125 0.19399671093749998
0 0.5306834796875 0.1837993421875 0.531688596875 0.1781524125 0.523857821875 0.1752658984375 0.5228435671875 0.18100328906250002 0.5306834796875 0.1837993421875
0 0.5264802625 0.166776315625 0.5252558484375001 0.17266995624999998 0.5327850875 0.17571271875 0.5341557015625 0.16951754375 0.5264802625 0.166776315625
0 0.5327668125 0.16663925468750002 0.5339181281250001 0.1602796046875 0.526882309375 0.1580866234375 0.52573099375 0.164418859375 0.5327668125 0.16663925468750002
0 0.5359283625 0.1595394734375 0.5372807015625 0.152823465625 0.5276133046875 0.148793859375 0.5263157890625 0.15572916718750002 0.5359283625 0.1595394734375
0 0.4935672515625 0.1969024125 0.49462719374999997 0.190296053125 0.48502010156250003 0.18727521875 0.48395467812500004 0.19388706093750002 0.4935672515625 0.1969024125
0 0.49327485312499997 0.18818530625000002 0.49415204687500003 0.1818804828125 0.48612938593750005 0.1790296046875 0.4850511703125 0.1856907890625 0.49327485312499997 0.18818530625000002
0 0.49760599375 0.1807291671875 0.49859283593750003 0.17428728124999998 0.488742690625 0.1712993421875 0.4877887421875 0.1776617328125 0.49760599375 0.1807291671875
0 0.5052631578125 0.1469572375 0.506341375 0.1392817984375 0.496546053125 0.136266446875 0.4954130109375 0.14383223750000002 0.5052631578125 0.1469572375
0 0.44765899062500003 0.2861677625 0.4514491953125 0.2877604171875 0.454294590625 0.27415021875 0.450402046875 0.2727796046875 0.44765899062500003 0.2861677625
1 1 0.07061129375 0.9884320171875001 0.06639254375 0.9871893281249999 0.076891446875 1 0.08097587656250001 1 0.07061129375
0 0.9508954671875 0.1837445171875 0.95 0.1900493421875 0.960471490625 0.19462719374999998 0.9611476609375 0.188311403125 0.9508954671875 0.1837445171875
0 0.326918859375 0.0743695171875 0.3259320171875 0.0807565796875 0.334908625 0.0835882671875 0.33585891874999996 0.07722861875 0.326918859375 0.0743695171875
0 0.32546600937500003 0.0827905703125 0.3244974421875 0.08931469375 0.3342379390625 0.0921381578125 0.33518823124999997 0.085778509375 0.32546600937500003 0.0827905703125
0 0.3220760234375 0.0904057015625 0.32110745625 0.096929825 0.33084795312500004 0.0997532890625 0.3317982453125 0.093393640625 0.3220760234375 0.0904057015625
0 0.3149360375 0.11476699531250001 0.31371162343750003 0.12082510937499999 0.3225237578125 0.12454495624999999 0.3237810671875 0.1187417765625 0.3149360375 0.11476699531250001
0 0.31017909375 0.13103070156250002 0.308954678125 0.137088815625 0.3177668125 0.1408059203125 0.31902412343750003 0.1350054828125 0.31017909375 0.13103070156250002
0 0.612956871875 0.34136513125 0.60857090625 0.34018640312500004 0.60625 0.3563870609375 0.6107821640625 0.3576754390625 0.612956871875 0.34136513125
0 0.6309758765625 0.34731359687499996 0.6263340640624999 0.3462719296875 0.6245211984375 0.363804825 0.62923245625 0.364989034375 0.6309758765625 0.34731359687499996
0 0.6271198828125 0.3759046046875 0.6227339187500001 0.3740405703125 0.6196491234375 0.3908634875 0.6242141812499999 0.3926809203125 0.6271198828125 0.3759046046875
0 0.60709064375 0.37939144687500004 0.6026133046875 0.37856359687499996 0.601169590625 0.39613486875000004 0.6056652046875 0.3967379390625 0.60709064375 0.37939144687500004
0 0.605043859375 0.4118969296875 0.6004934203125 0.4111019734375 0.5986476609375 0.42845394687500005 0.6032163749999999 0.4291940796875 0.605043859375 0.4118969296875
0 0.62142909375 0.4054769734375 0.6169773390625 0.40474232499999996 0.6156377921875 0.421036184375 0.6200475140624999 0.4217379390625 0.62142909375 0.4054769734375
0 0.9157620609375 0.6843201750000001 0.9112024859375 0.689007675 0.9181103796875 0.704331140625 0.9226608187500001 0.699616228125 0.9157620609375 0.6843201750000001
0 0.9249451750000001 0.7361293859375 0.92571271875 0.7435581140624999 0.9388340640624999 0.741036184375 0.93821271875 0.7337445171875 0.9249451750000001 0.7361293859375
0 0.876078215625 0.8064418859375 0.8716557015624999 0.8087171046874999 0.87576754375 0.825356359375 0.8800986843749999 0.8230537281249999 0.876078215625 0.8064418859375
0 0.26527777812500003 0.79764254375 0.261679459375 0.7967982453125 0.260429459375 0.808336075 0.263991228125 0.809303728125 0.26527777812500003 0.79764254375
0 0.0811220765625 0.803426534375 0.081268275 0.8088267546875001 0.08945540937499999 0.8087171046874999 0.089364034375 0.8032072375 0.0811220765625 0.803426534375
0 0.086624634375 0.835383771875 0.087116228125 0.8295504390625 0.07876644687499999 0.8271875 0.0782346484375 0.8327850874999999 0.086624634375 0.835383771875
0 0.0963633046875 0.8358004390625 0.0966922515625 0.8304276312500001 0.0884758765625 0.8292927625000001 0.08816885937499999 0.834358553125 0.0963633046875 0.8358004390625
0 0.22459795312500003 0.7617050437499999 0.225018275 0.7557291671875 0.21535270468749998 0.7540707234374999 0.21487573124999998 0.7603892546875 0.22459795312500003 0.7617050437499999
0 0.1213633046875 0.75383771875 0.118269371875 0.7568530703125 0.122180190625 0.7674616234375 0.1252192984375 0.7646929828125 0.1213633046875 0.75383771875
1 0.1771016078125 0.7338267546874999 0.1783991234375 0.7380482453125 0.1836494890625 0.734873903125 0.182437865625 0.7304550437499999 0.1771016078125 0.7338267546874999
0 0.11367141875 0.452231359375 0.1180921046875 0.4530153515625 0.1193896203125 0.43963815781250004 0.11493055625 0.438908990625 0.11367141875 0.452231359375
0 0.1116264625 0.433536184375 0.1157346484375 0.4342379390625 0.1171418125 0.4216831140625 0.11310855312500001 0.42079769687499996 0.1116264625 0.433536184375
0 0.0958735375 0.41901315781250004 0.09987573125 0.42085526250000005 0.102649853125 0.40885142500000005 0.0987207609375 0.40715460468750003 0.0958735375 0.41901315781250004
0 0.09258040937499999 0.4079495609375 0.09691155 0.40910087656250005 0.0990862578125 0.3938596484375 0.094846490625 0.39303728125 0.09258040937499999 0.4079495609375
0 0.1193713453125 0.361376096875 0.12392178437500001 0.362116228125 0.125018275 0.34802631562499997 0.1203947375 0.34752741249999997 0.1193713453125 0.361376096875
0 0.12357456093750001 0.362856359375 0.1194078953125 0.3610471484375 0.1172697375 0.3717105265625 0.121509503125 0.373382675 0.12357456093750001 0.362856359375
0 0.164546784375 0.24953399062499998 0.1611842109375 0.24923245624999998 0.1599232453125 0.26175986875 0.16337719374999998 0.2620065796875 0.164546784375 0.24953399062499998
0 0.1619883046875 0.26633771875 0.158508771875 0.2660690796875 0.157750365625 0.2758278515625 0.1611933484375 0.276063596875 0.1619883046875 0.26633771875
0 0.2084429828125 0.1658717109375 0.20593932812500002 0.161403509375 0.1989784359375 0.1692817984375 0.2012591375 0.1738541671875 0.2084429828125 0.1658717109375
0 0.1658625734375 0.0767269734375 0.16165935625 0.076617325 0.15985014687500002 0.08950109687499999 0.1641447375 0.0896381578125 0.1658625734375 0.0767269734375
0 0.1708516078125 0.049945175 0.166794590625 0.0497807015625 0.16584429843749998 0.059813596875 0.169919590625 0.05964912343749999 0.1708516078125 0.049945175
0 0.1734100875 0.0334429828125 0.16929824531249998 0.033168859375 0.168384503125 0.042571271875 0.17258771875 0.0428179828125 0.1734100875 0.0334429828125
0 0.01017909375 0.06493969375 0.0116045328125 0.0610471484375 0.0058114031250000005 0.0569078953125 0.0044407890625000005 0.060745614062499995 0.01017909375 0.06493969375
1 0.17665021875 0.7376178734375001 0.1712353796875 0.737171053125 0.1702485375 0.7533168859375 0.17584064375 0.7538925437499999 0.17665021875 0.7376178734375001
0 0.1932565796875 0.06611842031250001 0.190296053125 0.06502192968750001 0.18804641875 0.0757154609375 0.19111842031249998 0.0767817984375 0.1932565796875 0.06611842031250001