0 0.49724049687500005 0.6678453953125 0.4997642546875 0.662510965625 0.49067982499999996 0.653125 0.48821271875 0.6586074562500001 0.49724049687500005 0.6678453953125
1 0.5031341375 0.6485169953125001 0.5059941515624999 0.6420504390625 0.493687865625 0.630043859375 0.49073464843750003 0.6367050437499999 0.5031341375 0.6485169953125001
0 0.49661915156249997 0.6592379390625001 0.49974415156249996 0.6629495609375 0.5050621343749999 0.6520010968750001 0.501929825 0.64858004375 0.49661915156249997 0.6592379390625001
0 0.5483351609375 0.67832236875 0.5449232453125 0.67462719375 0.5395431281249999 0.685825109375 0.5431469296875 0.68980263125 0.5483351609375 0.67832236875
1 0.510581140625 0.6813870609375 0.5076571640624999 0.6875822375 0.5201114765625 0.70072094375 0.523026315625 0.69443530625 0.510581140625 0.6813870609375
0 0.017507309375 0.21655701718749998 0.019645467187499998 0.2130208328125 0.0146381578125 0.205948465625 0.0124250734375 0.20956414531249998 0.017507309375 0.21655701718749998
1 0.57834978125 0.811504934375 0.577819809375 0.810655153125 0.5752887421875 0.814418859375 0.5758552625 0.815268640625 0.57834978125 0.811504934375
1 0.579044225 0.8125191890625001 0.5785142546875 0.8116694078125001 0.5759831875 0.8154331140625001 0.5765497078124999 0.8162828953125001 0.579044225 0.8125191890625001
1 0.5797021203125 0.8135608546875 0.5791721484375 0.812711075 0.57664108125 0.81647478125 0.5772076015625001 0.8173245609374999 0.5797021203125 0.8135608546875
1 0.580268640625 0.8145202843750001 0.5797386703125 0.8136705046875001 0.5772076015625001 0.8174342109375001 0.5777741234375 0.8182839906250001 0.580268640625 0.8145202843750001
1 0.5808899859375 0.8155071265625 0.5803600140625 0.814657346875 0.577828946875 0.818421053125 0.5783954671875 0.8192708328125 0.5808899859375 0.8155071265625
1 0.5815058484375 0.81647478125 0.5809758765625 0.815625 0.578444809375 0.81938870625 0.5790113296875 0.8202384875 0.5815058484375 0.81647478125
1 0.5822094296875 0.8175246703125 0.581642909375 0.816647478125 0.5790661546875 0.8202110749999999 0.579632675 0.8210608546874999 0.5822094296875 0.8175246703125
1 0.5828581875000001 0.818421053125 0.5822916671875 0.817543859375 0.5797149125 0.82110745625 0.5802814328125 0.8219572375 0.5828581875000001 0.818421053125
0 0.6046966375 0.036376096875 0.6014985375 0.0313596484375 0.592359284375 0.0416529609375 0.5952229531250001 0.046773575 0.6046966375 0.036376096875
0 0.73861659375 0.480512609375 0.7419956140624999 0.4767817984375 0.7364583328125 0.46636513125 0.7330043859375001 0.47014802656250004 0.73861659375 0.480512609375
1 0.066739765625 0.448108553125 0.0640716375 0.4562225875 0.0790771203125 0.4703782890625 0.08207236875 0.46197916718750004 0.066739765625 0.448108553125
0 0.5639437140625 0.6765350875 0.5602339187500001 0.6720668859375001 0.552814328125 0.685581140625 0.5563231 0.6900219296875 0.5639437140625 0.6765350875
0 0.2567982453125 0.50386513125 0.253070175 0.50241228125 0.2502923984375 0.5173245609375 0.254294590625 0.5186677625 0.2567982453125 0.50386513125
0 0.66631944375 0.9003837718750001 0.6623172515625 0.896463815625 0.6560672515625 0.9100328953125001 0.6599963453125001 0.9141447375 0.66631944375 0.9003837718750001
1 0.670796784375 0.9221491234375 0.6750913749999999 0.9287006578125 0.6872076015624999 0.91022478125 0.6827832609375 0.9040570171875 0.670796784375 0.9221491234375
1 0.6844481 0.8870065796875 0.6796052625 0.8810581140625 0.669115496875 0.89915021875 0.6739583328125 0.904989034375 0.6844481 0.8870065796875
0 0.780007309375 0.984813596875 0.781725146875 0.9792214906250001 0.7734466375 0.9734649125000001 0.7716739765625 0.9787828953125001 0.780007309375 0.984813596875
1 0.7686184203125 0.9891255484375 0.7709795328125 0.9826480265624999 0.76016081875 0.9739857453124999 0.7576023390625 0.9803728062499999 0.7686184203125 0.9891255484375
0 0.7715405703125 1 0.7727521937499999 0.9978070171875 0.7629952484375 0.9863322374999999 0.759998171875 0.99175986875 0.7672733921875 1 0.7715405703125 1
0 0.77709064375 0.9965241234375 0.7797441515625 0.9907017546875 0.7716008765625 0.9827302625 0.768866959375 0.9883991234374999 0.77709064375 0.9965241234375
0 0.7407711984375001 0.9323190796875 0.7438596484375 0.9270559203125 0.73519736875 0.9167214906250001 0.732346490625 0.9219572375 0.7407711984375001 0.9323190796875
0 0.9590277781250001 0.9411458328125001 0.9606542390625 0.9482182015625 0.969133771875 0.9439418859375 0.967543859375 0.9369791671875 0.9590277781250001 0.9411458328125001
0 0.6462171046875 0.8546875 0.6497441515625 0.8502192984375 0.6429824562500001 0.83818530625 0.639364034375 0.8431743421875 0.6462171046875 0.8546875
0 0.641885965625 0.812801534375 0.637865496875 0.8084429828124999 0.6301900578125 0.8233552625 0.6344663749999999 0.8278782890624999 0.641885965625 0.812801534375
0 0.6164948828125 0.8178070171874999 0.6134320171875001 0.8130482453125 0.6052997078125 0.8239857453124999 0.6084612578125 0.82886513125 0.6164948828125 0.8178070171874999
0 0.619115496875 0.787033990625 0.6162828953124999 0.7826480265625 0.6092288015625 0.7920504390625001 0.612061403125 0.7966557015625 0.619115496875 0.787033990625
0 0.6389437140625 0.7630756578125 0.6357090640624999 0.7579221484375 0.628125 0.7682291671875 0.6314875734375 0.7731907890625 0.6389437140625 0.7630756578125
0 0.6438413749999999 0.7689144734375 0.6404422515625 0.76324013125 0.6306725140625 0.7758634875 0.6342653515625 0.7816337718749999 0.6438413749999999 0.7689144734375
0 0.5267178359375 0.7389528515625 0.5234100875000001 0.7345942984375 0.515606725 0.746546053125 0.51875 0.751151315625 0.5267178359375 0.7389528515625
0 0.53355263125 0.72579495625 0.5299707609375 0.7219846484375 0.5232383046875 0.7347258765625 0.5267653515624999 0.7387527406250001 0.53355263125 0.72579495625
0 0.5497989765625 0.648407346875 0.5526315796875 0.6444078953125 0.5474415203125 0.636403509375 0.5446820171875 0.6403508765625 0.5497989765625 0.648407346875
0 0.545778509375 0.6622532890625 0.5484941515624999 0.656280153125 0.53978435625 0.6470394734375 0.537079678125 0.652796053125 0.545778509375 0.6622532890625
0 0.599230628125 0.577571271875 0.596436403125 0.5828399125 0.6053362578125 0.594106359375 0.608223684375 0.5890625 0.599230628125 0.577571271875
1 0.012293493749999999 0.5768667765625 0.0080957609375 0.5709978062500001 0.00076754375 0.58368969375 0.0046783625 0.5900767546875 0.012293493749999999 0.5768667765625
0 0.0154788015625 0.5826754390625 0.0119334796875 0.57741228125 0.0048245609375 0.5881578953125 0.008150584375 0.593338815625 0.0154788015625 0.5826754390625
0 0.562938596875 0.6822642546875 0.559850146875 0.68837719375 0.568421053125 0.6979166671875 0.5713084796875 0.6919682015624999 0.562938596875 0.6822642546875
0 0.94767909375 0.654248903125 0.9440789468749999 0.6485471484375 0.9352704671875 0.6599506578125001 0.9388340640624999 0.665981359375 0.94767909375 0.654248903125
0 0.9474415203125 0.6320723687500001 0.9418676906250001 0.630071271875 0.9391264625 0.645778509375 0.9445540937500001 0.6479440796875 0.9474415203125 0.6320723687500001
0 0.077331871875 0.11616228125000001 0.073812134375 0.11175986874999999 0.06789108125 0.12231359687500001 0.07136330468749999 0.12678179843749998 0.077331871875 0.11616228125000001
0 0.054440789062499995 0.1389802625 0.0593019 0.14385964843750002 0.066027046875 0.1291666671875 0.06133040937499999 0.1247258765625 0.054440789062499995 0.1389802625
0 0.20654239843750002 0.008415570312499999 0.2068713453125 0.002686403125 0.20031067187499998 0.0025493421875 0.19985380156250002 0.008141446875 0.20654239843750002 0.008415570312499999
0 0.0118969296875 0.4874725875 0.0162097953125 0.4916118421875 0.02116228125 0.4799342109375 0.016703215625 0.47571271875 0.0118969296875 0.4874725875
1 0.0453581875 0.3967927625 0.0479166671875 0.3900767546875 0.03205409375 0.376973684375 0.0296052625 0.38363486875 0.0453581875 0.3967927625
1 0.066867690625 0.46348684218749997 0.0643274859375 0.47102521875000003 0.0797149125 0.4845394734375 0.082364765625 0.47724780625 0.066867690625 0.46348684218749997
1 0.026991959375000003 0.30550986875 0.028015351562500002 0.307510965625 0.0309576015625 0.3044407890625 0.030043859375 0.30241228124999997 0.026991959375000003 0.30550986875
1 0.0233552625 0.30586622812500003 0.02426900625 0.3079221484375 0.0268457609375 0.30553728125 0.0259320171875 0.3033717109375 0.0233552625 0.30586622812500003
1 0.020778509375 0.3044682015625 0.021655701562499997 0.3061677625 0.024104532812500003 0.30326206093749997 0.023227339062499998 0.301507675 0.020778509375 0.3044682015625
1 0.0193896203125 0.3003179828125 0.0201754390625 0.302823465625 0.0232456140625 0.3001644734375 0.0224780703125 0.29780701718749997 0.0193896203125 0.3003179828125
1 0.012079678125 0.3103070171875 0.0134320171875 0.311376096875 0.0154239765625 0.306688596875 0.0140899125 0.30545504375 0.012079678125 0.3103070171875
0 0.5558845031249999 0.657346490625 0.5519371343749999 0.6536458328125 0.5453399125 0.6682017546875 0.5489583328125 0.6722587718749999 0.5558845031249999 0.657346490625
0 0.623651315625 0.7976041671874999 0.6202119890625 0.7924616234374999 0.61055555625 0.8055838812499999 0.6138706140625 0.810882675 0.623651315625 0.7976041671874999
0 0.9440423984375 0.9310855265625 0.9407711984375 0.9337445171875001 0.944694809375 0.944303728125 0.9479349421875 0.9419407890624999 0.9440423984375 0.9310855265625
0 0.7708333328125 0.9791392546875001 0.772258771875 0.9723410093749999 0.7607456140625 0.9668037281249999 0.7592288015624999 0.9732456140625001 0.7708333328125 0.9791392546875001
1 0.6794773390625 0.8822368421875 0.6750913749999999 0.8762883765625 0.6629203218749999 0.8956962718750001 0.667653509375 0.9016173249999999 0.6794773390625 0.8822368421875
0 0.6287646203125 0.8777960531250001 0.632364765625 0.88209978125 0.6385599421875 0.871518640625 0.634831871875 0.8670778515625001 0.6287646203125 0.8777960531250001
0 0.714546784375 0.5299616234375 0.712518275 0.5235471484375 0.7020650578125001 0.5309210531249999 0.7041666671875 0.537171053125 0.714546784375 0.5299616234375
0 0.43199926875 0.55852521875 0.43035453281249997 0.5631853062500001 0.440277778125 0.570778509375 0.4420869890625 0.565323465625 0.43199926875 0.55852521875
0 0.4224780703125 0.6014254390625 0.41955409374999997 0.606716009375 0.42883771875 0.6182017546874999 0.43187134531250004 0.6126370609375 0.4224780703125 0.6014254390625
0 0.547616959375 0.6549259875 0.5504385968750001 0.650383771875 0.542507309375 0.639446271875 0.5395833328124999 0.6443530703125 0.547616959375 0.6549259875
1 0.526206140625 0.7030975875000001 0.5225328953124999 0.7101973687500001 0.5343019 0.7233004390625 0.537525584375 0.716304825 0.526206140625 0.7030975875000001
1 0.5671600875 0.6317982453125001 0.5630116953125001 0.6275493421875 0.553472221875 0.6473684203125 0.5578581875 0.6518092109375 0.5671600875 0.6317982453125001
1 0.716867690625 0.4327850875 0.7138888890625 0.43500548281249996 0.7163925437499999 0.441721490625 0.7193165203125 0.43944627187499996 0.716867690625 0.4327850875
0 0.751151315625 0.9597039468749999 0.75621345 0.9642817984375001 0.7610562859375001 0.9516995609375 0.75625 0.947313596875 0.751151315625 0.9597039468749999
1 0.5861293859375001 0.771546053125 0.5886604531249999 0.7669380484375 0.5833187140625 0.760268640625 0.5805025578125 0.7649259875000001 0.5861293859375001 0.771546053125
0 0.6397843562500001 0.8463815796875 0.6365314328125 0.841063596875 0.6282529234374999 0.8526589906250001 0.631652046875 0.8576754390625 0.6397843562500001 0.8463815796875
0 0.45539108125 0.11639254375000001 0.45862573125 0.11260964843750002 0.45396564375 0.10364583281249999 0.450402046875 0.1077850875 0.45539108125 0.11639254375000001
1 0.3520211984375 0.35469846562499996 0.3537280703125 0.355153509375 0.3545869890625 0.3486567984375 0.3529422515625 0.3482456140625 0.3520211984375 0.35469846562499996
1 0.2764619890625 0.3481907890625 0.27768640312500004 0.3482456140625 0.2778326015625 0.3439967109375 0.27668128593749997 0.34391447343750003 0.2764619890625 0.3481907890625
1 0.27768640312500004 0.348382675 0.2788011703125 0.3484649125 0.27892909375 0.34407894687499996 0.277796053125 0.3440241234375 0.27768640312500004 0.348382675
1 0.2759502921875 0.36291118437500003 0.27865497031249997 0.3627192984375 0.2781981 0.3560581140625 0.2756030703125 0.3563322375 0.2759502921875 0.36291118437500003
0 0.5422697375000001 0.727713815625 0.539409721875 0.7327083328125 0.5477777781250001 0.74308388125 0.55058845 0.738251096875 0.5422697375000001 0.727713815625
0 0.5454495609375 0.75319353125 0.5481907890625 0.748081140625 0.5389985375 0.7368695171875 0.5361111109375 0.7419407890625 0.5454495609375 0.75319353125
0 0.5412828953125 0.7078399125 0.5379934203125 0.7044133765625 0.53441155 0.7120065796875 0.5376644734375 0.7156798249999999 0.5412828953125 0.7078399125
1 0.5750182749999999 0.8185581140625 0.573812134375 0.8171326750000001 0.5717470765625 0.82113486875 0.5728837718750001 0.8224177625 0.5750182749999999 0.8185581140625
1 0.5769371343749999 0.8202850875 0.57571271875 0.8188322375 0.5736111109375 0.8226973687499999 0.5748355265625 0.82415021875 0.5769371343749999 0.8202850875
1 0.5786366953125001 0.8213815796875 0.57760599375 0.820153509375 0.5752668125 0.8243201750000001 0.5762171046875 0.825581140625 0.5786366953125001 0.8213815796875
1 0.5801900578125 0.822998903125 0.5790752921875 0.8217379390625 0.5765899125 0.8264254390625 0.577686403125 0.827686403125 0.5801900578125 0.822998903125
0 0.693695175 0.7217105265625 0.6906798249999999 0.7171052625 0.6828216375 0.727658990625 0.6858918125 0.732373903125 0.693695175 0.7217105265625
0 0.703033625 0.709813596875 0.7001827484375001 0.705043859375 0.6907529234374999 0.7170504390625 0.6936586250000001 0.721491228125 0.703033625 0.709813596875
0 0.6690423984375 0.770010965625 0.6661001468750001 0.7651315796875 0.6586038015625 0.7740241234374999 0.6615862578125 0.7790570171875 0.6690423984375 0.770010965625
0 0.4369700296875 0.5833059203125 0.438742690625 0.5782894734374999 0.42907529218749996 0.5705043859375001 0.4271016078125 0.57568530625 0.4369700296875 0.5833059203125
1 0.42562134531250007 0.553426534375 0.421418128125 0.5475603062500001 0.40783991249999996 0.5678179828125 0.4118238296875 0.5739583328125 0.42562134531250007 0.553426534375
0 0.409740496875 0.5474506578125 0.41184210468750004 0.5431195171875001 0.4063231 0.5368969296875 0.404239765625 0.541036184375 0.409740496875 0.5474506578125
0 0.3729166671875 0.605043859375 0.37099780625 0.609813596875 0.38047331875 0.6174150218750001 0.38243055625 0.612346490625 0.3729166671875 0.605043859375
0 0.32640716406250003 0.5674067984375 0.3232821640625 0.565953946875 0.32160087656249997 0.5735745609375 0.3248720765625 0.5751096484375 0.32640716406250003 0.5674067984375
0 0.32218567187499997 0.567489034375 0.3231542390625 0.5622807015625 0.3153326015625 0.5592927624999999 0.3142726609375 0.5639528515625 0.32218567187499997 0.567489034375
1 0.3432383046875 0.6018366234375 0.34460891875 0.5968201750000001 0.337445175 0.5924067984375 0.3359649125 0.59769736875 0.3432383046875 0.6018366234375
1 0.78665935625 0.9746162281249999 0.7848866953125 0.980893640625 0.7969846484375 0.9882949562500001 0.798775584375 0.9817708328125001 0.78665935625 0.9746162281249999
0 0.7936403515625 0.9940241234375 0.7950475140625 0.9888157890624999 0.7881396203125 0.9848958328125 0.7868238296875 0.9899945171875 0.7936403515625 0.9940241234375
0 0.934009503125 0.9052905703125 0.9300621343750001 0.9086348687499999 0.93709978125 0.92467379375 0.9410087718750001 0.921463815625 0.934009503125 0.9052905703125
0 0.5561038015624999 0.7751370609375 0.5530043859375 0.7718009875 0.547313596875 0.7837445171875 0.5505116953125 0.787143640625 0.5561038015624999 0.7751370609375
0 0.5752192984375 0.6345120609375 0.571546053125 0.63040021875 0.5637792390625 0.64457236875 0.5674524859375001 0.648876096875 0.5752192984375 0.6345120609375
0 0.5435672515625 0.6689692984375 0.5460343562500001 0.66329495625 0.5366191515625001 0.6537856359374999 0.534027778125 0.6594298249999999 0.5435672515625 0.6689692984375
0 0.48914473750000004 0.6928453953125 0.4916374265625 0.6873218203125 0.48115862500000006 0.6778234656250001 0.4787097953125 0.6832236843749999 0.48914473750000004 0.6928453953125
0 0.4837719296875 0.6719572375 0.48137792343749997 0.676891446875 0.4890899125 0.684841009375 0.49146564374999996 0.6796600875000001 0.4837719296875 0.6719572375
0 0.4190058484375 0.6044133765625 0.41551535156249997 0.60071271875 0.4094846484375 0.6132949562500001 0.412810671875 0.6168859656250001 0.4190058484375 0.6044133765625
0 0.7318713453125001 0.7161293859375 0.73508771875 0.7209429828125 0.7434941515625 0.7085800437499999 0.7399853796875 0.70391995625 0.7318713453125001 0.7161293859375
0 0.7359466375 0.652823465625 0.7393274859375001 0.657757675 0.7470942984375 0.64610745625 0.744078946875 0.6415296046875001 0.7359466375 0.652823465625
0 0.744206871875 0.6399396937499999 0.7474780703125 0.645010965625 0.7550621343749999 0.6341557015625 0.751882309375 0.6292763156250001 0.744206871875 0.6399396937499999
0 0.7487024859375 0.62099780625 0.75243055625 0.6166118421875 0.7454130109375 0.60383771875 0.741721490625 0.6078399125 0.7487024859375 0.62099780625
0 0.9063231 0.4688322375 0.9017178359375 0.4692434203125 0.9026133046875 0.4833881578125 0.9073081140625 0.4828453953125 0.9063231 0.4688322375
0 0.07414108124999999 0.581716009375 0.07105263125 0.5764528515625 0.0639619890625 0.5856633765625 0.066776315625 0.5912280703125 0.07414108124999999 0.581716009375
1 0.029276315625 0.5399945171875 0.027814328125 0.5383223687500001 0.0245065796875 0.54443530625 0.026096490625000003 0.5461896937499999 0.029276315625 0.5399945171875
0 0.013687865625 0.5464912281250001 0.0163011703125 0.5427083328125 0.01202668125 0.5358881578125 0.0095394734375 0.539528509375 0.013687865625 0.5464912281250001
1 0.1127923984375 0.4177905703125 0.1119334796875 0.4198190796875 0.11491228125 0.42256030625 0.1157346484375 0.42061403437499995 0.1127923984375 0.4177905703125
1 0.052015715625 0.36201754375 0.053198100000000005 0.3634046046875 0.054934210937500005 0.3603344296875 0.0537828953125 0.3588815796875 0.052015715625 0.36201754375
1 0.053435671875 0.363760965625 0.0546418125 0.365625 0.0564327484375 0.3630208328125 0.0552631578125 0.36118421093749997 0.053435671875 0.363760965625
1 0.0590826015625 0.3704221484375 0.060635965624999996 0.37179276250000004 0.062481725 0.3672149125 0.0609831875 0.3658168859375 0.0590826015625 0.3704221484375
1 0.058534356249999996 0.3641721484375 0.057072368750000005 0.3625 0.0553362578125 0.36559758750000004 0.05681652031249999 0.3673245609375 0.058534356249999996 0.3641721484375
1 0.057437865624999994 0.36847587656249997 0.058698829687499995 0.36962719375 0.06019736875 0.3658717109375 0.058972953125000005 0.36477521875 0.057437865624999994 0.36847587656249997
1 0.0141081875 0.31485745625 0.015643275 0.31631030625 0.017945906249999997 0.310882675 0.0163724421875 0.3094133765625 0.0141081875 0.31485745625
0 0.055847953125 0.151151315625 0.053216375 0.1473958328125 0.048135965625 0.15400219375 0.050566520312499995 0.15819627187500002 0.055847953125 0.151151315625
0 0.1610745609375 0.11729714843750001 0.1586988296875 0.12023026249999999 0.1627558484375 0.12727521875 0.1650584796875 0.12398574531249999 0.1610745609375 0.11729714843750001
0 0.22858187187499998 0.11110197343749999 0.2251096484375 0.104221490625 0.215606725 0.1119517546875 0.21889619843750002 0.11883223750000001 0.22858187187499998 0.11110197343749999
0 0.29930555625 0.9779879390625 0.302046784375 0.9728618421874999 0.294883040625 0.9645559203125 0.2919407890625 0.969873903125 0.29930555625 0.9779879390625
0 0.1807200296875 0.959813596875 0.17900219374999998 0.955126096875 0.1712171046875 0.9611019734375 0.172953215625 0.9660910093749999 0.1807200296875 0.959813596875
0 0 0.9164199562500001 0.0009320171875 0.91962719375 0.0092105265625 0.9134046046875 0.0075292390625 0.908168859375 0 0.9142817984375 0 0.9164199562500001
1 0.0735380109375 0.7181469296875 0.0794225140625 0.716008771875 0.07619152031250001 0.6946820171875 0.0703581875 0.6963267546874999 0.0735380109375 0.7181469296875
0 0.029477339062500003 0.6108004390625 0.026114765625 0.6061129390625 0.020668859375 0.6146381578125 0.024104532812500003 0.6197368421875 0.029477339062500003 0.6108004390625
0 0.027010234374999997 0.6036129390625 0.0237024859375 0.598821271875 0.017653509375 0.6077302625 0.020815057812500003 0.6123629390625001 0.027010234374999997 0.6036129390625
0 0.028435671875000002 0.57415021875 0.0309576015625 0.569216009375 0.0247441515625 0.5607456140625 0.0221308484375 0.565268640625 0.028435671875000002 0.57415021875
0 0.402686403125 0.5673245609374999 0.40434941562500004 0.56178728125 0.3967653515625 0.5561129390625 0.3947916671875 0.5611567984375 0.402686403125 0.5673245609374999
0 0.0112024859375 0.22310855312500003 0.013943714062500001 0.21853070156249998 0.0079861109375 0.2107456140625 0.00550073125 0.2153508765625 0.0112024859375 0.22310855312500003
1 0.2751644734375 0.05753837656250001 0.26918859687499996 0.05868969375000001 0.2712902046875 0.0844024125 0.2778326015625 0.0828125 0.2751644734375 0.05753837656250001
0 0.1608004390625 0.861266446875 0.15981359687500002 0.857510965625 0.1533260234375 0.860581140625 0.154203215625 0.8646381578125 0.1608004390625 0.861266446875
0 0.23967470781250003 0.48574561406249994 0.2450475140625 0.488596490625 0.248866959375 0.47351973750000004 0.2435855265625 0.47083333281249995 0.23967470781250003 0.48574561406249994
1 0.7661366953125001 0.3947642546875 0.7661184203125 0.389528509375 0.7596783625 0.3897807015625 0.7597222218749999 0.39523026250000004 0.7661366953125001 0.3947642546875
0 0.7928362578125 0.3798793859375 0.7936220765625001 0.3734375 0.7827850875 0.37039473749999996 0.7819261703125 0.37642543906250003 0.7928362578125 0.3798793859375
0 0.1905519 0.0088267546875 0.191867690625 0.0024945171875000002 0.1833150578125 0.00013706093750000001 0.1818896203125 0.00625 0.1905519 0.0088267546875
0 0.6549159359375001 0.44259868437499994 0.6501754390625 0.4422807015625 0.649607090625 0.45691611875 0.6544042390625 0.4571546046875 0.6549159359375001 0.44259868437499994
0 0.504831871875 0.207489034375 0.5094663749999999 0.20762061406250001 0.509795321875 0.1912280703125 0.5055573828125 0.19105263125 0.504831871875 0.207489034375
1 0.4271564328125 0.1673519734375 0.42726608125 0.17261513125 0.433150584375 0.1723684203125 0.4329130109375 0.1670504390625 0.4271564328125 0.1673519734375
0 0.910489765625 0.521463815625 0.9099963453125 0.5279331140625 0.92105263125 0.530071271875 0.9213084796875 0.5237116234375 0.910489765625 0.521463815625
0 0.9118786546875001 0.46748903437499995 0.9068896203125 0.46787280625000005 0.907383040625 0.48506030625 0.9122076015625 0.48511513125 0.9118786546875001 0.46748903437499995
0 0.11043494218750001 0.3672149125 0.10674342031249999 0.36326754375000003 0.1012792390625 0.3739857453125 0.1048976609375 0.377823465625 0.11043494218750001 0.3672149125
0 0.1017726609375 0.36011513125 0.09841008749999999 0.3560581140625 0.091867690625 0.3669407890625 0.0951937140625 0.37124451718749996 0.1017726609375 0.36011513125
1 0 0.1877905703125 0.003929093749999999 0.1905427625 0.0060124265625 0.1842105265625 0 0.179331140625 0 0.1877905703125
0 0.013468567187499999 0.175356359375 0.010617690624999999 0.1729166671875 0.006341375000000001 0.18308662343749998 0.0091008765625 0.18555372812499998 0.013468567187499999 0.175356359375
0 0.016922514062499998 0.1783991234375 0.0141264625 0.17587719375 0.0091557015625 0.1865131578125 0.0118969296875 0.1891995609375 0.016922514062499998 0.1783991234375
0 0.0134868421875 0.20243969375 0.0157529234375 0.19725877187500002 0.0090661546875 0.19056469375 0.0067196640625 0.1954742328125 0.0134868421875 0.20243969375
0 0.8275036546875001 0.6260690796875 0.8243238296875001 0.621546053125 0.8177997078124999 0.6322094296875 0.8209064328125001 0.6364309203125 0.8275036546875001 0.6260690796875
0 0.741739765625 0.6075109656250001 0.7452302625 0.6036732453125 0.7385051171875 0.5898300437499999 0.7350511703125 0.5935307015625 0.741739765625 0.6075109656250001
0 0.8052448828125 0.6910361843749999 0.800365496875 0.6925986843749999 0.8037646203125 0.7087445171875 0.8084429828124999 0.7067434203125 0.8052448828125 0.6910361843749999
0 0.8077174703125 0.7114802625000001 0.8031706875 0.711762609375 0.8040423984375 0.7278508765625 0.8087792390624999 0.7273958328125001 0.8077174703125 0.7114802625000001
1 0.3634685671875 0.6041940796875 0.366100146875 0.5971491234374999 0.3523099421875 0.58540021875 0.349446271875 0.5926315796875 0.3634685671875 0.6041940796875
1 0.36456505781250004 0.676918859375 0.368017178125 0.666959978125 0.33364400625 0.6384594296875 0.32973318749999997 0.6485471484375 0.36456505781250004 0.676918859375
1 0.340990496875 0.7954221484375 0.3373355265625 0.803179825 0.34919590624999997 0.8152412281249999 0.3525950296875 0.8074013156250001 0.340990496875 0.7954221484375
0 0.4298793859375 0.5807565796875 0.4280519 0.5872807015625 0.4388340640625 0.5934210531249999 0.4405519 0.5864583328124999 0.4298793859375 0.5807565796875
0 0.41176900625 0.6196546046875 0.4158095765625 0.62415021875 0.42178362500000005 0.6106907890625 0.41767178437499997 0.606606359375 0.41176900625 0.6196546046875
0 0.39991410781250003 0.5767379390625 0.4015716375 0.5706962718749999 0.392786915625 0.564786184375 0.3908991234375 0.5704495609375 0.39991410781250003 0.5767379390625
0 0.4158808484375 0.546436403125 0.4115497078125 0.5439144734375 0.4061769 0.5608278515625 0.41070906406249996 0.5635416671875 0.4158808484375 0.546436403125
0 0.43508771875 0.557346490625 0.4334886703125 0.5505811406250001 0.42317982499999995 0.5556990125 0.424671053125 0.5626370609375 0.43508771875 0.557346490625
0 0.42788560000000003 0.5615104171875 0.42562134531250007 0.5674067984375 0.43524305625000004 0.575010965625 0.4374232453125 0.5686156796875 0.42788560000000003 0.5615104171875
0 0.4267726609375 0.5780975875000001 0.42861842031249997 0.5717927625 0.41873172500000005 0.5648574562500001 0.4166483921875 0.570723684375 0.4267726609375 0.5780975875000001
0 0.427649853125 0.587116228125 0.4295504390625 0.5812225875 0.420668859375 0.5745614031249999 0.4188231 0.5799890343749999 0.427649853125 0.587116228125
0 0.4078033625 0.560526315625 0.40392909374999997 0.560992325 0.4045211984375 0.57741228125 0.4087043125 0.576702303125 0.4078033625 0.560526315625
0 0.4254934203125 0.615570175 0.42139985312499995 0.6122258765625 0.41584429843750004 0.6263980265625 0.419864765625 0.6299342109375 0.4254934203125 0.615570175
0 0.40946637499999994 0.5922971484375 0.4052448828125 0.58824013125 0.398982090625 0.602645284375 0.4030519 0.6065241234375 0.40946637499999994 0.5922971484375
0 0.41436403437499997 0.5988486843749999 0.41063596562500004 0.5958607453125 0.40540935625 0.60860745625 0.4091557015625 0.6117324562500001 0.41436403437499997 0.5988486843749999
0 0.40935672500000003 0.61875 0.4064327484375 0.623382675 0.4122624265625 0.63209978125 0.415277778125 0.62727521875 0.40935672500000003 0.61875
0 0.20288742656249997 0.7405427625 0.20705409375 0.7438870609375 0.21165935624999999 0.7299067984375001 0.207437865625 0.7270833328124999 0.20288742656249997 0.7405427625
1 0.3338815796875 0.769051534375 0.33072002968750003 0.7762883765625 0.34194078906250003 0.7860745609374999 0.3452119890625 0.7786732453125 0.3338815796875 0.769051534375
1 0.3591081875 0.812971490625 0.35588450312500003 0.8203947375 0.3700657890625 0.833963815625 0.37334064375 0.8265241234375 0.3591081875 0.812971490625
1 0.373472221875 0.82701754375 0.37094298281250004 0.8334978062499999 0.38112207656249997 0.84298245625 0.3838084796875 0.8364309203125 0.373472221875 0.82701754375
1 0.3936403515625 0.8455592109375001 0.3904970765625 0.853536184375 0.40498903437499995 0.8658442984375 0.40789473750000005 0.8577302625 0.3936403515625 0.8455592109375001
0 0.27573099375 0.7421600875000001 0.27982456093749997 0.7450657890625 0.28364400624999997 0.7312774125 0.2797880109375 0.7289199562500001 0.27573099375 0.7421600875000001
0 0.251991959375 0.74769736875 0.249981725 0.7546875 0.2603801171875 0.7615953953125 0.2624415203125 0.755010965625 0.251991959375 0.74769736875
0 0.26264619843750003 0.7647203953124999 0.264418859375 0.7709703953125 0.2734100875 0.7655153515625 0.271509503125 0.759018640625 0.26264619843750003 0.7647203953124999
0 0.295972221875 0.75724780625 0.29168494218749996 0.756304825 0.290314328125 0.768393640625 0.29451754375 0.76946271875 0.295972221875 0.75724780625
0 0.24725328906250002 0.6535581140625 0.2489948828125 0.6474780703125 0.241304825 0.641735196875 0.239364034375 0.64764254375 0.24725328906250002 0.6535581140625
1 0.298135965625 0.6612116234375 0.29720394687499996 0.66324013125 0.3004934203125 0.6666118421875 0.3013888890625 0.664473684375 0.298135965625 0.6612116234375
1 0.2649488296875 0.63506030625 0.263578215625 0.63983004375 0.2693713453125 0.6436951750000001 0.270723684375 0.6388980265625 0.2649488296875 0.63506030625
0 0.0540387421875 0.58042763125 0.050402046874999995 0.584018640625 0.05586622812499999 0.5976699562500001 0.059630848437499995 0.5935032890625 0.0540387421875 0.58042763125
0 0.12262426875000002 0.598053728125 0.118731725 0.6008771937499999 0.12357456093750001 0.615158990625 0.127686403125 0.61181469375 0.12262426875000002 0.598053728125
0 0.035725510937499996 0.5416337718750001 0.0325054828125 0.5385663375 0.027777778125000003 0.547998903125 0.031195175000000002 0.5516173249999999 0.035725510937499996 0.5416337718750001
0 0.022986110937500002 0.5833881578125 0.0247258765625 0.5783717109375 0.018311403125 0.5731633765625 0.0166118421875 0.578481359375 0.022986110937500002 0.5833881578125
0 0.041831140625 0.60849780625 0.0377558484375 0.6033168859375 0.0310124265625 0.6145833328125 0.034831871874999996 0.6196820171875 0.041831140625 0.60849780625
1 0.07849049687500001 0.7171600875 0.0843019 0.7149671046875 0.0808625734375 0.6958333328124999 0.075098684375 0.6980427625 0.07849049687500001 0.7171600875
1 0.10360014687500001 0.977823465625 0.10199195937500001 0.9860471484375 0.11604532187500001 0.9921600875 0.117543859375 0.9837171046875 0.10360014687500001 0.977823465625
0 0.42479897656250004 0.637116228125 0.42072368437499996 0.6344846484375 0.4170321640625 0.6459155703125 0.4208698828125 0.6487390343749999 0.42479897656250004 0.637116228125
0 0.5137609656250001 0.6798519734374999 0.5178179828125 0.6839638156250001 0.5225146203125 0.6732730265625 0.5186220765625 0.6695175437499999 0.5137609656250001 0.6798519734374999
0 0.48691520468749994 0.6636787281250001 0.483991228125 0.66875 0.4928179828125 0.6793585531249999 0.4955957609375 0.6743969296875 0.48691520468749994 0.6636787281250001
0 0.478439328125 0.6907017546875001 0.47487573125000004 0.6871107453125 0.46798245625 0.700328946875 0.47143640312499996 0.7044133765625 0.478439328125 0.6907017546875001
0 0.48285818750000004 0.6950383765625 0.47923976562500004 0.6916392546875 0.472971490625 0.7041666671875 0.4768274859375 0.7080592109375 0.48285818750000004 0.6950383765625
0 0.488724415625 0.6985471484375 0.4848684203125 0.69451754375 0.47757675468749994 0.7092653515625 0.48139619843750003 0.7136513156250001 0.488724415625 0.6985471484375
0 0.4983369890625 0.711293859375 0.5024853796875 0.7158168859375 0.509073465625 0.701872259375 0.5048629390625 0.697727521875 0.4983369890625 0.711293859375
0 0.5014948828125 0.7152933109374999 0.49745979531250006 0.7098958328125 0.4889985375 0.7229166671875 0.4928362578125 0.7282072375 0.5014948828125 0.7152933109374999
0 0.563706140625 0.6605263156250001 0.5609649125 0.656661184375 0.5545687140625 0.6659265343749999 0.557328215625 0.6700657890625 0.563706140625 0.6605263156250001
0 0.5535453218749999 0.6981907890625 0.5506578953125 0.7045504390625 0.5608369890625 0.7141447375000001 0.5635233921875 0.7079495609374999 0.5535453218749999 0.6981907890625
0 0.5485380109375 0.7071820171875001 0.5441520468750001 0.7036184203125 0.5381213453125 0.7188596484375 0.5420687140625 0.7223958328125 0.5485380109375 0.7071820171875001
0 0.5415387421875 0.723903509375 0.537445175 0.7197368421875 0.5307383046874999 0.7337171046875001 0.5346308484375 0.7379111843749999 0.5415387421875 0.723903509375
0 0.534283625 0.7429276312499999 0.5309941515625 0.7483004390625 0.5399415203125 0.7603070171875 0.5431652046875 0.7544517546875 0.534283625 0.7429276312499999
0 0.5283095765625 0.7552412281249999 0.525365496875 0.76025219375 0.5348099421875 0.772727521875 0.5377558484375 0.7676809203125 0.5283095765625 0.7552412281249999
0 0.57580409375 0.8018640343750001 0.5721308484375001 0.7975328953124999 0.564850146875 0.812088815625 0.5683369890625001 0.8160690796875001 0.57580409375 0.8018640343750001
0 0.6480994156250001 0.77423245625 0.6444261703125 0.769133771875 0.637828946875 0.77894736875 0.64144736875 0.7843475875 0.6480994156250001 0.77423245625
0 0.63362573125 0.7816228062499999 0.62976608125 0.7766557015625 0.6214766078125 0.789813596875 0.6248903515625 0.794901315625 0.63362573125 0.7816228062499999
0 0.6372002921875 0.7940241234375 0.6343019 0.787938596875 0.6252923984375001 0.79741228125 0.6281652046875 0.8032017546875 0.6372002921875 0.7940241234375
0 0.6494517546874999 0.8218475875 0.6463084796875 0.8151589906250001 0.63667763125 0.8240679828124999 0.6396381578125 0.8309758765625 0.6494517546874999 0.8218475875
0 0.6495065796875 0.8521381578125 0.6463450296875 0.8565241234375 0.6540752921874999 0.867242325 0.6569261703125 0.8628015343750001 0.6495065796875 0.8521381578125
0 0.7274671046875001 0.8669407890624999 0.7241959062500001 0.8623629390625001 0.7169407890625 0.8729906796875 0.7202832609375001 0.8776096484375 0.7274671046875001 0.8669407890624999
0 0.7153874265625 0.8919682015625 0.719161184375 0.8964089906250001 0.7253654968750001 0.8844846484375 0.7217817984375 0.8802631578125 0.7153874265625 0.8919682015625
0 0.7623720765625001 0.9029331140625001 0.758972953125 0.8985471484374999 0.753545321875 0.9084155703125001 0.7571436406250001 0.912653509375 0.7623720765625001 0.9029331140625001
0 0.7567434203125 0.8981907890624999 0.7530701750000001 0.8935032890624999 0.7455957609375 0.9061403515625001 0.7494334796875 0.9108552624999999 0.7567434203125 0.8981907890624999
0 0.752759503125 0.930811403125 0.7547331875000001 0.9249451750000001 0.74462719375 0.9174067984375001 0.7425255843749999 0.9234649125000001 0.752759503125 0.930811403125
0 0.755221125 0.9209978062499999 0.7579495609375 0.9251370609375 0.7641264624999999 0.9164994515625 0.761472953125 0.91228344375 0.755221125 0.9209978062499999
0 0.68517909375 0.89928728125 0.68194444375 0.8944353062499999 0.674671053125 0.9047971484374999 0.6780153515625 0.9099506578125001 0.68517909375 0.89928728125
0 0.6852887421875 0.921408990625 0.682474415625 0.9174067984375001 0.676864034375 0.9261239031249999 0.6795321640624999 0.9302357453125 0.6852887421875 0.921408990625
0 0.6889254390625 0.9376096484374999 0.6919590640625 0.9427631578125 0.69921418125 0.9330592109375001 0.6963450296875 0.9283717109375 0.6889254390625 0.9376096484374999
0 0.264989034375 0.4987582234375 0.261366959375 0.4958881578125 0.256357821875 0.5089418859375 0.259989034375 0.5120586625 0.264989034375 0.4987582234375
1 0.14773026250000001 0.42287280625 0.14973135937499998 0.417938596875 0.1419773390625 0.4111842109375 0.14005847968750001 0.4157620609375 0.14773026250000001 0.42287280625
1 0.184703946875 0.41581688593750005 0.1740497078125 0.4369243421875 0.180043859375 0.443393640625 0.190570175 0.4220970390625 0.184703946875 0.41581688593750005
1 0.1828033625 0.4365131578125 0.1873538015625 0.44139254375 0.1939327484375 0.42850877187499997 0.1891081875 0.4235471484375 0.1828033625 0.4365131578125
1 0.20109649062499999 0.4341008765625 0.19607090625 0.4294407890625 0.1899853796875 0.4420504390625 0.1953399125 0.447341009375 0.20109649062499999 0.4341008765625
0 0.2131889625 0.45179276249999994 0.2095211984375 0.448793859375 0.20595760156249998 0.45858004374999994 0.20951388906249999 0.461748903125 0.2131889625 0.45179276249999994
0 0.558899853125 0.6910169953125 0.5561769 0.6974780703125 0.5662280703125 0.7064144734375 0.5687682749999999 0.7001096484375 0.558899853125 0.6910169953125
0 0.796875 0.15611293906249998 0.793329678125 0.1604166671875 0.7989948828125 0.169901315625 0.802686403125 0.1655427625 0.796875 0.15611293906249998
0 0.7944170328125 0.1532319078125 0.7978983921875 0.1486842109375 0.7921418124999999 0.14004660156249998 0.788633040625 0.1447094296875 0.7944170328125 0.1532319078125
0 0.888633040625 0.0311129390625 0.8861111109375001 0.026617324999999997 0.8786732453124999 0.034320175 0.8814875734375001 0.0390625 0.888633040625 0.0311129390625
0 0.8055665203125001 0 0.8002741234374999 0.000054825000000000004 0.80696271875 0.0107456140625 0.8102485375 0.0066557015625 0.8055665203125001 0
0 0.7773885234375 0.0033854171875 0.7741045328125 0.007099781249999999 0.7792836249999999 0.016016995312499997 0.7828399125 0.0122807015625 0.7773885234375 0.0033854171875
0 0.7896016078125 0.0640625 0.7862828953125 0.0684375 0.7936769 0.0779605265625 0.7971673984375001 0.0731907890625 0.7896016078125 0.0640625
0 0.76324926875 0.03675986875 0.766739765625 0.0322094296875 0.76008771875 0.0221491234375 0.7565241234375 0.0264528515625 0.76324926875 0.03675986875
1 0.672185671875 0.96951754375 0.6708150578125001 0.9713815796875 0.6739400578125 0.9765899125 0.6752375734375 0.9748355265624999 0.672185671875 0.96951754375
0 0.4502923984375 0.88363486875 0.4474415203125 0.88928728125 0.457134503125 0.8997478062500001 0.4599780703125 0.8939692984375001 0.4502923984375 0.88363486875
1 0.49148391875 0.7998629390625001 0.49610745625 0.7893640343749999 0.4629513890625 0.7568969296875 0.458554459375 0.7672971484375 0.49148391875 0.7998629390625001
1 0.3064327484375 0.6515899125 0.302722953125 0.661266446875 0.335581140625 0.6876918859375001 0.3388706140625 0.6787280703125 0.3064327484375 0.6515899125
0 0.3131213453125 0.6713815796875 0.3103983921875 0.6779605265625 0.320760234375 0.686293859375 0.3231725140625 0.6794956140624999 0.3131213453125 0.6713815796875
0 0.36503655 0.7189692984375 0.3627923984375 0.724588815625 0.3706103796875 0.73103344375 0.3726754390625 0.725301534375 0.36503655 0.7189692984375
0 0.3657894734375 0.7048245609375 0.3634868421875 0.7103892546874999 0.3724671046875 0.7183333328125 0.37459978125000004 0.7124506578124999 0.3657894734375 0.7048245609375
0 0.4056834796875 0.740186403125 0.40308845 0.7459429828124999 0.41229897656250003 0.7547697375 0.41476608125 0.7487116234375 0.4056834796875 0.740186403125
0 0.4608918125 0.8088541671874999 0.4578581875 0.81483004375 0.46827485312499995 0.8260142546875 0.47110745625000006 0.8202302625 0.4608918125 0.8088541671874999
0 0.48040935625000003 0.7683388156250001 0.48278508750000004 0.762856359375 0.47328216406249995 0.75383771875 0.47083333281249995 0.7591008765625 0.48040935625000003 0.7683388156250001
0 0.5478618421875 0.8453399125000001 0.55087719375 0.8399396937500001 0.5419407890625 0.8294407890625 0.5388523390625 0.8347039468749999 0.5478618421875 0.8453399125000001
0 0.5769371343749999 0.8810307015625 0.579703946875 0.8759512062500001 0.5703618421875001 0.86470120625 0.567525584375 0.8699013156250001 0.5769371343749999 0.8810307015625
1 0.5838998531249999 0.9091008765625 0.588614765625 0.9009594296874999 0.558296784375 0.8622807015625 0.5533442984375 0.8706962718750001 0.5838998531249999 0.9091008765625
1 0.6387975140625 0.9869517546875001 0.643384503125 0.9801535093749999 0.631195175 0.9625822375 0.6266812859375 0.9694078953125 0.6387975140625 0.9869517546875001
1 0.6494517546874999 0.9834703953125 0.654393275 0.975424890625 0.624981725 0.9326206140625001 0.619533990625 0.9409292765625 0.6494517546874999 0.9834703953125
0 0.7439875734375 0.494106359375 0.7481469296875 0.49064692968749996 0.7423428359375001 0.47730263125 0.73832236875 0.480921053125 0.7439875734375 0.494106359375
0 0.721794590625 0.560466009375 0.7250182749999999 0.5575657890625 0.7205409359375 0.546436403125 0.7171345031249999 0.5494380484375 0.721794590625 0.560466009375
0 0.7158991234375 0.56792763125 0.7197112578125 0.564643640625 0.71366228125 0.55025219375 0.7098428359375 0.5534594296875001 0.7158991234375 0.56792763125
0 0.2700731 0.8224259875 0.269919590625 0.829385965625 0.2800840640625 0.830098684375 0.280241228125 0.8229934203125 0.2700731 0.8224259875
0 0.29544225156250004 0.8411759875 0.29025950312500004 0.8410087718750001 0.28959978125 0.8575575656250001 0.2950292390625 0.858114034375 0.29544225156250004 0.8411759875
0 0.297465278125 0.966022478125 0.2978435671875 0.96025219375 0.2881396203125 0.9580317984375 0.287518275 0.9637883765625 0.297465278125 0.966022478125
0 0.3091374265625 0.9810581140625001 0.31149488281250004 0.975301534375 0.30226425468749996 0.9672779609375001 0.299945175 0.9732182015624999 0.3091374265625 0.9810581140625001
1 0.040186403125 0.5467927625 0.035489765625 0.5422697375000001 0.0295138890625 0.555043859375 0.034429825 0.5599506578125 0.040186403125 0.5467927625
1 0.0346491234375 0.3979440796875 0.035489765625 0.395751096875 0.0325475140625 0.39328399062499997 0.0317434203125 0.3954495609375 0.0346491234375 0.3979440796875