0 0.1165752921875 0.468283990625 0.11818347968750001 0.4748629390625 0.12496345 0.4692708328125 0.12320906406250001 0.46302083281249995 0.1165752921875 0.468283990625
1 0.12178362499999999 0.0716831140625 0.115570175 0.07741228125 0.1307565796875 0.13056469375 0.1372807015625 0.12428728124999999 0.12178362499999999 0.0716831140625
1 0.12324561406250001 0.030814145312500003 0.11673976562499999 0.0358278515625 0.1290570171875 0.0830317984375 0.1357090640625 0.0779331140625 0.12324561406250001 0.030814145312500003
1 0.162171053125 0.0736293859375 0.16805555625 0.0686129390625 0.1561220765625 0.029989034375 0.1505665203125 0.034731359375 0.162171053125 0.0736293859375
1 0.169170321875 0.0436403515625 0.163724415625 0.0482730265625 0.170107821875 0.0689555921875 0.175635965625 0.06417214843749999 0.169170321875 0.0436403515625
0 0.6282894734375 0.3786184203125 0.6317982453125001 0.3822642546875 0.63753655 0.368283990625 0.6339546781250001 0.3649671046875 0.6282894734375 0.3786184203125
0 0.4329495609375 0.5895833328125 0.42923976562500005 0.5935581140624999 0.4356542390625 0.6083059203125 0.43947368437499995 0.6042763156250001 0.4329495609375 0.5895833328125
0 0.5771929828125 0.92428728125 0.5726790937499999 0.922258771875 0.569846490625 0.9406524125000001 0.5743421046875 0.9425164468749999 0.5771929828125 0.92428728125
0 0.4073099421875 0.47817982499999995 0.4045138890625 0.473026315625 0.3952668125 0.4837445171875 0.397989765625 0.48963815781250003 0.4073099421875 0.47817982499999995
0 0.9037463453125 0.559375 0.9073099421874999 0.554632675 0.8998355265625 0.5431469296875 0.8962902046875 0.5479440796875 0.9037463453125 0.559375
0 0.9185855265624999 0.4915844296875 0.9160818718750001 0.487198465625 0.909027778125 0.49841008750000004 0.91164108125 0.5030975875 0.9185855265624999 0.4915844296875
0 0.7358552625 0.09207785156250001 0.7358187140625 0.08462171093750001 0.725328946875 0.0842379390625 0.725323465625 0.09151589843749999 0.7358552625 0.09207785156250001
0 0.7227887421875 0.067543859375 0.718695175 0.0709155703125 0.723081140625 0.0846491234375 0.7274652781250001 0.08123629375 0.7227887421875 0.067543859375
0 0.7379111843749999 0.063440240625 0.7380116953125 0.0560855265625 0.7296966375 0.055345395312500004 0.7295504390625001 0.0626370609375 0.7379111843749999 0.063440240625
0 0.6266264625 0.0537006578125 0.6230847953125 0.0571546046875 0.62732090625 0.0704769734375 0.6310124265625 0.0671875 0.6266264625 0.0537006578125
0 0.7729934203125 0.045466009375 0.7775950296875 0.046491228125 0.7783095765625 0.03287280625 0.7738888890625 0.03180646875 0.7729934203125 0.045466009375
0 0.74917763125 0.015241228125 0.7476425437499999 0.0095120609375 0.7399488296875 0.01345120625 0.74137426875 0.01947094375 0.74917763125 0.015241228125
0 0.7642909359375001 0.0197094296875 0.7646016078125 0.0135690796875 0.7541849421875 0.0118421046875 0.75381944375 0.01787280625 0.7642909359375001 0.0197094296875
0 0.7717288015625 0.0197642546875 0.7734831875 0.012938596875 0.7640953953125 0.0066995609375 0.7620778515625 0.012883771875 0.7717288015625 0.0197642546875
0 0.7739766078125 0.0263980265625 0.7778289468749999 0.026732456249999998 0.7780153515625 0.0150493421875 0.7742690062500001 0.014583332812499999 0.7739766078125 0.0263980265625
0 0.7521564328125 0.0827028515625 0.7561586250000001 0.08209978125 0.755135234375 0.067543859375 0.7512244156250001 0.06795504375 0.7521564328125 0.0827028515625
0 0.0220942984375 0.9425712718750001 0.021747076562500002 0.9499725874999999 0.0327850875 0.9516995609375 0.033114034375000004 0.9442434203125 0.0220942984375 0.9425712718750001
1 0.0834064328125 0.0263157890625 0.0791301171875 0.014884868749999999 0.04923245625 0.0451480265625 0.0532346484375 0.056798245312499995 0.0834064328125 0.0263157890625
0 0.967507309375 0.6697368421875 0.9657163750000001 0.6761513156250001 0.9745065796875 0.6828399125 0.9760599421875 0.6763706140625 0.967507309375 0.6697368421875
0 0.9088084796875 0.5310855265625001 0.9060672515625001 0.53662280625 0.91334064375 0.5454221484375 0.915990496875 0.53991228125 0.9088084796875 0.5310855265625001
0 0.7399671046875 0.4032894734375 0.7436038015624999 0.3975328953125 0.73667763125 0.38459429843750004 0.7328581875 0.3896381578125 0.7399671046875 0.4032894734375
0 0.7765350875 0.328591009375 0.7724415203125 0.3322094296875 0.776937134375 0.348135965625 0.781341375 0.3442982453125 0.7765350875 0.328591009375
0 0.4822733921875 0.2349232453125 0.486330409375 0.23963815781250003 0.4927266078125 0.223382675 0.4887792390625 0.2192982453125 0.4822733921875 0.2349232453125
0 0.5596308484375 0.120641446875 0.55703581875 0.12741228124999998 0.5662828953125 0.13848684218750001 0.568731725 0.131195175 0.5596308484375 0.120641446875
0 0.029769737499999997 0.9873355265624999 0.031304824999999994 0.99443530625 0.042616959375 0.9891447375 0.0412646203125 0.98204495625 0.029769737499999997 0.9873355265624999
0 0.034947003125 1 0.044188596875 0.9962445171875001 0.0428362578125 0.9893640343750001 0.031578946875 0.99443530625 0.0326754390625 1 0.034947003125 1
1 0.082492690625 0.0173245609375 0.07807017499999999 0.0063596484375 0.0470029234375 0.0373355265625 0.051242690625 0.0489857453125 0.082492690625 0.0173245609375
1 0.064510234375 0 0.040058479687499995 0.025383771875 0.044225146874999996 0.037088815625 0.0736111109375 0.006633771875 0.07099780624999999 0 0.064510234375 0
1 0.14523026249999998 0 0.16025219375 0.0437774125 0.165972221875 0.0388980265625 0.15285087656250002 0 0.14523026249999998 0
0 0.59930555625 0.6335526312499999 0.6031067250000001 0.63837719375 0.6106542390625 0.623766446875 0.6068896203125 0.6192708328125 0.59930555625 0.6335526312499999
0 0.7231907890625 0.685608553125 0.723081140625 0.6923519734375 0.73525219375 0.6927083328125 0.73517909375 0.6859649125 0.7231907890625 0.685608553125
1 0.8415752921875 0.662966009375 0.8344481 0.6673245609375 0.8437682750000001 0.7032072375 0.8506140343749999 0.6985334437499999 0.8415752921875 0.662966009375
0 0.9001644734375001 0.5197368421874999 0.8975328953125 0.5151315796875 0.890204678125 0.524698465625 0.8929459062499999 0.5296052625 0.9001644734375001 0.5197368421874999
0 0.9761695906250001 0.49306469374999995 0.9784722218749999 0.487198465625 0.9693530703125001 0.47881030625000004 0.9670687140625001 0.48481359687500003 0.9761695906250001 0.49306469374999995
0 0.9833150578125001 0.43152412343749996 0.980884503125 0.42683662343749995 0.9728435671875 0.43678728125 0.9755299703125001 0.4416118421875 0.9833150578125001 0.43152412343749996
0 0.9830957609375 0.283223684375 0.9822368421875 0.2896655703125 0.9922514625 0.29333881562499997 0.9931834796875 0.28681469375 0.9830957609375 0.283223684375
0 0.9018092109375001 0 0.9002558484375 0.0030427625 0.9097587718750001 0.012006579687500001 0.9126644734375 0.0057291671875 0.9072002921875001 0 0.9018092109375001 0
0 0.7391812859375 0.0533168859375 0.7393274859375001 0.04602521875 0.7279239765625001 0.0448190796875 0.7277284359375 0.0524369515625 0.7391812859375 0.0533168859375
0 0.73357090625 0.027384868750000003 0.7298611109375 0.024588815625 0.72527595 0.0383908984375 0.72900219375 0.0416118421875 0.73357090625 0.027384868750000003
0 0.7139619890625 0.0466008765625 0.71023391875 0.0442434203125 0.7065058484375 0.0576206140625 0.710562865625 0.059868420312500004 0.7139619890625 0.0466008765625
0 0.706652046875 0.048629385937500005 0.709009503125 0.042680920312499995 0.701991959375 0.0357730265625 0.69915935625 0.0419682015625 0.706652046875 0.048629385937500005
0 0.7097953218749999 0.04295504375 0.7122624265625 0.036732456250000003 0.7043494156250001 0.029248903124999996 0.7017178359375 0.035526315625 0.7097953218749999 0.04295504375
0 0.2728362578125 0 0.271527778125 0.002658990625 0.2771198828125 0.008251096874999999 0.2787828953125 0.0045230265625 0.2740917390625 0 0.2728362578125 0
1 0.7419042390625 0.055208332812500004 0.7417434203125 0.06578125 0.757456140625 0.0666118421875 0.7573099421875 0.0560855265625 0.7419042390625 0.055208332812500004
1 0.10400219375 0.036677631249999995 0.100018275 0.02724780625 0.08823099375 0.039117324999999994 0.0919225140625 0.048492324999999996 0.10400219375 0.036677631249999995
1 0.0829312859375 0.0184758765625 0.0879934203125 0.02576754375 0.100328946875 0.0061129390625 0.0952485375 0 0.0829312859375 0.0184758765625
0 0.586403509375 0.3349506578125 0.5903874265625 0.3392817984375 0.597350146875 0.3243421046875 0.593439328125 0.3203399125 0.586403509375 0.3349506578125
0 0.6052448828125 0.5003015343749999 0.6075840640625 0.49427083281249995 0.5966739765625 0.48582785156249997 0.59455409375 0.492242325 0.6052448828125 0.5003015343749999
0 0.6167032156250001 0.5105263156250001 0.618768275 0.5037828953125 0.608205409375 0.49618969375 0.6060307015624999 0.5026315796875 0.6167032156250001 0.5105263156250001
0 0.6186038015624999 0.5002741234375 0.620741959375 0.49364035156249997 0.6119152046874999 0.48673245625000006 0.6095760234375 0.49336622812500003 0.6186038015624999 0.5002741234375
0 0.5047331875000001 0.6625274125 0.508972953125 0.6650493421875 0.5131030703125 0.6487664468750001 0.5089546781250001 0.6463815796875 0.5047331875000001 0.6625274125
0 0.5255299703125 0.6764802624999999 0.5228070171875 0.6820449562500001 0.531158625 0.6921052624999999 0.534009503125 0.686266446875 0.5255299703125 0.6764802624999999
0 0.8304459062499999 0.688678728125 0.8256761703125 0.692653509375 0.8329861109375001 0.7113212718749999 0.8376096484375 0.706620065625 0.8304459062499999 0.688678728125
0 0.948008040625 0.220010965625 0.9525767546875 0.22269736875 0.9561586249999999 0.2068530703125 0.9519005843749999 0.20405701718749997 0.948008040625 0.220010965625
0 0.747971490625 0.13730811406250001 0.7481542390625 0.1458881578125 0.7603252921875 0.14443530625 0.7600146203125 0.136321271875 0.747971490625 0.13730811406250001
0 0.7027960531249999 0.0580043859375 0.7057565796875 0.051946271875000005 0.6970577484375 0.0415570171875 0.6938596484375 0.0470394734375 0.7027960531249999 0.0580043859375
0 0.5580957609375 0.9198464906250001 0.55389254375 0.9257949562500001 0.5626827484375 0.9405153515625001 0.566721490625 0.9347587718750001 0.5580957609375 0.9198464906250001
1 0.10953947343749999 0.048053728125 0.1063231 0.0361293859375 0.0931469296875 0.04462719375 0.096399853125 0.0564692984375 0.10953947343749999 0.048053728125
1 0.13606176875 0.024040570312500002 0.1296783625 0.02889254375 0.137847221875 0.0547971484375 0.1443713453125 0.0501096484375 0.13606176875 0.024040570312500002
1 0.0735745609375 0.013404604687499998 0.0708260234375 0.006625548437500001 0.047730262499999995 0.029660087499999998 0.05085891875 0.0370065796875 0.0735745609375 0.013404604687499998
1 0.137341009375 0 0.1492799703125 0.0347916671875 0.155 0.02991228125 0.14490862499999999 0 0.137341009375 0
0 0.746472953125 0.0801809203125 0.750091375 0.0817708328125 0.75224780625 0.069051534375 0.7487024859375 0.067626096875 0.746472953125 0.0801809203125