0 0.8088322375000001 0.0881496703125 0.8124634500000001 0.0833059203125 0.8052814328125001 0.073492325 0.8018640343750001 0.078426534375 0.8088322375000001 0.0881496703125
0 0.8600328953125 0.0327028515625 0.8608918125 0.025054824999999996 0.8506944437499999 0.021491228125 0.8498355265624999 0.029166667187500002 0.8600328953125 0.0327028515625
0 0.8348684203125 0.016803728125 0.8299524859374999 0.0169407890625 0.8310672515625 0.0337171046875 0.8361476609375 0.0334429828125 0.8348684203125 0.016803728125
0 0.6760599421875 0.0365953953125 0.6759137421875 0.0437774125 0.6873903515625 0.0442434203125 0.687518275 0.0370065796875 0.6760599421875 0.0365953953125
0 0.702028509375 0.6812774125 0.7009320171875 0.6874177625 0.7106359656250001 0.6915296046875 0.7116045328125 0.685498903125 0.702028509375 0.6812774125
0 0.5516995609374999 0.9560855265624999 0.5541118421875 0.9509594296874999 0.546929825 0.943338815625 0.54449926875 0.9485197375000001 0.5516995609374999 0.9560855265624999
0 0.556304825 0.947998903125 0.558899853125 0.9422423249999999 0.5516812859375 0.9340734656249999 0.548848684375 0.9404057015625 0.556304825 0.947998903125
0 0.6485928359375001 0.3767269734375 0.653106725 0.37883771875 0.6565789468750001 0.3618421046875 0.6521016078125 0.3596217109375 0.6485928359375001 0.3767269734375
0 0.4802631578125 0.8699835531250001 0.48424707656250005 0.8754934203125 0.492543859375 0.8625 0.488669590625 0.8569078953125 0.4802631578125 0.8699835531250001
0 0.6138523390625 0.6579221484375 0.610581140625 0.652741228125 0.6020869890625 0.6643941890625 0.6053362578125 0.6697094296875 0.6138523390625 0.6579221484375
0 0.5503106718749999 0.638623903125 0.5525036546875 0.6317708328125 0.5415003656249999 0.6238432015625001 0.5393092109375 0.6306743421875 0.5503106718749999 0.638623903125
0 0.519097221875 0.34876644687499997 0.5231725140625 0.349561403125 0.5243969296875 0.334813596875 0.5203581875000001 0.334046053125 0.519097221875 0.34876644687499997
0 0.3864510234375 0.16863212656249998 0.390241228125 0.16910635937500001 0.39074561406249997 0.15764254375 0.3871144 0.157171053125 0.3864510234375 0.16863212656249998
0 0.32092470781250004 0.805098684375 0.31803728124999997 0.8112664468749999 0.3283442984375 0.8224506578125 0.3312920328125 0.8164884875 0.32092470781250004 0.805098684375
1 0.29616228125 0.8097587718750001 0.296820175 0.812171053125 0.3013888890625 0.8098958328125001 0.3008333328125 0.80745888125 0.29616228125 0.8097587718750001
1 0.2943713453125 0.8083333328125001 0.295705409375 0.81008771875 0.298812134375 0.804742325 0.2974415203125 0.803125 0.2943713453125 0.8083333328125001
1 0.2919773390625 0.8056195171875 0.2932383046875 0.8073464906250001 0.29683845 0.8023848687499999 0.2955592109375 0.8007154609375 0.2919773390625 0.8056195171875
1 0.2861476609375 0.7978618421875 0.2872441515625 0.7997807015625 0.2904769734375 0.795879934375 0.2894024125 0.7941447375 0.2861476609375 0.7978618421875
0 0.2099963453125 0.9505756578125 0.205847953125 0.954248903125 0.21105628593749998 0.9677357453125 0.21521564375 0.9642105265625001 0.2099963453125 0.9505756578125
0 0.11198830468750001 0.0890625 0.1112207609375 0.09805372812499999 0.1232821640625 0.0989309203125 0.123830409375 0.0900219296875 0.11198830468750001 0.0890625
0 0.080043859375 0.8783717109375001 0.08415570156249999 0.8743969296874999 0.078453946875 0.8611019734375001 0.07448830468749999 0.865186403125 0.080043859375 0.8783717109375001
0 0.0741045328125 0.8823190796875 0.0783808484375 0.8782346484374999 0.0720760234375 0.8628015343750001 0.06763523437499999 0.866776315625 0.0741045328125 0.8823190796875
0 0.0669773390625 0.885498903125 0.071820175 0.8817160093749999 0.0662463453125 0.8658168859375 0.0615862578125 0.8698464906250001 0.0669773390625 0.885498903125
0 0.060562865625 0.88983004375 0.0657711984375 0.8859100874999999 0.060398392187500004 0.869106359375 0.055171784375 0.8729440796875 0.060562865625 0.88983004375
0 0.045809576562499996 0.8407730265625 0.043731725 0.8339912281249999 0.0337024859375 0.8413925437499999 0.036019737499999996 0.8481633765625001 0.045809576562499996 0.8407730265625
0 0.069919590625 0.7647203953124999 0.0721034359375 0.771422696875 0.0816995609375 0.7639884875 0.079385965625 0.7572916671875001 0.069919590625 0.7647203953124999
0 0.092489034375 0.75540021875 0.0896929828125 0.7482182015625 0.0797441515625 0.7566200656250001 0.0822368421875 0.7634594296875 0.092489034375 0.75540021875
0 0.0904057015625 0.7924616234374999 0.09601608125 0.7921326750000001 0.0953033625 0.7764254390625001 0.08985745625 0.7768366234374999 0.0904057015625 0.7924616234374999
0 0.15398391875 0.753591009375 0.15000182812500001 0.7580838812499999 0.1552814328125 0.7682291671875 0.1590826015625 0.7634594296875 0.15398391875 0.753591009375
0 0.10553728124999999 0.6702028515625 0.1099415203125 0.669051534375 0.10831505781249999 0.6530427624999999 0.10392909374999999 0.6544407890625 0.10553728124999999 0.6702028515625
0 0.2987024859375 0.21902412343750002 0.29427997031249997 0.217132675 0.290679825 0.2322094296875 0.29526681250000003 0.234018640625 0.2987024859375 0.21902412343750002
0 0.267616959375 0.1952028515625 0.26790935625 0.18821271875 0.258972953125 0.1873903515625 0.2587719296875 0.19443530625 0.267616959375 0.1952028515625
0 0.25699926875 0.1775219296875 0.25628655 0.1846217109375 0.2682565796875 0.1872807015625 0.269152046875 0.1797149125 0.25699926875 0.1775219296875
0 0.299579678125 0.1372532890625 0.294992690625 0.13643092031249998 0.2927814328125 0.15268640312499998 0.297331871875 0.153508771875 0.299579678125 0.1372532890625
0 0.2802814328125 0.13141447343749998 0.2748172515625 0.1313596484375 0.2739948828125 0.1477796046875 0.2794590640625 0.14791666718750002 0.2802814328125 0.13141447343749998
0 0.0828216375 0.4924616234375 0.08098684218749999 0.49934484687499997 0.0912097953125 0.505043859375 0.0930921046875 0.49816337656250004 0.0828216375 0.4924616234375
0 0.0826754390625 0.3733004390625 0.0813779234375 0.380098684375 0.0916301171875 0.3837719296875 0.092671784375 0.3767269734375 0.0826754390625 0.3733004390625
0 0.123848684375 0.345614034375 0.122483553125 0.35277412343750003 0.13358918125000002 0.3576754390625 0.13512426875 0.35010964843750003 0.123848684375 0.345614034375
0 0.12732090625 0.3358004390625 0.12600511718750002 0.3420778515625 0.13448464843750002 0.3454742328125 0.135696271875 0.339221490625 0.12732090625 0.3358004390625
0 0.629117325 0.4088788375 0.6336312140625 0.41098958281250003 0.6371034359375 0.39399396875 0.6326260968749999 0.391773575 0.629117325 0.4088788375
0 0.6220559203125 0.4069544953125 0.6265698093750001 0.40906524062500005 0.6300420328125 0.3920696265625 0.62556469375 0.3898492328125 0.6220559203125 0.4069544953125
0 0.6124908625 0.405893640625 0.6170047515625 0.40800438593750005 0.6204769734375 0.391008771875 0.6159996343749999 0.3887883765625 0.6124908625 0.405893640625
0 0.25851608125 0.93824013125 0.2627923984375 0.9324287281249999 0.2538724421875 0.9177686406250001 0.24959795312500002 0.923492325 0.25851608125 0.93824013125
0 0.634283625 0.13834978125 0.6383954671875001 0.1385416671875 0.6385599421875 0.12214912343749999 0.634703946875 0.12201206093750001 0.634283625 0.13834978125
0 0.616633771875 0.2416091015625 0.616725146875 0.235471490625 0.6066739765625 0.2346518640625 0.60640168125 0.24072368437499997 0.616633771875 0.2416091015625
0 0.7963815796875 0.44917763125 0.7966008765625 0.441776315625 0.7848684203125 0.43925438593750005 0.7844481 0.44690241249999996 0.7963815796875 0.44917763125
0 0.6443311406250001 0.11992324531250001 0.64919590625 0.119983553125 0.64919590625 0.103481359375 0.6443713453125001 0.103426534375 0.6443311406250001 0.11992324531250001
0 0.8694992687499999 0.991748903125 0.8720577484375 0.9861019734375001 0.8648026312500001 0.9787554828125 0.8622624265625 0.9845120609375 0.8694992687499999 0.991748903125
0 0.9276315796875 0.40090460468750005 0.9329678359375 0.40109649062499997 0.933205409375 0.38440241249999996 0.9278508765625 0.3842105265625 0.9276315796875 0.40090460468750005
0 0.9223501468749999 0.3981907890625 0.928179825 0.3984649125 0.9284539468749999 0.380893640625 0.92264254375 0.38067434218749996 0.9223501468749999 0.3981907890625
0 0.718329678125 0.07560307031249999 0.7183662281250001 0.08097587656250001 0.7256578953124999 0.08097587656250001 0.7256578953124999 0.07560307031249999 0.718329678125 0.07560307031249999
0 0.8337902046875 0.6420504390625 0.8386147656249999 0.6438596484375 0.84150219375 0.6264254390625 0.83671418125 0.6246162281250001 0.8337902046875 0.6420504390625
0 0.74066155 0.7626096484375 0.739400584375 0.7689418859375 0.7495065796875 0.7735197375 0.75073099375 0.7671600875 0.74066155 0.7626096484375
0 0.7501644734374999 0.756195175 0.7484466375000001 0.7632675437499999 0.760453215625 0.7697642546875 0.762152778125 0.7627467109375 0.7501644734374999 0.756195175
0 0.67737573125 0.0286458328125 0.6771198828125 0.0362116234375 0.687975146875 0.0370065796875 0.68821271875 0.0294407890625 0.67737573125 0.0286458328125
0 0.6752010234375 0.043448465625 0.6752375734375 0.051260965625 0.68675073125 0.051123903125 0.6867141812499999 0.043311403124999995 0.6752010234375 0.043448465625
0 0.679221490625 0.0561129390625 0.67883771875 0.062006579687499994 0.6871308484374999 0.0631578953125 0.687518275 0.0572642546875 0.679221490625 0.0561129390625
0 0.6892178359375001 0.070010965625 0.6896016078125 0.06365131562500001 0.6783808484375 0.061979167187499996 0.6779788015625 0.06842105312499999 0.6892178359375001 0.070010965625
0 0.6432200296875 0.1026315796875 0.64758771875 0.10238486875 0.647222221875 0.08588267499999999 0.6428362578125 0.0861567984375 0.6432200296875 0.1026315796875
0 0.5894736843749999 0.2748081140625 0.588528875 0.2824506578125 0.6010398390625 0.2850219296875 0.601725146875 0.27743695156250003 0.5894736843749999 0.2748081140625
0 0.6414528515625 0.3558168859375 0.6368238296875 0.3560307015625 0.638026315625 0.37509594375 0.642810671875 0.3744544953125 0.6414528515625 0.3558168859375
0 0.6888888890625 0.6742324562500001 0.6876461984375 0.6799616234375 0.69601608125 0.6839638156250001 0.6971673984375 0.6783168859375001 0.6888888890625 0.6742324562500001
0 0.6825475140624999 0.7774945171875001 0.6842105265625 0.7700657890625 0.6728088453125001 0.7641447375 0.6709612578125 0.771491228125 0.6825475140624999 0.7774945171875001
0 0.6705957609375 0.7730537281250001 0.6687682749999999 0.780071271875 0.6818530703125 0.7876096484375 0.6836074562500001 0.7806195171875 0.6705957609375 0.7730537281250001
0 0.5318347953125 0.9795778515625001 0.536330409375 0.9826206140625 0.5411915203125 0.9665570171875 0.5366959062500001 0.9634868421875 0.5318347953125 0.9795778515625001
0 0.5319444437499999 0.9191337718750001 0.535599415625 0.9229166671875 0.540533625 0.9122258765625 0.5369152046875 0.9084703953125001 0.5319444437499999 0.9191337718750001
0 0.5243421046875001 0.9162280703125001 0.52816155 0.92116228125 0.536330409375 0.9071271937500001 0.5325840640624999 0.90227521875 0.5243421046875001 0.9162280703125001
0 0.5064144734375 0.896929825 0.5103618421875 0.9013980265624999 0.5166666671875 0.889117325 0.5127558484375 0.8845942984375 0.5064144734375 0.896929825
0 0.5006524125 0.8903097593749999 0.5046600875 0.8949287281249999 0.5115771203125 0.881247259375 0.5076041671875 0.8767379390625001 0.5006524125 0.8903097593749999
0 0.49404239843750003 0.8854166671874999 0.4986111109375 0.890296053125 0.5056652046875 0.8750822375 0.501096490625 0.8703125 0.49404239843750003 0.8854166671874999
0 0.488651315625 0.876973684375 0.4921418125 0.8806469296874999 0.49877558437499997 0.86647478125 0.49524853750000003 0.8627741234374999 0.488651315625 0.876973684375
0 0.3805592109375 0.577014803125 0.376078215625 0.5794407890625 0.3799524859375 0.595696271875 0.38441155 0.593283990625 0.3805592109375 0.577014803125
0 0.387171053125 0.5811403515625 0.3826388890625 0.5841557015625 0.387591375 0.6010142546874999 0.3921235375 0.5979989031249999 0.387171053125 0.5811403515625
0 0.39778874218750004 0.5853892546874999 0.3924159359375 0.5879934203125 0.39610745625 0.6052905703125 0.40149853750000003 0.602768640625 0.39778874218750004 0.5853892546874999
0 0.6448812140625 0.1375822375 0.649680190625 0.1375356359375 0.649597953125 0.1193804828125 0.6447551171875 0.11951754375000001 0.6448812140625 0.1375822375
0 0.6391264624999999 0.13678728125 0.6431469296875 0.1372807015625 0.6439327484375 0.1223958328125 0.6399305562500001 0.121929825 0.6391264624999999 0.13678728125
0 0.6349232453125 0.2998081140625 0.6346491234375 0.2921052625 0.6228581875 0.292966009375 0.6231359656250001 0.3006578953125 0.6349232453125 0.2998081140625
0 0.66253655 0.3634046046875 0.6578581875 0.3619791671875 0.6555555562500001 0.3791392546875 0.6602010234375 0.380526315625 0.66253655 0.3634046046875
0 0.649543128125 0.3579769734375 0.644170321875 0.3577302625 0.6438413749999999 0.37628837656249997 0.64921418125 0.376507675 0.649543128125 0.3579769734375
0 0.474652778125 0.8497807015625 0.47562134531250005 0.84306469375 0.4656195171875 0.8396929828124999 0.4646198828125 0.846436403125 0.474652778125 0.8497807015625
0 0.5275767546875 0.5854440796875 0.5234831875 0.5821820171875001 0.5184576015625 0.5964638156250001 0.52258771875 0.599643640625 0.5275767546875 0.5854440796875
0 0.51805555625 0.5891721484375 0.513802996875 0.5861787281249999 0.508991228125 0.6017817984375 0.5132675437499999 0.6047149125 0.51805555625 0.5891721484375
0 0.513706140625 0.4334703953125 0.508899853125 0.431716009375 0.5063596484375 0.44753289531249996 0.5111842109375 0.44928728125 0.513706140625 0.4334703953125
0 0.49841008750000004 0.352658990625 0.502704678125 0.354276315625 0.50542763125 0.3377741234375 0.501151315625 0.3361567984375 0.49841008750000004 0.352658990625
0 0.519097221875 0.286239034375 0.5240314328125 0.285882675 0.5234466375 0.2677083328125 0.5185124265625001 0.2681195171875 0.519097221875 0.286239034375
0 0.504258040625 0.269051534375 0.50866228125 0.26943530625 0.5092616953125 0.25242324531250004 0.5048793859375 0.2520559203125 0.504258040625 0.269051534375
0 0.5646016078125 0.1559758765625 0.5603435671875 0.15578399062499998 0.5599415203125 0.16875 0.5641630109375 0.16910635937500001 0.5646016078125 0.1559758765625
0 0.5216374265625 0.145367325 0.5170138890625 0.144846490625 0.5162463453125 0.159841009375 0.5209064328124999 0.16025219375 0.5216374265625 0.145367325
0 0.537116228125 0.0432291671875 0.541721490625 0.0431195171875 0.5416301171875 0.027713815625 0.5370065796875 0.0278782890625 0.537116228125 0.0432291671875
0 0.4865314328125 0.1669133765625 0.48766447343749997 0.1592653515625 0.4767726609375 0.15550986875 0.4755665203125 0.1631030703125 0.4865314328125 0.1669133765625
0 0.48680555625000005 0.170614034375 0.4822185671875 0.17044956093750002 0.48194444374999995 0.1856907890625 0.4865497078125 0.18582785156249998 0.48680555625000005 0.170614034375
0 0.4403691515625 0.1396381578125 0.439528509375 0.1463541671875 0.45058479531250006 0.1494517546875 0.45137061406249995 0.1427357453125 0.4403691515625 0.1396381578125
0 0.4058863296875 0.15665021875000001 0.408972953125 0.16112938593749998 0.41606359687500005 0.1500274125 0.4130299703125 0.1455317984375 0.4058863296875 0.15665021875000001
0 0.3802448828125 0.167489034375 0.3846308484375 0.168338815625 0.3858369890625 0.1540844296875 0.3814692984375 0.1532346484375 0.3802448828125 0.167489034375
0 0.38346125781249996 0.340296053125 0.3865588453125 0.33546875 0.3795138890625 0.3251096484375 0.3763523390625 0.330043859375 0.38346125781249996 0.340296053125
0 0.42408625781250003 0.3657072375 0.42518274843750004 0.35849780625 0.4134137421875 0.3544133765625 0.4122624265625 0.36165021875000003 0.42408625781250003 0.3657072375
0 0.4064144734375 0.360608553125 0.40750000000000003 0.3541666671875 0.39610745625 0.34961622812500004 0.394937865625 0.3560855265625 0.4064144734375 0.360608553125
0 0.4723684203125 0.393311403125 0.47121710468750005 0.39972587656249997 0.4809576015625 0.403508771875 0.48205409374999997 0.3970668859375 0.4723684203125 0.393311403125
0 0.366045321875 0.3591557015625 0.3618238296875 0.3572916671875 0.3592288015625 0.370367325 0.3634685671875 0.372231359375 0.366045321875 0.3591557015625
0 0.362134503125 0.37571271875 0.3577119890625 0.3736019734375 0.354276315625 0.38944627187499997 0.3586988296875 0.3916118421875 0.362134503125 0.37571271875
0 0.34248172499999996 0.415126096875 0.345778509375 0.41940789531249995 0.351856725 0.40851425468749997 0.3485197375 0.40441337656250004 0.34248172499999996 0.415126096875
0 0.3689144734375 0.3942982453125 0.36778143281250003 0.4021655703125 0.3802266078125 0.4061677625 0.38135964843750003 0.3983004390625 0.3689144734375 0.3942982453125
0 0.38673245624999997 0.4368695171875 0.3895650578125 0.443283990625 0.399671053125 0.43333333281249997 0.39683845 0.426891446875 0.38673245624999997 0.4368695171875
0 0.4243238296875 0.42036732499999996 0.422971490625 0.42771381562500005 0.4361659359375 0.43297697343749997 0.437445175 0.4256304828125 0.4243238296875 0.42036732499999996
0 0.4524488296875 0.43527960468750004 0.45087719374999996 0.4423519734375 0.4626279234375 0.44838267500000006 0.4642543859375 0.44131030625 0.4524488296875 0.43527960468750004
0 0.4654788015625 0.4401041671875 0.46388888906250003 0.44766995625000006 0.4756030703125 0.4532346484375 0.47722953281249997 0.445668859375 0.4654788015625 0.4401041671875
0 0.44568713437499996 0.45800438593750004 0.444060671875 0.4639528515625 0.452814328125 0.46918859687500003 0.4544042390625 0.46324013124999996 0.44568713437499996 0.45800438593750004
0 0.460162646875 0.4678755484375 0.458132309375 0.47472587656250004 0.46979166718750004 0.482456140625 0.47182017500000006 0.4756030703125 0.460162646875 0.4678755484375
0 0.29527595 0.551504934375 0.2938779234375 0.5579495609375 0.3052631578125 0.563651315625 0.30676169531249997 0.5572094296875 0.29527595 0.551504934375
0 0.3224780703125 0.5642817984375 0.32587719375 0.559046053125 0.31655701718749996 0.5455866234375 0.3131761703125 0.5509046046875 0.3224780703125 0.5642817984375
0 0.3280519 0.551096490625 0.3244700296875 0.555098684375 0.3304879390625 0.5671244515625 0.33401132968749997 0.5630317984375 0.3280519 0.551096490625
0 0.351864034375 0.562856359375 0.34764254375000003 0.565625 0.3516081875 0.579331140625 0.355847953125 0.5766447375 0.351864034375 0.562856359375
0 0.3701754390625 0.570751096875 0.3651736109375 0.5743338812500001 0.370760234375 0.591858553125 0.37569444375 0.58837719375 0.3701754390625 0.570751096875
0 0.40581140312499997 0.5901315796875 0.4013157890625 0.5915570171875 0.4033077484375 0.6063048249999999 0.4078216375 0.6048793859375 0.40581140312499997 0.5901315796875
0 0.47250730937499996 0.6171737937499999 0.46606725156250006 0.6139007671875001 0.4611567984375 0.6350191890625 0.467543859375 0.6384594296875 0.47250730937499996 0.6171737937499999
0 0.1855519 0.903023575 0.1899671046875 0.8987116234375 0.18304093593749998 0.8817708328125 0.178435671875 0.8861293859374999 0.1855519 0.903023575
0 0.21847587656249998 0.76019736875 0.21566155 0.7657072375 0.2236038015625 0.774221490625 0.2262792390625 0.7685307015625 0.21847587656249998 0.76019736875
0 0.4344590640625 0.6922203953125 0.43865131562500004 0.694901315625 0.4424707609375 0.681195175 0.4385599421875 0.678536184375 0.4344590640625 0.6922203953125
0 0.3627923984375 0.8084703953125001 0.35970394687499996 0.8155701750000001 0.3705043859375 0.8266721484374999 0.3736476609375 0.820010965625 0.3627923984375 0.8084703953125001
0 0.3677448828125 0.8006853062499999 0.36465643281250004 0.8068530703125001 0.37578581875 0.8185032890624999 0.378581871875 0.8122532890624999 0.3677448828125 0.8006853062499999
0 0.3650767546875 0.7975603062500001 0.3615679828125 0.7933114031249999 0.354349415625 0.8062225875 0.3579678359375 0.8105537281249999 0.3650767546875 0.7975603062500001
0 0.3538724421875 0.8265433109375 0.351882309375 0.8356907890624999 0.366812865625 0.84290021875 0.36854897656249996 0.8341310312499999 0.3538724421875 0.8265433109375
0 0.3458150578125 0.6365405703125 0.351096490625 0.6391447375 0.3552083328125 0.6225054828125 0.3499269 0.6198190796875 0.3458150578125 0.6365405703125
0 0.3510233921875 0.6172971484375 0.35548245624999997 0.6199013156250001 0.3600328953125 0.602658990625 0.3556834796875 0.6001370609375 0.3510233921875 0.6172971484375
0 0.3330409359375 0.7732456140624999 0.3287097953125 0.7786184203125 0.3371747078125 0.7949259875 0.3415570171875 0.7893366234375 0.3330409359375 0.7732456140624999
0 0.3286933484375 0.7837033984375 0.3251644734375 0.7883771937499999 0.3330062140625 0.801702303125 0.3363779234375 0.79709155625 0.3286933484375 0.7837033984375
0 0.360562865625 0.7884868421875 0.3561641078125 0.784120065625 0.3494389625 0.79920504375 0.3539619890625 0.8040241234375 0.360562865625 0.7884868421875
0 0.3279239765625 0.8509046046875 0.324616228125 0.8561129390625 0.333223684375 0.8689418859375 0.336385234375 0.863706140625 0.3279239765625 0.8509046046875
0 0.3171966375 0.8398300437499999 0.3141630109375 0.8455592109375001 0.3228326015625 0.85568530625 0.32582236875000004 0.8498629390625 0.3171966375 0.8398300437499999
0 0.3066081875 0.8261211625 0.303143275 0.8322094296874999 0.3127010234375 0.8438322375 0.31588084843750003 0.8379468203125 0.3066081875 0.8261211625
0 0.29131944375 0.8085800437499999 0.2877375734375 0.814364034375 0.297331871875 0.82738486875 0.30080409375 0.8213267546875 0.29131944375 0.8085800437499999
0 0.28128655 0.7968475875000001 0.277814328125 0.8029331140625 0.2868603796875 0.8138980265625 0.290149853125 0.8077302625 0.28128655 0.7968475875000001
0 0.271509503125 0.784731359375 0.26792763124999996 0.7904879390625 0.2767909359375 0.8016995609374999 0.28022660781250003 0.795641446875 0.271509503125 0.784731359375
0 0.2685855265625 0.8995339906250001 0.2736312140625 0.892741228125 0.26478435624999996 0.8779331140625001 0.25975877187499996 0.8845668859375 0.2685855265625 0.8995339906250001
0 0.2521747078125 0.8719024125000001 0.2563779234375 0.865926534375 0.2470211984375 0.8510142546875 0.24289108124999997 0.85712719375 0.2521747078125 0.8719024125000001
0 0.2563961984375 0.896820175 0.26019736875 0.8911732453125 0.253214546875 0.8799396937499999 0.24925073125 0.88522478125 0.2563961984375 0.896820175
0 0.049689328125 0.17976425468749999 0.052247806249999994 0.18529879375 0.059448100000000004 0.177801534375 0.057072368750000005 0.1724506578125 0.049689328125 0.17976425468749999
0 0.071856725 0.18182565781249999 0.07414108124999999 0.18703399062499998 0.081268275 0.180921053125 0.0786366953125 0.175411184375 0.071856725 0.18182565781249999
0 0.10067617031250001 0.10076754375000001 0.1005299703125 0.091748903125 0.088472221875 0.0916529609375 0.0884685671875 0.1009594296875 0.10067617031250001 0.10076754375000001
0 0.14360380156250002 0.090679825 0.14163011718750002 0.098766446875 0.15294225156250002 0.10265899062499999 0.1548446640625 0.09435581093749999 0.14360380156250002 0.090679825
0 0.1141081875 0.19133771875 0.11588084843749999 0.18418311406250001 0.105650584375 0.17972861874999999 0.10386695937499998 0.1866008765625 0.1141081875 0.19133771875
0 0.06132858125 0.8669846484375 0.0666301171875 0.86334978125 0.062024853125 0.8479440796875 0.056670321875 0.8514254390625 0.06132858125 0.8669846484375
0 0.051991959374999994 0.868393640625 0.057456140625 0.866858553125 0.055190057812500005 0.8485745609374999 0.049671053124999996 0.8499177625 0.051991959374999994 0.868393640625
0 0.0375 0.8477521937500001 0.040204678125 0.8544682015625 0.04914108125 0.8459155703125001 0.046491228125 0.8393914468749999 0.0375 0.8477521937500001
0 0.0436038015625 0.8305646937500001 0.041027046875 0.8239309203125 0.0310672515625 0.8322368421874999 0.033614765625 0.83904879375 0.0436038015625 0.8305646937500001
0 0.02896564375 0.8239035093749999 0.031341375 0.8304742328125 0.0415387421875 0.8217379390625 0.0391081875 0.8155153515625001 0.02896564375 0.8239035093749999
0 0.0592013890625 0.7806277406250001 0.05698099375 0.77425986875 0.0467470765625 0.7819078953124999 0.0489766078125 0.7885690796875 0.0592013890625 0.7806277406250001
0 0.0549524859375 0.784758771875 0.0571052625 0.7914309203125 0.06633771875 0.7842653515625 0.06414473750000001 0.777768640625 0.0549524859375 0.784758771875
0 0.057602339062499994 0.772998903125 0.060105993749999996 0.780071271875 0.0695577484375 0.7722395828125 0.0670504390625 0.7654331140624999 0.057602339062499994 0.772998903125
0 0.07383040937499999 0.796820175 0.071436403125 0.7914199562500001 0.0609576015625 0.8005893640625 0.063357090625 0.806239034375 0.07383040937499999 0.796820175
0 0.071820175 0.790570175 0.07427083281249999 0.7964967109375001 0.083439328125 0.7881496703125 0.080921053125 0.7822642546874999 0.071820175 0.790570175
0 0.08483004375 0.7949259875 0.0904970765625 0.794846490625 0.0903508765625 0.7770833328125 0.0849945171875 0.7770833328125 0.08483004375 0.7949259875
0 0.095635965625 0.7914884875 0.101527778125 0.7909155703125 0.10076754375000001 0.7751096484375 0.0950292390625 0.7756030703125 0.095635965625 0.7914884875
0 0.146893275 0.73834978125 0.14236111093749998 0.743338815625 0.149561403125 0.7576754390625 0.15398391875 0.7521107453125 0.146893275 0.73834978125
0 0.20091374218750002 0.7169682015625 0.1985745609375 0.7240131578125 0.20942982500000001 0.7311129390625 0.2114948828125 0.72425986875 0.20091374218750002 0.7169682015625
0 0.20383771875 0.7047971484375 0.201242690625 0.712061403125 0.21173245624999998 0.7201206140624999 0.21416301093749998 0.7128015343749999 0.20383771875 0.7047971484375
0 0.19457236875 0.7099232453125001 0.1997989765625 0.7091008765625 0.198605628125 0.6935608546875 0.19371345 0.69446271875 0.19457236875 0.7099232453125001
0 0.291758040625 0.21425438593749999 0.2865679828125 0.21329495625 0.2837536546875 0.23050986875 0.28925438593749997 0.2317434203125 0.291758040625 0.21425438593749999
0 0.27739400625 0.226918859375 0.282328215625 0.2279605265625 0.2849780703125 0.21186951718749997 0.28022660781250003 0.210553728125 0.27739400625 0.226918859375
0 0.2692452484375 0.22732182031249998 0.2743238296875 0.22935855312500003 0.277668128125 0.21329495625 0.2728070171875 0.2111293859375 0.2692452484375 0.22732182031249998
0 0.25121162343750003 0.2203316890625 0.2541301171875 0.22628837656249998 0.262920321875 0.21770833281250002 0.259466375 0.211348684375 0.25121162343750003 0.2203316890625
0 0.255847953125 0.1953399125 0.2554678359375 0.20215734687500003 0.266867690625 0.202713815625 0.2670869890625 0.1963815796875 0.255847953125 0.1953399125
0 0.2579861109375 0.1497258765625 0.25729166718749996 0.1564418859375 0.26734283593749997 0.1577028515625 0.2677266078125 0.151096490625 0.2579861109375 0.1497258765625
0 0.295705409375 0.1728344296875 0.291027046875 0.172231359375 0.28965643281250003 0.1884046046875 0.2943896203125 0.18921875 0.295705409375 0.1728344296875
0 0.30298245625 0.1763267546875 0.2985197375 0.1749725875 0.29566155 0.18921875 0.3002997078125 0.1906496703125 0.30298245625 0.1763267546875
0 0.197277046875 0.0420504390625 0.192489034375 0.04150219375 0.190606725 0.0560581140625 0.195741959375 0.056633771875 0.197277046875 0.0420504390625
0 0.1958095765625 0.2004934203125 0.200018275 0.20076754375 0.20096308437500002 0.1867379390625 0.196875 0.186403509375 0.1958095765625 0.2004934203125
0 0.19247076093749999 0.2187774125 0.1974415203125 0.21979166718749998 0.1993969296875 0.2030975875 0.19484649062499998 0.2020559203125 0.19247076093749999 0.2187774125
0 0.1564674703125 0.33935855312499996 0.1611823828125 0.34112664531250003 0.164391446875 0.32413377187500003 0.159937865625 0.322171053125 0.1564674703125 0.33935855312499996
0 0.0606725140625 0.4482182015625 0.059484648437499996 0.45496162343749996 0.069864765625 0.4583333328125 0.0709247078125 0.45153508750000004 0.0606725140625 0.4482182015625
0 0.044771564062500005 0.4438678734375 0.0458150578125 0.43780153437499997 0.036805556249999996 0.4345394734375 0.035654239062499996 0.4405153515625 0.044771564062500005 0.4438678734375
0 0.0396016078125 0.4265350875 0.038742690625 0.43253837656250005 0.048062865625 0.4349780703125 0.048921784375 0.429276315625 0.0396016078125 0.4265350875
0 0.049981725 0.42719298281249996 0.0490679828125 0.4334703953125 0.058793859375 0.43620888124999996 0.059612573437500004 0.43 0.049981725 0.42719298281249996
0 0.060760234375 0.429588815625 0.059703946875000004 0.43612938593750006 0.070347221875 0.43936677656249995 0.071257309375 0.4329440796875 0.060760234375 0.429588815625
0 0.0721673984375 0.43311403437499996 0.07107090625 0.43974780625000004 0.0794225140625 0.44253289531249995 0.08046418125 0.43623903437499995 0.0721673984375 0.43311403437499996
1 0.07695540937499999 0.45134320156249996 0.07560307031249999 0.45953947343749996 0.08672331875 0.46328399062500003 0.087920321875 0.45509868437499995 0.07695540937499999 0.45134320156249996
0 0.0891995609375 0.4145559203125 0.08614766093750001 0.42061403437499995 0.094883040625 0.42946271874999997 0.0977741234375 0.42324013125000004 0.0891995609375 0.4145559203125
0 0.0809886703125 0.389174890625 0.07618786562499999 0.39131030624999996 0.07891081875 0.4091557015625 0.0838267546875 0.40709978125 0.0809886703125 0.389174890625
0 0.067507309375 0.3670778515625 0.0661458328125 0.37403234687500003 0.0766264625 0.3779331140625 0.0778508765625 0.37075109687499996 0.067507309375 0.3670778515625
0 0.06533260156250001 0.34758771875 0.0640899125 0.354303728125 0.07414108124999999 0.3573190796875 0.0752558484375 0.3506578953125 0.06533260156250001 0.34758771875
0 0.09599780625 0.34232456093749997 0.09694810000000001 0.335992325 0.0877923984375 0.33314144687499997 0.08676900625 0.3396655703125 0.09599780625 0.34232456093749997
0 0.1266447375 0.31888706093749997 0.125402046875 0.326151315625 0.1361860375 0.3294682015625 0.1373976609375 0.3223684203125 0.1266447375 0.31888706093749997
0 0.1228691515625 0.2962719296875 0.127777778125 0.29775219375 0.1302997078125 0.283114034375 0.12544590625000002 0.281546053125 0.1228691515625 0.2962719296875
0 0.11686769062499999 0.2955317984375 0.1215826015625 0.29761513125 0.1244517546875 0.28355263124999996 0.11975511718750001 0.281688596875 0.11686769062499999 0.2955317984375
0 0.1106706875 0.2952302625 0.1154312859375 0.2971628296875 0.11860380156250001 0.280948465625 0.1138523390625 0.27894736875000004 0.1106706875 0.2952302625