0 0.6283442984375001 0.7705043859375 0.6319809937499999 0.764418859375 0.6233369890625 0.7528782890625 0.6197185671875001 0.758991228125 0.6283442984375001 0.7705043859375
0 0.6309941515624999 0.7579495609375 0.6344481 0.7521929828125 0.6259046046875001 0.7412417765625 0.6224780703125 0.7470120609374999 0.6309941515624999 0.7579495609375
0 0.6480994156250001 0.7796875 0.6516447375000001 0.7739583328124999 0.6421052625 0.7617050437499999 0.638742690625 0.7674616234375 0.6480994156250001 0.7796875
0 0.6575840640624999 0.8080592109375001 0.6612024859375001 0.8024671046874999 0.6516995609375 0.78993969375 0.6481907890625 0.7958333328125 0.6575840640624999 0.8080592109375001
0 0.6633150578125 0.8001891453125 0.6662024859375 0.794898575 0.6587353796875 0.7853070171875001 0.65553728125 0.7904605265625 0.6633150578125 0.8001891453125
0 0.6859649125 0.8272203953125 0.6892726609375 0.8216008765625 0.6811769 0.8112116234375 0.6778326015625 0.8166118421874999 0.6859649125 0.8272203953125
1 0.81178728125 1 0.8079130109375001 0.9947094296874999 0.8066392546875001 0.9969133765624999 0.8092013890624999 1 0.81178728125 1
0 0.7575109656250001 0.9774671046875 0.7537828953125 0.983963815625 0.763651315625 0.9964638156250001 0.7671966375 0.9904605265624999 0.7575109656250001 0.9774671046875
0 0.7641995609375 0.9725603062499999 0.7608369890625 0.9783717109375001 0.7702796046875 0.9899177625 0.7734100875000001 0.984375 0.7641995609375 0.9725603062499999
1 0.7432017546874999 0.98977521875 0.7423519734374999 0.9909621703125 0.7450639625 0.995622259375 0.74599780625 0.99451754375 0.7432017546874999 0.98977521875
0 0.7744152046874999 0.9565241234374999 0.777649853125 0.9503837718750001 0.769956140625 0.940981359375 0.7665387421875 0.9471217109375001 0.7744152046874999 0.9565241234374999
0 0.7571454671875 0.9192434203125 0.7603618421875 0.9129934203125 0.7516630109375 0.9018640343750001 0.748081140625 0.9081962718750001 0.7571454671875 0.9192434203125
0 0.7213267546875 0.8892817984375 0.7251827484375 0.8828125 0.7148574562500001 0.8702028515625001 0.711293859375 0.876918859375 0.7213267546875 0.8892817984375
0 0.717507309375 0.8685307015625 0.7209247078125001 0.8625822375000001 0.7127741234375 0.8521655703125001 0.7091557015625 0.8580866234375 0.717507309375 0.8685307015625
1 0.695232090625 0.855342653125 0.6979952484374999 0.8499369515625 0.6923629390625 0.8432648031250001 0.689491959375 0.8487390343750001 0.695232090625 0.855342653125
0 0.6364674703125 0.9201891453125001 0.6350328953125 0.9131853062499999 0.6255299703125 0.9173793859374999 0.6270650578125 0.9247258765625 0.6364674703125 0.9201891453125001
0 0.6178362578125001 0.9269462718750001 0.61558845 0.9192160093749999 0.6040168125 0.9270230265625001 0.6061220765625001 0.934813596875 0.6178362578125001 0.9269462718750001
0 0.46113669531249996 0.8999753296874999 0.45666301093749995 0.903889803125 0.46191520468749997 0.9183114031249999 0.4662646203125 0.9142269734375 0.46113669531249996 0.8999753296874999
0 0.467507309375 0.973793859375 0.47262426875 0.9697642546875 0.466366959375 0.9515241234375 0.4609831875 0.9556469296874999 0.467507309375 0.973793859375
0 0.4609649125 0.9772532890625 0.4656981 0.974643640625 0.46077485312500005 0.957028509375 0.4563231 0.9598711625 0.4609649125 0.9772532890625
0 0.45438596562500005 0.9828399125 0.45915570156249996 0.9799890343750001 0.45466008750000003 0.9626096484375 0.44994517500000003 0.9655153515625001 0.45438596562500005 0.9828399125
0 0.44931103749999995 0.9866913374999999 0.45395285156250004 0.9832099781249999 0.4485014625 0.9657894734375001 0.44378655 0.9693530703125001 0.44931103749999995 0.9866913374999999
0 0.0674342109375 0.831559759375 0.0696472953125 0.8262993421875 0.062039473437500006 0.8187308109375 0.05999817187499999 0.8241255484375 0.0674342109375 0.831559759375
0 0.085054825 0.8035307015625 0.0821820171875 0.8095394734375001 0.0917653515625 0.820268640625 0.09460891875 0.814117325 0.085054825 0.8035307015625
0 0.178435671875 0.85855263125 0.18253655 0.855413925 0.1776315796875 0.841831140625 0.1736659359375 0.844928728125 0.178435671875 0.85855263125
0 0.15670687187500001 0.8607182015625 0.1614766078125 0.8648300437499999 0.167874634375 0.8467790562499999 0.1630244890625 0.8430235749999999 0.15670687187500001 0.8607182015625
0 0.1613980265625 0.8301288375 0.1595942984375 0.8233552625 0.14766081874999998 0.8312774125000001 0.1493969296875 0.8380482453125 0.1613980265625 0.8301288375
0 0.157966009375 0.8213843203125 0.1555921046875 0.813623903125 0.14362207656249998 0.821518640625 0.14596491250000002 0.829303728125 0.157966009375 0.8213843203125
0 0.14365862499999998 0.8099780703125001 0.1456907890625 0.8162280703125001 0.155010965625 0.80951754375 0.1528326015625 0.8030427625 0.14365862499999998 0.8099780703125001
0 0.1407711984375 0.8002741234374999 0.14289108125 0.8062774125000001 0.1528344296875 0.7981990125 0.1507291671875 0.79214638125 0.1407711984375 0.8002741234374999
0 0.13667763125000001 0.79150219375 0.1389802625 0.798492325 0.1490131578125 0.7911732453125 0.1466374265625 0.784018640625 0.13667763125000001 0.79150219375
0 0.13212719374999998 0.7845120609375 0.13441155 0.7912554828125 0.143600146875 0.7838157890625 0.14133771875 0.7773300437499999 0.13212719374999998 0.7845120609375
1 0.3907547515625 0.7774533984375 0.3906981 0.7865131578125 0.4063961984375 0.7858278515625 0.40616593593749994 0.776885965625 0.3907547515625 0.7774533984375
0 0.30141264687499997 0.7659429828125 0.305769371875 0.7625904609374999 0.3006396203125 0.7458607453125 0.2961988296875 0.7490131578125 0.30141264687499997 0.7659429828125
0 0.2950840640625 0.77099780625 0.3005847953125 0.766803728125 0.2949177625 0.7484703953125 0.2896016078125 0.751946271875 0.2950840640625 0.77099780625
0 0.2775584796875 0.7348958328124999 0.2826388890625 0.73209978125 0.277364765625 0.7115296046874999 0.272437865625 0.7145422156250001 0.2775584796875 0.7348958328124999
0 0.2703399125 0.736403509375 0.275420321875 0.7346217109375 0.2721125734375 0.7151041671875 0.2672825296875 0.7169654609375 0.2703399125 0.736403509375
0 0.2313961984375 0.5202576750000001 0.22721125781249998 0.5165844296875 0.22105263125 0.530893640625 0.22534539531250003 0.53451754375 0.2313961984375 0.5202576750000001
0 0.0622441515625 0.1721217109375 0.0592105265625 0.17691885937500001 0.0664766078125 0.1876233546875 0.06960891875 0.1826754390625 0.0622441515625 0.1721217109375
1 0.059073465625 0.1986869515625 0.0624945171875 0.19391173281250002 0.0540478796875 0.18092379375 0.050626828125 0.1859375 0.059073465625 0.1986869515625
0 0.0548062859375 0.2052905703125 0.0576206140625 0.20093201718749998 0.051235379687500006 0.191417215625 0.048486842187500004 0.19586896874999998 0.0548062859375 0.2052905703125
0 0.040716375 0.20400219375 0.0372441515625 0.2088541671875 0.044956140625 0.22044956093749998 0.0481907890625 0.21551535156249998 0.040716375 0.20400219375
0 0.036725146874999996 0.21037828906249997 0.0332529234375 0.2152302625 0.0409649125 0.2268256578125 0.0441995609375 0.221891446875 0.036725146874999996 0.21037828906249997
0 0.0325292390625 0.219051534375 0.029532164062499998 0.22436951718749998 0.036677631249999995 0.2329495609375 0.039656432812499996 0.22771381562499998 0.0325292390625 0.219051534375
1 0.7260599421875 0.3703399125 0.7260233921875 0.3767543859375 0.7365131578125 0.37730263124999996 0.73667763125 0.370641446875 0.7260599421875 0.3703399125
0 0.7272605999999999 0.0426754390625 0.726597221875 0.04930646875 0.7372715640624999 0.0524808109375 0.7378399124999999 0.0456606359375 0.7272605999999999 0.0426754390625
1 0.700383771875 0.055345395312500004 0.7032346484375 0.0466282890625 0.6894809937499999 0.0374780703125 0.6861038015625 0.045570175000000004 0.700383771875 0.055345395312500004
0 0.528216375 0.2686129390625 0.5283808484375 0.2619243421875 0.5193713453125001 0.261293859375 0.5192434203125 0.268448465625 0.528216375 0.2686129390625
0 0.5166264625 0.289007675 0.5212353796875 0.287143640625 0.517653509375 0.2701480265625 0.5132309937499999 0.2720394734375 0.5166264625 0.289007675
0 0.515599415625 0.2551754390625 0.5201388890625 0.25550986875000004 0.52101608125 0.238135965625 0.5167178359375 0.23770833281249998 0.515599415625 0.2551754390625
0 0.51237573125 0.23889254375000002 0.5077485375 0.2376754390625 0.5059941515624999 0.25451754375 0.5107090640624999 0.25543859687500003 0.51237573125 0.23889254375000002
0 0.5359649125 0.42009320156249996 0.5358552624999999 0.41269188593750006 0.5253472218749999 0.41334978125 0.5254751468750001 0.4209429828125 0.5359649125 0.42009320156249996
1 0.302777778125 0.04923245625 0.30595760156249996 0.04443530625 0.29762426875000003 0.0328125 0.2942434203125 0.037308114062499995 0.302777778125 0.04923245625
1 0.29769736875 0.0532346484375 0.301133040625 0.04756030625 0.2924524859375 0.03657620625 0.288633040625 0.0416666671875 0.29769736875 0.0532346484375
1 0.29371345 0.0594572375 0.297277046875 0.0545778515625 0.28916301093749996 0.042543859375 0.2858369890625 0.0470394734375 0.29371345 0.0594572375
1 0.285453215625 0.0717927625 0.289491959375 0.065953946875 0.2806103796875 0.05404605312500001 0.2766264625 0.059813596875 0.285453215625 0.0717927625
1 0.2822185671875 0.07730263125 0.285581140625 0.07228618437499999 0.27649853750000003 0.06115679843750001 0.2732638890625 0.0658991234375 0.2822185671875 0.07730263125
1 0.2951388890625 0.10043859687500001 0.2985014625 0.0952850875 0.28967470781250004 0.08363486875000001 0.28618055625 0.0887006578125 0.2951388890625 0.10043859687500001
1 0.301133040625 0.0952302625 0.30475146249999996 0.0896929828125 0.295705409375 0.07774122812499999 0.291812865625 0.083141446875 0.301133040625 0.0952302625
1 0.311275584375 0.10921052656250001 0.3146747078125 0.10391995624999999 0.3053874265625 0.0926918859375 0.302152778125 0.0974342109375 0.311275584375 0.10921052656250001
1 0.306615496875 0.08599232500000001 0.3096308484375 0.08042763124999999 0.3004239765625 0.0695504390625 0.297240496875 0.075054825 0.306615496875 0.08599232500000001
1 0.31023391875 0.080126096875 0.3139071640625 0.07552083281250001 0.3056834796875 0.06321271875 0.301882309375 0.067571271875 0.31023391875 0.080126096875
1 0.3139071640625 0.0734100875 0.31789108125 0.0673519734375 0.3090826015625 0.05548245625 0.305007309375 0.0609649125 0.3139071640625 0.0734100875
1 0.32037646249999996 0.094846490625 0.3236842109375 0.08950109687499999 0.314382309375 0.0782346484375 0.31096491249999997 0.083278509375 0.32037646249999996 0.094846490625
1 0.323918128125 0.08932291718749999 0.32726608125 0.0845668859375 0.318731725 0.072258771875 0.3150767546875 0.0767269734375 0.323918128125 0.08932291718749999
1 0.30328216406249997 0.152332784375 0.3072916671875 0.15767543906249998 0.316544225 0.14285910156249998 0.3127010234375 0.13769188593749998 0.30328216406249997 0.152332784375
0 0.3160380109375 0.137971490625 0.31924342031249997 0.1328125 0.3115423984375 0.123168859375 0.3083187140625 0.128366228125 0.3160380109375 0.137971490625
0 0.3362024859375 0.1088267546875 0.3391630109375 0.10400219375 0.33200840625 0.0947615125 0.3290661546875 0.09947642500000001 0.3362024859375 0.1088267546875
0 0.1904605265625 0.07269736875 0.1927814328125 0.06647478125 0.1847532890625 0.06102521875 0.1827357453125 0.06704495625 0.1904605265625 0.07269736875
1 0.140606725 0.1010416671875 0.1415570171875 0.09991776249999999 0.1391812859375 0.09599780625 0.13824926875000002 0.097176534375 0.140606725 0.1010416671875
0 0.0404605265625 0.03196271875 0.0377192984375 0.0365679828125 0.0445120609375 0.0446929828125 0.0471673984375 0.040241228125 0.0404605265625 0.03196271875
0 0.0969846484375 0.1153782890625 0.0939327484375 0.1201206140625 0.10074926875000001 0.129276315625 0.1037646203125 0.12450657968750001 0.0969846484375 0.1153782890625
0 0.08861293906249999 0.091864034375 0.085599415625 0.09635416718749999 0.091831140625 0.10471491250000001 0.0947916671875 0.1002467109375 0.08861293906249999 0.091864034375
0 0.0639309203125 0.064969846875 0.06122076093749999 0.06949013125 0.067653509375 0.0774945171875 0.0702850875 0.0728892546875 0.0639309203125 0.064969846875
0 0.122061403125 0.1327604171875 0.1190478796875 0.1372505484375 0.12483552656250001 0.1451480265625 0.127741228125 0.1405427625 0.122061403125 0.1327604171875
0 0.11359649062499999 0.137828946875 0.11014254375000002 0.14355811406250002 0.11761695937500001 0.15293311406250001 0.1208881578125 0.1473958328125 0.11359649062499999 0.137828946875
1 0.0666849421875 0.090323465625 0.06368786562499999 0.09668311406249999 0.076224415625 0.1083881578125 0.079258040625 0.10178179843749999 0.0666849421875 0.090323465625
0 0.1708516078125 0.19980811406250001 0.16772660781249998 0.2045778515625 0.1734831875 0.21263706093749998 0.1765350875 0.20762061406250001 0.1708516078125 0.19980811406250001
0 0.21538742656249998 0.2580866234375 0.2120065796875 0.26324013125 0.22006578906250002 0.2743421046875 0.22342836250000003 0.2689692984375 0.21538742656249998 0.2580866234375
0 0.2787097953125 0.3407894734375 0.2752375734375 0.34613486875 0.2834429828125 0.35742872812500004 0.2869334796875 0.3521381578125 0.2787097953125 0.3407894734375
1 0.24610745625 0.313623903125 0.2424707609375 0.3196820171875 0.25550073125 0.33774671093749997 0.25916666718750003 0.3318119515625 0.24610745625 0.313623903125
1 0.3360562859375 0.43223684218749997 0.33331505781250004 0.43648574531250006 0.33824926875 0.44342105312499996 0.341063596875 0.43939144687500004 0.3360562859375 0.43223684218749997
0 0.340204678125 0.42242324531250003 0.3369334796875 0.42774122812500004 0.34533991249999996 0.43887061406249994 0.3485562859375 0.433278509375 0.340204678125 0.42242324531250003
0 0.39287280625 0.46724232499999996 0.3963267546875 0.46148574531250003 0.38742141874999997 0.449745065625 0.3836988296875 0.45567434218749997 0.39287280625 0.46724232499999996
0 0.40928362500000004 0.48952850937500003 0.412481725 0.484046053125 0.40449744218749994 0.47359100937500004 0.40109649062499997 0.47905701718750004 0.40928362500000004 0.48952850937500003
0 0.4298976609375 0.49931469375 0.43342470781250003 0.493283990625 0.42383954687500003 0.48126644687500003 0.4201388890625 0.48755482499999997 0.4298976609375 0.49931469375
0 0.427649853125 0.5142543859375001 0.43092105312499995 0.5088541671875 0.4212719296875 0.49646655624999997 0.41800073125 0.5017269734375 0.427649853125 0.5142543859375001
0 0.3974049703125 0.5132675437499999 0.39393274843750004 0.5183388156250001 0.4016630109375 0.5287554828125 0.40484283593750003 0.5234649124999999 0.3974049703125 0.5132675437499999
0 0.4130665203125 0.5182291671875 0.409703946875 0.5235745609375 0.4192434203125 0.5359923249999999 0.42258771875 0.5306195171875 0.4130665203125 0.5182291671875
0 0.42008223750000007 0.5420970390625001 0.41648391875 0.548026315625 0.42629203281250005 0.5609649125 0.42974049687500004 0.5548081140625001 0.42008223750000007 0.5420970390625001
1 0.4740917390625 0.5572395828125 0.478581871875 0.549616228125 0.4595029234375 0.5255016453125 0.45495248593750004 0.5329495609375 0.4740917390625 0.5572395828125
0 0.457492690625 0.552796053125 0.46070906406249995 0.5471217109375 0.45137061406249995 0.5353618421874999 0.44826388906250003 0.540625 0.457492690625 0.552796053125
0 0.48013523437499994 0.5813870609375 0.48362573124999997 0.5755756578125 0.47298976562500006 0.56173245625 0.46944444374999994 0.567626096875 0.48013523437499994 0.5813870609375
0 0.4946637421875 0.5813870609375 0.49762426875 0.57587719375 0.4893092109375 0.565926534375 0.48620248593750004 0.571518640625 0.4946637421875 0.5813870609375
0 0.49524853750000003 0.598821271875 0.498885234375 0.5927083328125 0.489546784375 0.5813048249999999 0.4861659359375 0.5873081140624999 0.49524853750000003 0.598821271875
0 0.5107638890625 0.6204221484375 0.5142543859375001 0.6150493421875 0.5043457609375 0.6011896937500001 0.5009758765625001 0.6065953953125 0.5107638890625 0.6204221484375
1 0.514239765625 0.6058333328125001 0.5181652046874999 0.5989309203125 0.5035380109375 0.58053728125 0.49948099375000005 0.587313596875 0.514239765625 0.6058333328125001
0 0.526114765625 0.6402960531249999 0.5297149125 0.6345394734375 0.5202119890625 0.621491228125 0.51644736875 0.62741228125 0.526114765625 0.6402960531249999
0 0.534758771875 0.6334703953124999 0.5379934203125 0.6280975875 0.5298976609375 0.617598684375 0.5266447375000001 0.6232182015625 0.534758771875 0.6334703953124999
0 0.5427923984375 0.6598273031249999 0.546160453125 0.6541831140625 0.5362207609375 0.6413651312499999 0.5329495609375 0.6474780703125 0.5427923984375 0.6598273031249999
0 0.5473866953125001 0.650328946875 0.5505847953125 0.6451480265625 0.5419225140624999 0.6334703953124999 0.5387792390625 0.6387609656250001 0.5473866953125001 0.650328946875
0 0.558899853125 0.664501096875 0.5618238296875 0.6593201750000001 0.554579678125 0.6497724781249999 0.55163194375 0.6547066890625 0.558899853125 0.664501096875
0 0.5548793859375001 0.6745888156250001 0.5583150578125 0.669106359375 0.549552265625 0.658023575 0.5463450296875 0.663706140625 0.5548793859375001 0.6745888156250001
1 0.5560307015625 0.6653508765625 0.556706871875 0.6643914468750001 0.5545504390625 0.661266446875 0.55389254375 0.662171053125 0.5560307015625 0.6653508765625
1 0.5669773390625 0.673492325 0.5696271937499999 0.6693530703125 0.5642178359375001 0.6622532890625 0.5614948828124999 0.6664199562500001 0.5669773390625 0.673492325
0 0.578527046875 0.689446271875 0.5814875734375 0.6843475875 0.5748172515625 0.6749177625 0.5717105265625 0.6799342109375 0.578527046875 0.689446271875
0 0.5685855265625 0.6932291671875 0.5721125734375 0.6872807015625 0.5627010234375 0.6751370609375 0.5593019 0.6813322375 0.5685855265625 0.6932291671875
0 0.5829312859375 0.71165021875 0.586385234375 0.7057017546875 0.5764802625 0.6932017546875 0.573099415625 0.6994243421874999 0.5829312859375 0.71165021875
0 0.5955226609375 0.7112116234375 0.5987207609375 0.70553728125 0.5907711984375 0.6951480265625001 0.5874817250000001 0.7005208328125 0.5955226609375 0.7112116234375
0 0.6028508765625 0.7364309203125 0.6063231 0.73056469375 0.596527778125 0.7177631578125 0.59289108125 0.723739034375 0.6028508765625 0.7364309203125
0 0.616794590625 0.7403508765625 0.6200511703125 0.7345504390625 0.6114400578125 0.7232182015624999 0.6078947375 0.7289199562500001 0.616794590625 0.7403508765625