0 0.9400036546875 0.9415844296874999 0.9408351609375 0.9483086625 0.9502741234375 0.94605263125 0.949579678125 0.9391995609375 0.9400036546875 0.9415844296874999
0 0.827741228125 0.8398190796874999 0.8284173984375001 0.833251096875 0.818329678125 0.8310855265624999 0.8176352343750001 0.8378837718750001 0.827741228125 0.8398190796874999
0 0.64300073125 0.95625 0.6485928359375001 0.9550712718750001 0.6467836250000001 0.935635965625 0.6412463453125 0.9368421046875 0.64300073125 0.95625
0 0.6660763890625 0.931674890625 0.6667763156250001 0.9234100875 0.655135234375 0.920668859375 0.6543859656250001 0.92891995625 0.6660763890625 0.931674890625
1 0.4172149125 0.783278509375 0.41759685625 0.7930729171875 0.43474049687500005 0.7919133765625 0.43464912343749995 0.78204495625 0.4172149125 0.783278509375
0 0.4930738296875 0.7619216015625 0.4931103796875 0.7701206140625 0.5068347953125001 0.7700657890625 0.5068713453125 0.76178728125 0.4930738296875 0.7619216015625
0 0.47211257343749996 0.761403509375 0.4673611109375 0.7625 0.469152046875 0.7776864031249999 0.473830409375 0.7765350875 0.47211257343749996 0.761403509375
0 0.4358735375 0.77894736875 0.44058845 0.7786732453125 0.43987573125 0.7618695171875001 0.43514254374999994 0.762143640625 0.4358735375 0.77894736875
0 0.5205226609375 0.79300986875 0.52099780625 0.8009594296874999 0.5335727343750001 0.7994791671875 0.533205409375 0.7916392546875 0.5205226609375 0.79300986875
0 0.5025584796875 0.821573465625 0.5063961984375001 0.82116228125 0.5057200296875 0.8072916671874999 0.5017909359375 0.8077028515625001 0.5025584796875 0.821573465625
0 0.40767543906250003 0.8154879390625001 0.4078070171875 0.821729715625 0.41840277812500004 0.8212445171875 0.41823830468749995 0.814418859375 0.40767543906250003 0.8154879390625001
0 0.8282894734375 0.8526589906250001 0.828563596875 0.8451480265625 0.8178545328125001 0.8443256578125 0.8176352343750001 0.851891446875 0.8282894734375 0.8526589906250001
0 0.79135599375 0.87883771875 0.79614400625 0.8798793859374999 0.7977704671875 0.8631578953125001 0.79294590625 0.8622807015625 0.79135599375 0.87883771875
0 0.9529605265625 0.9890076750000001 0.9538559937500001 0.9978618421875 0.9674159359375001 0.994873903125 0.96633771875 0.9861293859375 0.9529605265625 0.9890076750000001
0 0.7702595031249999 1 0.77114400625 0.991748903125 0.7655519 0.9901041671874999 0.7644005843749999 1 0.7702595031249999 1
0 0.338742690625 0.2907346484375 0.3385928359375 0.284629934375 0.3306158625 0.2849232453125 0.3306158625 0.2909429828125 0.338742690625 0.2907346484375
0 0.3369334796875 0.300328946875 0.337171053125 0.293448465625 0.3275402046875 0.2927083328125 0.327189328125 0.2997505484375 0.3369334796875 0.300328946875
0 0.33824926875 0.307456140625 0.33746345 0.30115131562499997 0.3287646203125 0.30350877187499997 0.3294956140625 0.309813596875 0.33824926875 0.307456140625
1 0.39287280625 0.3845120609375 0.3940625 0.38421875 0.39324744218749996 0.3782017546875 0.392125365625 0.37845668906249996 0.39287280625 0.3845120609375
1 0.315259503125 0.522176534375 0.31432200312499997 0.5222368421875 0.3143622078125 0.5281716015625 0.31529605312500003 0.5281798249999999 0.315259503125 0.522176534375
1 0.1240935671875 0.47196820156249997 0.121509503125 0.4828947375 0.146703215625 0.48914473750000004 0.1484649125 0.47742872812500003 0.1240935671875 0.47196820156249997
1 0.205847953125 0.43612938593750006 0.21348684218749997 0.4401041671875 0.2232894734375 0.4041557015625 0.21618238281250002 0.4009841015625 0.205847953125 0.43612938593750006
0 0.1494225140625 0.3464336625 0.15442251406250002 0.346436403125 0.155930190625 0.33086896875 0.1514802625 0.330948465625 0.1494225140625 0.3464336625
1 0.1669133765625 0.2685005484375 0.16603252968749999 0.280098684375 0.1830135234375 0.278851425 0.183453946875 0.2676946265625 0.1669133765625 0.2685005484375
1 0.24765899062500002 0.2571546046875 0.2439144734375 0.2572094296875 0.24378655 0.2662006578125 0.24765899062500002 0.26614583281250004 0.24765899062500002 0.2571546046875
1 0.322132675 0.165792215625 0.3232273390625 0.1657894734375 0.3231012421875 0.1580016453125 0.3220394734375 0.15796875 0.322132675 0.165792215625
1 0.6064144734375 0.2844024125 0.6143457609375 0.283168859375 0.609831871875 0.24846491249999997 0.60233918125 0.2493969296875 0.6064144734375 0.2844024125
0 0.34663742656249996 0.371929825 0.34161184218749996 0.3719572375 0.3406981 0.38837719375 0.3459429828125 0.3884594296875 0.34663742656249996 0.371929825
0 0.342024853125 0.37043037343749996 0.341849415625 0.36258223749999996 0.3298245609375 0.36343201718749996 0.3298611109375 0.3712171046875 0.342024853125 0.37043037343749996
0 0.338614765625 0.361376096875 0.34316155 0.35968201718750004 0.3407364765625 0.34478892499999997 0.336275584375 0.3462445171875 0.338614765625 0.361376096875
0 0.322222221875 0.5933662281250001 0.316867690625 0.5935307015625 0.31697733906250003 0.6119243421875 0.3224415203125 0.6115953953125 0.322222221875 0.5933662281250001
1 0.3305738296875 0.616091009375 0.3318530703125 0.6158991234375 0.331560671875 0.6083881578125 0.3302814328125 0.60852521875 0.3305738296875 0.616091009375
1 0.323757309375 0.6989583328125 0.317635234375 0.6981907890625 0.316008771875 0.7231907890625 0.322203946875 0.7240405703125 0.323757309375 0.6989583328125
1 0.3295869890625 0.7143366234374999 0.323793859375 0.714528509375 0.3243238296875 0.743311403125 0.3299707609375 0.7431195171875 0.3295869890625 0.7143366234374999
0 0.331268275 0.8569078953125 0.32640716406250003 0.8573190796875 0.32722405 0.8754742328124999 0.33212719375 0.8749177625 0.331268275 0.8569078953125
0 0.2365131578125 0.8490679828125 0.2315241234375 0.8521929828125 0.23506944375 0.8654331140625 0.2400036546875 0.8624177625 0.2365131578125 0.8490679828125
0 0.276206140625 0.0584703953125 0.2805738296875 0.05855263125 0.2811220765625 0.0447642546875 0.276991959375 0.04462719375 0.276206140625 0.0584703953125
0 0.1506578953125 0.32919407968750003 0.14550438593749998 0.32864583281250004 0.1421966375 0.3452302625 0.1478070171875 0.346436403125 0.1506578953125 0.32919407968750003
1 0.1724232453125 0.2783991234375 0.17262426875 0.29051535156249997 0.18949195937500002 0.28777412343750003 0.1890350875 0.2754934203125 0.1724232453125 0.2783991234375
0 0.2493969296875 0.350301534375 0.2493786546875 0.342598684375 0.2381030703125 0.34287280625 0.23795687187499998 0.35049342031249997 0.2493969296875 0.350301534375
0 0.3208881578125 0.399533990625 0.32569444375 0.3990953953125 0.3250731 0.3811129390625 0.320668859375 0.3814144734375 0.3208881578125 0.399533990625
1 0.3263706140625 0.4180921046875 0.3275402046875 0.4182565796875 0.327722953125 0.41148574531250004 0.32658991249999997 0.41134868437499994 0.3263706140625 0.4180921046875
0 0.3060124265625 0.43599232499999996 0.3103070171875 0.43610197343749996 0.3103983921875 0.420751096875 0.30628655 0.420668859375 0.3060124265625 0.43599232499999996
0 0.30676169531249997 0.4584155703125 0.3114583328125 0.45822368437499994 0.31136695937500003 0.43958333281249995 0.306688596875 0.43947368437499995 0.30676169531249997 0.4584155703125
0 0.3201754390625 0.433141446875 0.315570175 0.4333059203125 0.315606725 0.45131578906250003 0.3203581875 0.45126096562500007 0.3201754390625 0.433141446875
0 0.32200292343750003 0.45978618437499996 0.32657163749999996 0.45953947343749996 0.3268092109375 0.442516446875 0.322222221875 0.4423519734375 0.32200292343750003 0.45978618437499996
0 0.307401315625 0.4810032890625 0.3114400578125 0.480866228125 0.3110928359375 0.46677631562500005 0.30716374218750003 0.46694078906250003 0.307401315625 0.4810032890625
0 0.3115862578125 0.48991228124999997 0.3068530703125 0.48991228124999997 0.30709064375 0.5037006578125001 0.31176900625 0.5037006578125001 0.3115862578125 0.48991228124999997
0 0.3123172515625 0.5064967109375 0.307437865625 0.5064967109375 0.307474415625 0.5227796046875001 0.312481725 0.5224506578125 0.3123172515625 0.5064967109375
0 0.32110745625 0.49884868437499996 0.315953946875 0.4990405703125 0.315935671875 0.5165844296875 0.32101608125 0.51644736875 0.32110745625 0.49884868437499996
1 0.318545321875 0.463760965625 0.3150767546875 0.463760965625 0.3149671046875 0.47387609687500004 0.318545321875 0.473922696875 0.318545321875 0.463760965625
0 0.9863121343750001 0.1639528515625 0.987061403125 0.1567434203125 0.9777960531250001 0.151918859375 0.977010234375 0.159046053125 0.9863121343750001 0.1639528515625
0 0.597796053125 0.160112390625 0.5936659359375 0.1601918859375 0.5944261703125 0.17425986875 0.5987024859375001 0.1739857453125 0.597796053125 0.160112390625
1 0.4763596484375 0.3920833328125 0.47701754375 0.39847861875 0.48389985312499995 0.3967105265625 0.4830975875 0.3903453953125 0.4763596484375 0.3920833328125
0 0.43517909374999997 0.3978892546875 0.4351845765625 0.40482182031249997 0.4469700296875 0.4043667765625 0.44663742656250005 0.397203946875 0.43517909374999997 0.3978892546875
0 0.4242178359375 0.39679550468749997 0.423885234375 0.389364034375 0.413633040625 0.3903508765625 0.4137792390625 0.39714912343750003 0.4242178359375 0.39679550468749997
0 0.3675 0.4009841015625 0.36737938593749997 0.394106359375 0.355829678125 0.394106359375 0.355793128125 0.4010416671875 0.3675 0.4009841015625
0 0.4056834796875 0.8225054828125 0.4055738296875 0.8153234656249999 0.39460891875000004 0.8158991234374999 0.3946637421875 0.8230537281249999 0.4056834796875 0.8225054828125
0 0.490204678125 0.8178728062499999 0.4950657890625 0.8175986843749999 0.49457236875 0.8001644734375001 0.48989400625 0.8001370609375 0.490204678125 0.8178728062499999
0 0.26017909375000003 0.8606085531250001 0.2561038015625 0.8658168859375 0.2634685671875 0.8773848687499999 0.2670321640625 0.8723410093749999 0.26017909375000003 0.8606085531250001
0 0.3350328953125 0.9429276312500001 0.3295138890625 0.9429276312500001 0.3298245609375 0.9630482453125 0.3353271203125 0.96318530625 0.3350328953125 0.9429276312500001
0 0.24369517499999999 0.8559210531250001 0.242580409375 0.8635690796875 0.2552083328125 0.867571271875 0.2561842109375 0.859643640625 0.24369517499999999 0.8559210531250001
0 0.268695175 0.8718201750000001 0.264400584375 0.8776315796875 0.2734649125 0.89303728125 0.2775950296875 0.8876918859374999 0.268695175 0.8718201750000001
0 0.46865862500000005 0.8607456140625 0.47399488281249996 0.86019736875 0.4735928359375 0.8407072375 0.4681469296875 0.8410910093749999 0.46865862500000005 0.8607456140625
0 0.3915752921875 0.7904879390625 0.39195906406250003 0.7982730265625 0.4024488296875 0.7967927625 0.40201023437499994 0.7891995609375 0.3915752921875 0.7904879390625
0 0.4131670328125 0.7682182015625 0.4082711984375 0.7692105265625 0.409813596875 0.78522478125 0.4147112578125 0.7843475875 0.4131670328125 0.7682182015625
0 0.49141081875000003 0.7404331140625 0.4915570171875 0.7471491234375 0.5021198828125 0.7467927624999999 0.501900584375 0.7399945171875 0.49141081875000003 0.7404331140625
0 0.5111659359375 0.732428728125 0.505811403125 0.7360745609375 0.51175073125 0.7540296046875 0.516856725 0.7503947375 0.5111659359375 0.732428728125
0 0.5700657890625 0.5103344296875 0.5654422515624999 0.5103344296875 0.565625 0.5263157890625 0.5703033625 0.5263432015625 0.5700657890625 0.5103344296875
0 0.5157529234375 0.046463815625 0.51633771875 0.0537280703125 0.527346490625 0.05140625 0.5265716375 0.044544956250000003 0.5157529234375 0.046463815625
0 0.5421600875 0.0185032890625 0.546418128125 0.0181743421875 0.5457072375 0.004013157812499999 0.5415935671875001 0.0045230265625 0.5421600875 0.0185032890625
0 0.694152046875 0.03514254375 0.6898940062500001 0.035389254687499996 0.691831140625 0.0498081140625 0.69640168125 0.0494380484375 0.694152046875 0.03514254375
0 0.6967288015624999 0.0657620609375 0.7000182749999999 0.06019736875 0.6930921046875 0.051973684374999995 0.6896381578125 0.057510965625 0.6967288015624999 0.0657620609375
0 0.6970577484375 0.06650219375000001 0.6954678359375001 0.07258771875 0.7040387421875 0.0772203953125 0.7052083328125 0.0712993421875 0.6970577484375 0.06650219375000001
0 0.7158625734374999 0.078125 0.7159173984375 0.07102521875 0.7066885968750001 0.0701206140625 0.706312134375 0.077171053125 0.7158625734374999 0.078125
0 0.7272295328125 0.07730263125 0.7266995609375 0.0700932015625 0.7165387421875 0.0703399125 0.7172514624999999 0.0779057015625 0.7272295328125 0.07730263125
0 0.7406981 0.0249725875 0.7363852343749999 0.025603070312499997 0.73983918125 0.039117324999999994 0.7442799703125 0.0380208328125 0.7406981 0.0249725875
0 0.7491045328125 0.0268092109375 0.744391446875 0.026507675 0.74612573125 0.0388980265625 0.7507072375 0.038481359375 0.7491045328125 0.0268092109375
0 0.7440423984375 0.06414473750000001 0.7396564328124999 0.0631578953125 0.7404970765625001 0.076891446875 0.7453399125 0.07760416718749999 0.7440423984375 0.06414473750000001
0 0.7497807015625 0.0638432015625 0.745614034375 0.06324013125 0.7467105265625 0.0775219296875 0.751242690625 0.0782894734375 0.7497807015625 0.0638432015625
0 0.7552814328124999 0.06334978125 0.7502192984375 0.063623903125 0.7530701750000001 0.077768640625 0.7580409359375 0.07711074531249999 0.7552814328124999 0.06334978125
0 0.76019736875 0.061376096874999994 0.7552814328124999 0.062261512500000005 0.7584247078125 0.07648026249999999 0.76332236875 0.075466009375 0.76019736875 0.061376096874999994
0 0.776206140625 0.0577302625 0.7717836250000001 0.0578399125 0.7736823828125 0.0678591015625 0.7782346484375 0.0671875 0.776206140625 0.0577302625
0 0.8311220765625 0.027357456250000002 0.8298245609375 0.0205043859375 0.819133771875 0.020641446875 0.8204312859374999 0.027741228125 0.8311220765625 0.027357456250000002
0 0.831615496875 0.0166666671875 0.8333881578125 0.0263432015625 0.84616228125 0.02579495625 0.8446509499999999 0.016578946875 0.831615496875 0.0166666671875
0 0.774561403125 0.13947368437500002 0.7762792390625 0.1451754390625 0.78521564375 0.1412006578125 0.78357090625 0.13558114062499999 0.774561403125 0.13947368437500002
0 0.5445175437499999 0.27190241249999997 0.5486293859375 0.27064144687499997 0.5467653515625 0.2579495609375 0.5427887421875 0.258848684375 0.5445175437499999 0.27190241249999997
0 0.5444261703125 0.2932565796875 0.5488852343749999 0.2927083328125 0.54760599375 0.27568530625 0.5432200296875 0.27584978125 0.5444261703125 0.2932565796875
0 0.54917763125 0.2978344296875 0.54455409375 0.298108553125 0.5458881578125 0.3131578953125 0.5506396203125 0.3127467109375 0.54917763125 0.2978344296875
0 0.26954495624999997 0.8927960531249999 0.2692799703125 0.9013432015625 0.28125 0.9025767546875001 0.2814875734375 0.8937774125000001 0.26954495624999997 0.8927960531249999
0 0.2814327484375 0.8951754390625 0.2811220765625 0.9021929828124999 0.29292763125 0.9036732453124999 0.293293128125 0.8967105265624999 0.2814327484375 0.8951754390625
0 0.2834429828125 0.9076754390625 0.28397295312500004 0.9158442984375 0.296929825 0.91337719375 0.29612573124999997 0.905098684375 0.2834429828125 0.9076754390625
0 0.2572551171875 0.9193530703125001 0.259393275 0.9267543859374999 0.2703399125 0.919983553125 0.26857638906250003 0.9128070171875 0.2572551171875 0.9193530703125001
0 0.2674488296875 0.9291091015624999 0.262408625 0.9291666671875 0.2618603796875 0.9475054828125 0.2666758046875 0.94779879375 0.2674488296875 0.9291091015624999
0 0.294133771875 0.914418859375 0.29441155 0.92336896875 0.3077302625 0.9220668859375 0.3072916671875 0.9129660093749999 0.294133771875 0.914418859375
0 0.25586805625000003 0.88961896875 0.2548062859375 0.896820175 0.2678545328125 0.9027412281249999 0.26897478124999996 0.8951178734375 0.25586805625000003 0.88961896875
0 0.0131377921875 0 0.012134503125 0.0051535093749999995 0.016429093750000002 0.00545504375 0.017419590625000002 0 0.0131377921875 0
0 0.045572003124999996 0 0.0451023390625 0.0040570171874999995 0.04985745625 0.0041529609375 0.0502028515625 0 0.045572003124999996 0
0 0 0.1014117328125 0.0076206140625 0.1014802625 0.0078947375 0.09506578906249999 0 0.0948793859375 0 0.1014117328125
0 0.5452668125 0.0040844296875 0.5489272656249999 0.0015570171875 0.5484466375 0.000054825000000000004 0.54371345 0 0.5452668125 0.0040844296875
0 0.68465095 0 0.6846491234375 0.0052905703125 0.6888541671875 0.0056716015625 0.6889071640625 0 0.68465095 0
0 0.294206871875 0.98511513125 0.2927814328125 1 0.2981542390625 0.999945175 0.2993019 0.9861458328125 0.294206871875 0.98511513125
0 0.29150219375 1 0.2928362578125 0.9859375 0.28784356718750004 0.985257675 0.2861476609375 1 0.29150219375 1
0 0.2845924703125 1 0.286615496875 0.9881249999999999 0.2820687140625 0.98662280625 0.27978435625000003 1 0.2845924703125 1
0 0.27608918125000004 1 0.2776114765625 0.98805646875 0.272337353125 0.9864857453125 0.2704331140625 1 0.27608918125000004 1
0 0.261820175 1 0.2619152046875 0.9957510968750001 0.250456871875 0.9956962718750001 0.2504075296875 1 0.261820175 1
0 0.23835891875 0.96790021875 0.23808479531249999 0.9753289468749999 0.24767909375000002 0.9759320171875 0.2478618421875 0.9687774125 0.23835891875 0.96790021875
1 0.238081140625 0.962667215625 0.241867690625 0.9626096484375 0.24184027812500003 0.9525767546875 0.2381213453125 0.9526315796875 0.238081140625 0.962667215625
1 0.2473062859375 0.9542543859375 0.24369517499999999 0.9552631578125 0.24489400625000002 0.9656003296875 0.24853435625000003 0.9645805921875 0.2473062859375 0.9542543859375
1 0.24963450312500002 0.98834978125 0.2534137421875 0.9885992328125001 0.25382127187500003 0.9779906796875 0.250091375 0.977713815625 0.24963450312500002 0.98834978125
0 0.24382310000000001 0.9882675437499999 0.2444078953125 0.9802083328125001 0.2349597953125 0.9781524125000001 0.2344481 0.986293859375 0.24382310000000001 0.9882675437499999
0 0.23363852343749997 0.9893503296875 0.233278509375 0.99766995625 0.2455957609375 0.9993695171875 0.24605263125 0.9912006578125 0.23363852343749997 0.9893503296875
0 0.26628837656250004 0.9761869515624999 0.2712902046875 0.97639254375 0.27142726562499997 0.9565433109375 0.2664254390625 0.95640625 0.26628837656250004 0.9761869515624999
0 0.2628782890625 0.9686156796875001 0.2570577484375 0.9700493421875 0.25933114062499996 0.9901699562499999 0.26529605312500004 0.9888157890624999 0.2628782890625 0.9686156796875001
0 0.2906469296875 0.9263157890624999 0.28519736875 0.925 0.2829513890625 0.9439967109375 0.28857273437500003 0.9453042765624999 0.2906469296875 0.9263157890624999
0 0.27946271875 0.9261156796875 0.274283625 0.9263048250000001 0.2739985375 0.946436403125 0.2794042390625 0.9462719296875 0.27946271875 0.9261156796875
0 0.30274122812500004 0.9228892546875 0.29793676874999997 0.9234128296874999 0.2987719296875 0.9414884875 0.30347039531250003 0.9407510968749999 0.30274122812500004 0.9228892546875
0 0.2920559203125 0.9431387062500001 0.2973611109375 0.943251096875 0.297626096875 0.9236403515625 0.2922459796875 0.9236979171874999 0.2920559203125 0.9431387062500001
0 0.2767543859375 0.9189418859374999 0.27728435625 0.9263432015624999 0.2906981 0.9239309203125 0.29016812812500004 0.91639254375 0.2767543859375 0.9189418859374999
0 0.268841375 0.9414473687499999 0.273866959375 0.9421600874999999 0.274937865625 0.9245778515625 0.270010965625 0.9240131578125 0.268841375 0.9414473687499999
0 0.2624067984375 0.9299780703125 0.257456140625 0.9294682015625 0.25590095 0.9467927625 0.26104897656250003 0.9472669953124999 0.2624067984375 0.9299780703125
0 0.2496491234375 0.9448519734374999 0.2547880109375 0.9451480265625 0.2549543125 0.9262335531250001 0.250054825 0.9264254390625 0.2496491234375 0.9448519734374999
0 0.24165935625 0.9416282890625001 0.24636513125 0.942341009375 0.24765899062500002 0.9262335531250001 0.2431122078125 0.9258552625 0.24165935625 0.9416282890625001
0 0.24608918124999998 0.9104714906250001 0.2466264625 0.9176809203125 0.2587902046875 0.915213815625 0.258132309375 0.9080317984375 0.24608918124999998 0.9104714906250001
0 0.23293128593749998 0.9121162281249999 0.23276681250000003 0.9200657890624999 0.24554093593749998 0.92110745625 0.24553362500000003 0.9132593203124999 0.23293128593749998 0.9121162281249999
0 0.259777046875 0.9001644734375001 0.25846125781249996 0.9068804828125 0.268841375 0.911376096875 0.2698720765625 0.9046655703125 0.259777046875 0.9001644734375001
0 0.2487536546875 0.8905043859375 0.2463450296875 0.8970668859375 0.258187134375 0.90696271875 0.260599415625 0.9002467109375001 0.2487536546875 0.8905043859375
0 0.25645102343750004 0.8810855265624999 0.2553545328125 0.8889528515625 0.26790935625 0.8935307015625 0.26900584843750003 0.8861567984375001 0.25645102343750004 0.8810855265624999
0 0.2925731 0.88829495625 0.29229897656250003 0.895825109375 0.306215278125 0.8963157890625 0.306215278125 0.8887033984375 0.2925731 0.88829495625
0 0.301527778125 0.8875767546875 0.30663377187499996 0.8877741234375 0.307028509375 0.8715679828124999 0.302052265625 0.8714692984375001 0.301527778125 0.8875767546875
0 0.30087719375 0.8715734656249999 0.29583150625 0.8711732453125001 0.29530701718749996 0.8856140343750001 0.300420321875 0.8860197375000001 0.30087719375 0.8715734656249999
0 0.2923611109375 0.8728453953124999 0.2869261703125 0.8726480265625 0.28640168125 0.892489034375 0.2919682015625 0.89288103125 0.2923611109375 0.8728453953124999
0 0.37007858125 0.39001370625 0.36966374218750003 0.3830866234375 0.3610562859375 0.384429825 0.361366959375 0.3912006578125 0.37007858125 0.39001370625
0 0.382346490625 0.3876370609375 0.38194444375000003 0.3802357453125 0.3711385234375 0.3817132671875 0.371472953125 0.38908991249999997 0.382346490625 0.3876370609375
1 0.3920138890625 0.3754934203125 0.39058845 0.3743969296875 0.387938596875 0.379758771875 0.389385965625 0.3809841015625 0.3920138890625 0.3754934203125
1 0.3798245609375 0.392242325 0.38170687187499996 0.397313596875 0.38764619843750003 0.39298245625 0.3856542390625 0.3880208328125 0.3798245609375 0.392242325
1 0.37732090625 0.40137061406249996 0.3771655703125 0.40724780625 0.3852796046875 0.40739035156250003 0.3853125 0.4014692984375 0.37732090625 0.40137061406249996
1 0.3885325296875 0.40042763125 0.388596490625 0.406110196875 0.39484831875 0.4058744515625 0.394786184375 0.40023574531249995 0.3885325296875 0.40042763125
1 0.3949433484375 0.40052083281249995 0.39503837656249996 0.406110196875 0.40122807031249996 0.405635965625 0.4010690796875 0.40014254375 0.3949433484375 0.40052083281249995
1 0.400420321875 0.3825932015625 0.3994700296875 0.3877467109375 0.40751096562500005 0.38969298281250003 0.4081122078125 0.384459978125 0.400420321875 0.3825932015625
1 0.4197002921875 0.4061677625 0.420778509375 0.40027412343749996 0.4123190796875 0.39707785156250003 0.41114400624999997 0.4029906796875 0.4197002921875 0.4061677625
1 0.41918859687500004 0.3885690796875 0.41902412343749995 0.3837171046875 0.41100146249999997 0.38388157968750003 0.4110307015625 0.38883771875 0.41918859687500004 0.3885690796875
0 0.4186403515625 0.38314144687499996 0.41841922499999995 0.3766721484375 0.410158990625 0.377184759375 0.41031067187500003 0.383665021875 0.4186403515625 0.38314144687499996
1 0.4296052625 0.38519736875 0.4294042390625 0.380098684375 0.423081140625 0.38087719375 0.4231907890625 0.3860471484375 0.4296052625 0.38519736875
1 0.4282730265625 0.380479715625 0.4281981 0.37508223749999997 0.41989766093750003 0.37536458281249996 0.41997441562500004 0.38082236875 0.4282730265625 0.380479715625
1 0.44000365468749997 0.38514254375 0.4399597953125 0.37952028437499996 0.4313596484375 0.379303728125 0.43131944375 0.38514802656249997 0.44000365468749997 0.38514254375
1 0.429276315625 0.3931195171875 0.4298793859375 0.39895833281250004 0.4365113296875 0.397601425 0.435866228125 0.39157620625 0.429276315625 0.3931195171875
0 0.431471125 0.4055016453125 0.4313596484375 0.39827302656249997 0.4208150578125 0.3986842109375 0.42086074531250006 0.4057867328125 0.431471125 0.4055016453125
0 0.4387792390625 0.37881030625 0.438596490625 0.371491228125 0.4298793859375 0.3716831140625 0.4298793859375 0.3790296046875 0.4387792390625 0.37881030625
0 0.45526864062500005 0.38413103125000003 0.455007309375 0.37735745625 0.44590826093749997 0.3783881578125 0.44618055625 0.3849780703125 0.45526864062500005 0.38413103125000003
1 0.448106725 0.3973108546875 0.44837353750000003 0.40339912343749995 0.4554970765625 0.4027741234375 0.45519371406250003 0.396573465625 0.448106725 0.3973108546875
1 0.44578764687500005 0.3751781796875 0.44575109687500003 0.3779194078125 0.4508095765625 0.3781633765625 0.45084064375 0.3754166671875 0.44578764687500005 0.3751781796875
1 0.45442251406249995 0.373876096875 0.45438596562500005 0.376617325 0.45944444375 0.37686129375 0.4594755109375 0.3741145828125 0.45442251406249995 0.373876096875
1 0.4586860375 0.3971820171875 0.457107090625 0.3973245609375 0.45729714843749997 0.403481359375 0.4589071640625 0.40338815781250004 0.4586860375 0.3971820171875
1 0.45893823125 0.40130208281249996 0.46089546718749996 0.4057072375 0.4659173984375 0.40068804843750006 0.4637701015625 0.396422696875 0.45893823125 0.40130208281249996
1 0.46014254374999997 0.3766995609375 0.4600511703125 0.38209978125 0.4670504390625 0.382456140625 0.467070540625 0.3770559203125 0.46014254374999997 0.3766995609375
1 0.48514254375 0.388623903125 0.48517909374999996 0.394956140625 0.491721490625 0.39457236875 0.4916100140625 0.38829495625 0.48514254375 0.388623903125
1 0.492649853125 0.38800986875 0.4926900578125 0.3942434203125 0.49923245625 0.394051534375 0.49912280625000005 0.3876946265625 0.492649853125 0.38800986875
1 0.49991228125 0.3911293859375 0.5012244156250001 0.396546053125 0.5075657890625 0.3930921046875 0.5062024859375 0.3877741234375 0.49991228125 0.3911293859375
1 0.5093603796874999 0.38567982500000003 0.5093603796874999 0.3916419953125 0.516063596875 0.39155701718749997 0.5160087718749999 0.3856907890625 0.5093603796874999 0.38567982500000003
1 0.50862573125 0.3729166671875 0.5083333328124999 0.36647478125 0.5016447375 0.36666666718749996 0.5018019 0.3730345390625 0.50862573125 0.3729166671875
1 0.5548866953125 0.2665844296875 0.5562554828125 0.266504934375 0.5561038015624999 0.25849780624999996 0.5547331875 0.25858004375 0.5548866953125 0.2665844296875
1 0.543421053125 0.2450383765625 0.5400950296875 0.24846491249999997 0.5441520468750001 0.255838815625 0.54762426875 0.252028509375 0.543421053125 0.2450383765625
1 0.634429825 0.226151315625 0.6291666671875 0.22505482500000001 0.6276845765625 0.24825657968749998 0.633187134375 0.24967105312500001 0.634429825 0.226151315625
1 0.8229495609375 0.1942543859375 0.8220029234374999 0.192489034375 0.8192068718750001 0.195723684375 0.8202119890624999 0.19741228125000002 0.8229495609375 0.1942543859375
1 0.8402119890625 0.1598190796875 0.8387390343750001 0.1616365125 0.841633771875 0.16613486875 0.8430025578125001 0.16412280625 0.8402119890625 0.1598190796875
0 0.8957054093749999 0.1365131578125 0.8981176906250001 0.13045504375 0.8912097953125 0.123081140625 0.8884320171875 0.1290844296875 0.8957054093749999 0.1365131578125
0 0.9161111109375 0.16579495625000001 0.9173793859374999 0.1587719296875 0.9102521937500001 0.1537280703125 0.9088797515625 0.160953946875 0.9161111109375 0.16579495625000001
0 0.922222221875 0.14144736875 0.9239035093749999 0.13421052656250002 0.9144005843749999 0.1276041671875 0.912079678125 0.13484100937500001 0.922222221875 0.14144736875
0 0.9199890343750001 0.134221490625 0.9218019 0.12820723750000002 0.9142178359375001 0.122203946875 0.9121217109374999 0.12842379375 0.9199890343750001 0.134221490625
0 0.9182200296874999 0.10707236875 0.916321271875 0.1148190796875 0.92614400625 0.1205153515625 0.9277814328125 0.112952303125 0.9182200296874999 0.10707236875
0 0.9264053359375 0.11422971562499999 0.9275219296874999 0.10803179843749999 0.9186129390625 0.10185307031249999 0.9170413015625 0.108336075 0.9264053359375 0.11422971562499999
1 0.933411915625 0.08515625 0.9286366953125 0.080921053125 0.921491228125 0.09772478125 0.9264802624999999 0.10293311406250001 0.933411915625 0.08515625
1 0.9587719296874999 0.082510965625 0.9519554093749999 0.0829221484375 0.9550621343750001 0.1041392546875 0.9618786546875 0.1032346484375 0.9587719296874999 0.082510965625
1 0.9672149125 0.1643092109375 0.9741228062499999 0.16493969375 0.973347953125 0.1413980265625 0.96698099375 0.1403042765625 0.9672149125 0.1643092109375
1 0.9720741953125 0.1615871703125 0.978435671875 0.1624177625 0.9779861109375 0.142489034375 0.971856725 0.14133771875 0.9720741953125 0.1615871703125
0 0.95 0.1435307015625 0.9486476609375 0.15057565781249999 0.9579312859375 0.15564967031250002 0.9588450296875 0.1484375 0.95 0.1435307015625
0 0.9665497078125 0.1112417765625 0.9671418125000001 0.11785635937500001 0.977554825 0.11758497812499999 0.9768274859374999 0.111036184375 0.9665497078125 0.1112417765625
0 0.9641081874999999 0.09449013125 0.9644883046875 0.10140625 0.9747971484375 0.10214638125 0.9742690062499999 0.09558662343749999 0.9641081874999999 0.09449013125
0 0.9604166671875 0.07335526249999999 0.9608845031250001 0.07964638125 0.9707255109374999 0.079684759375 0.9701388890624999 0.0736567984375 0.9604166671875 0.07335526249999999
1 0.8807931281249999 0.067242325 0.887408625 0.06485745625 0.8824817250000001 0.0473958328125 0.8760398390624999 0.049610745312499996 0.8807931281249999 0.067242325
0 0.8172021203125001 0.030493420312500002 0.8184576015625 0.0361403515625 0.827741228125 0.034841009374999996 0.8264254390625 0.029111842187499997 0.8172021203125001 0.030493420312500002
0 0.7996198828125001 0 0.8004495609375001 0.010030153125 0.8046509500000001 0.0102768640625 0.8037024859375 0 0.7996198828125001 0
0 0.782980628125 0.0201781796875 0.7877192984375 0.0192708328125 0.7851023390625 0.005172696875 0.7804806281250001 0.0058552625 0.782980628125 0.0201781796875
0 0.781653875 0.032286184375 0.7864583328125 0.031606359375 0.7839290937500001 0.0211458328125 0.7792288015625 0.0217132671875 0.781653875 0.032286184375
1 0.7809758765625 0.029714912500000003 0.78176900625 0.03995888125 0.797267909375 0.039221490625 0.7962353796875 0.029495614062499998 0.7809758765625 0.029714912500000003
0 0.7785471484375 0.025748354687500002 0.7747203953125 0.025693531250000002 0.7766136703125001 0.0382538375 0.780517178125 0.0382538375 0.7785471484375 0.025748354687500002
1 0.770778509375 0.043824012499999995 0.7775950296875 0.043311403124999995 0.7742653515625 0.021543310937499997 0.7681633765625 0.021655701562499997 0.770778509375 0.043824012499999995
0 0.766544225 0.0620641453125 0.7620924703124999 0.06196546093750001 0.7641812859375 0.074643640625 0.768508771875 0.0745394734375 0.766544225 0.0620641453125
0 0.7403508765625 0.07306469374999999 0.7391081875000001 0.064813596875 0.7284338453125 0.064813596875 0.7298081140625 0.07306469374999999 0.7403508765625 0.07306469374999999
0 0.7607638890625 0.041748903125 0.7614327484375 0.0488130484375 0.77191155 0.0490131578125 0.7708424703125 0.0419928734375 0.7607638890625 0.041748903125
0 0.7571271937499999 0.0369791671875 0.76165935625 0.037171053125 0.75941155 0.024698465625 0.7550219296875 0.024276315625 0.7571271937499999 0.0369791671875
0 0.755116959375 0.0306469296875 0.7502923984375001 0.030866228125 0.7532218562499999 0.04587719375 0.758205409375 0.045010965624999996 0.755116959375 0.0306469296875
0 0.7526681281250001 0.0106633765625 0.7485014624999999 0.01014254375 0.7493439328125 0.0215131578125 0.7534758765625 0.021748903125 0.7526681281250001 0.0106633765625
0 0.745010965625 0.010224781249999999 0.7407711984375001 0.0099506578125 0.7422916671875 0.0220257671875 0.746580775 0.0221820171875 0.745010965625 0.010224781249999999
0 0.7388340640625 0.0112253296875 0.7343603796875 0.011027960937500001 0.7358954671875 0.0233305921875 0.7403252921875 0.0234621703125 0.7388340640625 0.0112253296875
0 0.736403509375 0.042242325 0.73207236875 0.0428453953125 0.734429825 0.054194079687499994 0.7389071640625 0.0532620609375 0.736403509375 0.042242325
0 0.6914437140625 0.0195504390625 0.687152778125 0.0193530703125 0.6881286546875 0.0341858546875 0.6925493421875 0.034092653125 0.6914437140625 0.0195504390625
0 0.6865862578125 0.0181743421875 0.6908808484375 0.0178453953125 0.68951754375 0.00495888125 0.685411184375 0.0053399125 0.6865862578125 0.0181743421875
0 0.6728801171875001 0.025520832812499998 0.677169225 0.025471490625 0.676348684375 0.011543310937499999 0.6721491234375 0.0115953953125 0.6728801171875001 0.025520832812499998
0 0.51679641875 0.08545504375 0.517516446875 0.0917653515625 0.52638340625 0.08852521875 0.525626828125 0.08289747812500001 0.51679641875 0.08545504375
0 0.5159777046875 0.07139254375000001 0.51642909375 0.07889254375 0.5267178359375 0.077796053125 0.526260965625 0.0701754390625 0.5159777046875 0.07139254375000001
0 0.515972221875 0.06565241250000001 0.516615496875 0.0718695171875 0.526028875 0.070370065625 0.52548245625 0.0640268640625 0.515972221875 0.06565241250000001
0 0.5158881578125001 0.0594544953125 0.5164327484375 0.065934759375 0.5272112578125 0.063889803125 0.526482090625 0.0574095390625 0.5158881578125001 0.0594544953125
0 0.47675804062499993 0.05980263125 0.4727028515625 0.059520284374999996 0.4714528515625 0.0707730265625 0.4757711984375 0.0711705046875 0.47675804062499993 0.05980263125
0 0.45494517500000003 0.04240405625 0.455007309375 0.049205043749999997 0.46465643281249996 0.049287281249999995 0.46443896249999994 0.04240405625 0.45494517500000003 0.04240405625
0 0.454239765625 0.0345394734375 0.4543987578125 0.0425657890625 0.4652028515625 0.0425657890625 0.4649853796875 0.034292762500000004 0.454239765625 0.0345394734375
1 0.5534173984375 0.3732456140625 0.5543494156250001 0.37905701718749996 0.5609886703125 0.3772532890625 0.56008771875 0.3713815796875 0.5534173984375 0.3732456140625
1 0.5497807015625 0.3795778515625 0.550456871875 0.38547149062499997 0.5570413015625 0.383804825 0.5563066515624999 0.3779632671875 0.5497807015625 0.3795778515625
1 0.5425986843749999 0.3814692984375 0.5434393281250001 0.3879934203125 0.5499360375 0.38605537343749996 0.5490862578125 0.3796875 0.5425986843749999 0.3814692984375
1 0.5343567250000001 0.38349780624999996 0.5343019 0.3899945171875 0.5412463453125 0.3899945171875 0.5411732453125 0.38355263125 0.5343567250000001 0.38349780624999996
1 0.526251828125 0.383766446875 0.526078215625 0.3905153515625 0.5329678359375001 0.3904057015625 0.5330409359375 0.383804825 0.526251828125 0.383766446875
1 0.5664912281250001 0.39722861875 0.5629934203125 0.397176534375 0.5631761703125 0.40726973749999995 0.5666812859375 0.4073163375 0.5664912281250001 0.39722861875
0 0.3235745609375 0.526946271875 0.32891081875 0.5266173249999999 0.328490496875 0.508936403125 0.3233004390625 0.5091008765625 0.3235745609375 0.526946271875
0 0.3284758765625 0.4697149125 0.3330610375 0.4698793859375 0.3328965640625 0.4542434203125 0.3284228796875 0.45440789531250003 0.3284758765625 0.4697149125
1 0.326206140625 0.3908991234375 0.328435671875 0.39078947343750003 0.328106725 0.3825383765625 0.32587719375 0.3826754390625 0.326206140625 0.3908991234375
1 0.31957236875 0.38667763125 0.3157711984375 0.38706140312500004 0.3160051171875 0.39711348750000003 0.3198885234375 0.3967817984375 0.31957236875 0.38667763125
0 0.3091739765625 0.3150274125 0.30435307031250003 0.315709978125 0.30435307031250003 0.3313294953125 0.30935489843749997 0.3307154609375 0.3091739765625 0.3150274125
0 0.27019371406250003 0.3005482453125 0.2700237578125 0.2926836625 0.26020102343749996 0.293421053125 0.26014619843750003 0.3012856359375 0.27019371406250003 0.3005482453125
0 0.24943347968750001 0.3400219296875 0.2494700296875 0.33204495624999997 0.238706140625 0.33209978125 0.23832236875 0.33983004375000003 0.24943347968750001 0.3400219296875
0 0.237938596875 0.3234100875 0.23828581875000002 0.3313596484375 0.250572003125 0.3287582234375 0.25007858125000004 0.3210279609375 0.237938596875 0.3234100875
0 0.179000365625 0.3585608546875 0.178600146875 0.3662280703125 0.1896016078125 0.364446271875 0.1896016078125 0.356688596875 0.179000365625 0.3585608546875
1 0.1955957609375 0.3703399125 0.2037097953125 0.377713815625 0.2137975140625 0.355071271875 0.205847953125 0.348053728125 0.1955957609375 0.3703399125
1 0.2139254390625 0.4404879390625 0.22264254375 0.44416118437499996 0.23239583281249998 0.40478070156249996 0.223830409375 0.40065515312500005 0.2139254390625 0.4404879390625
1 0.209027778125 0.5312225875000001 0.21792763124999998 0.5305098687500001 0.21726973749999998 0.491831140625 0.2087116234375 0.4924506578125 0.209027778125 0.5312225875000001
1 0.17805189999999999 0.39375 0.177722953125 0.40435855312499996 0.1922642546875 0.40364857499999995 0.192507309375 0.39292763124999996 0.17805189999999999 0.39375
1 0.16169773437499999 0.432998903125 0.1692434203125 0.43607456093749997 0.1738779234375 0.41213541718749996 0.1666483921875 0.4096600875 0.16169773437499999 0.432998903125
1 0.15321637500000002 0.4467927625 0.1608333328125 0.446905153125 0.1620120609375 0.42616228125 0.1546966375 0.42604166718750003 0.15321637500000002 0.4467927625
1 0.1398538015625 0.42828399062500006 0.1390716375 0.4377192984375 0.15336805625 0.43900767500000004 0.153839546875 0.429344846875 0.1398538015625 0.42828399062500006
1 0.1039967109375 0.3607894734375 0.1114619890625 0.360594846875 0.11231725156250001 0.331606359375 0.1051096484375 0.3328947375 0.1039967109375 0.3607894734375
1 0.1098903515625 0.3415378296875 0.1176827484375 0.3445833328125 0.123706140625 0.31766995625 0.1159795328125 0.3150191890625 0.1098903515625 0.3415378296875
0 0.2127266078125 0.34006853125 0.213596490625 0.33196271875 0.2013157890625 0.3307291671875 0.2005116953125 0.338678728125 0.2127266078125 0.34006853125
0 0.219373171875 0.317979715625 0.21951754375000002 0.3111019734375 0.211385234375 0.3108278515625 0.2110380109375 0.317571271875 0.219373171875 0.317979715625
0 0.23514254375000002 0.255783990625 0.2294407890625 0.256195175 0.22819810000000001 0.272971490625 0.233954678125 0.27261513125 0.23514254375000002 0.255783990625
0 0.2283077484375 0.25874451718749997 0.22388523437500002 0.25940241249999996 0.2235562859375 0.271518640625 0.22808845 0.2712719296875 0.2283077484375 0.25874451718749997
0 0.2209338453125 0.2586567984375 0.21585891875000002 0.2593941890625 0.2154221484375 0.275438596875 0.22076937187499998 0.27478344374999997 0.2209338453125 0.2586567984375
1 0.20063413749999998 0.2647149125 0.20046966406250002 0.2742927625 0.21465826093749998 0.2724095390625 0.21465826093749998 0.26258771875 0.20063413749999998 0.2647149125
0 0.161087353125 0.28396655625 0.160562865625 0.29136513124999996 0.17226608125 0.29055921093750003 0.1723793859375 0.282601425 0.161087353125 0.28396655625
0 0.1678362578125 0.2815241234375 0.1658991234375 0.2749177625 0.1579404234375 0.28015625 0.159795321875 0.28681469375 0.1678362578125 0.2815241234375
0 0.18094298281250001 0.26378563593750004 0.1783991234375 0.258114034375 0.17093932812499998 0.2646408984375 0.1733644 0.270211075 0.18094298281250001 0.26378563593750004
0 0.1583516078125 0.27184758750000004 0.161427265625 0.27742872812499997 0.16855263125 0.2692434203125 0.16555738281250001 0.26384320156249996 0.1583516078125 0.27184758750000004
1 0.1934758765625 0.27327302656249997 0.1931469296875 0.28670504375 0.210599415625 0.2861019734375 0.2109100875 0.27266995625 0.1934758765625 0.27327302656249997
1 0.1894590640625 0.30037280625 0.19047880156250002 0.31014254375 0.20831871406250002 0.3059128296875 0.20721856718749998 0.29624725937499996 0.1894590640625 0.30037280625
1 0.169901315625 0.2978892546875 0.16950109687499998 0.3099205046875 0.187116228125 0.3095668859375 0.1868786546875 0.2974232453125 0.169901315625 0.2978892546875
0 0.1591282890625 0.3036732453125 0.1587353796875 0.31167763125 0.1703581875 0.3103892546875 0.170365496875 0.3024945171875 0.1591282890625 0.3036732453125
0 0.153490496875 0.3271381578125 0.1578764625 0.326918859375 0.1591904234375 0.313179825 0.1551315796875 0.31308388125 0.153490496875 0.3271381578125
1 0.1639802625 0.3145559203125 0.1576206140625 0.3147532890625 0.15519736875 0.3393092109375 0.16213815781250002 0.3392105265625 0.1639802625 0.3145559203125
0 0.1709795328125 0.30984100937500003 0.165935671875 0.311403509375 0.166794590625 0.32900219375 0.1720211984375 0.32741228125 0.1709795328125 0.30984100937500003
1 0.14733918125 0.28528508750000003 0.14491959062499998 0.2955043859375 0.1615478796875 0.3011979171875 0.163382675 0.2905893640625 0.14733918125 0.28528508750000003
0 0.138265715625 0.3015542765625 0.13349780625000002 0.302713815625 0.13234649062499998 0.319846490625 0.137447003125 0.319290021875 0.138265715625 0.3015542765625
0 0.11237207656249999 0.3075383765625 0.1122807015625 0.31515899062499997 0.1201388890625 0.312938596875 0.12036367031249999 0.3050630484375 0.11237207656249999 0.3075383765625
0 0.11161549687500001 0.3007044953125 0.1115497078125 0.30874451718749996 0.1192616953125 0.3064418859375 0.119322003125 0.2982428734375 0.11161549687500001 0.3007044953125
0 0.10899122812499999 0.294161184375 0.1093110375 0.3016529609375 0.11755299687500001 0.29862116250000004 0.1171418125 0.2915625 0.10899122812499999 0.294161184375
0 0.107383040625 0.28379934218749997 0.1075475140625 0.29185855312500003 0.119258040625 0.2885307015625 0.11865862499999999 0.280526315625 0.107383040625 0.28379934218749997
0 0.11955226562500001 0.26320723749999997 0.11491228125 0.263760965625 0.1136403515625 0.27691611875 0.1183241953125 0.2760307015625 0.11955226562500001 0.26320723749999997
0 0.3150584796875 0.25995065781250004 0.3202668125 0.2626644734375 0.323793859375 0.2455592109375 0.318695175 0.24402412343750002 0.3150584796875 0.25995065781250004
1 0.3167086984375 0.20180921093749998 0.311087353125 0.20190241250000002 0.3110051171875 0.22577302656249998 0.316758040625 0.22576754375000002 0.3167086984375 0.20180921093749998
1 0.31697733906250003 0.1561403515625 0.31113852343750004 0.15602521875 0.310760234375 0.18114857499999998 0.31677631562499997 0.1812225875 0.31697733906250003 0.1561403515625
1 0.31156067187500003 0.10737664531249999 0.3060672515625 0.10765899062499999 0.3061769 0.12889254375 0.3115862578125 0.1286732453125 0.31156067187500003 0.10737664531249999
0 0.318658625 0.118804825 0.3231907890625 0.118448465625 0.32286184218749997 0.1053453953125 0.318293128125 0.10556469375 0.318658625 0.118804825
0 0.31642909375 0.0623629390625 0.3123172515625 0.0626644734375 0.31226608125 0.0743996703125 0.31664839218749996 0.07412280624999999 0.31642909375 0.0623629390625
1 0.315149853125 0.01875 0.3120065796875 0.0187774125 0.3118421046875 0.027850876562499998 0.3150767546875 0.027905701562500003 0.315149853125 0.01875
0 0.27544773437500003 0.08559484687499999 0.27156432812500003 0.08332236875 0.266606359375 0.0962993421875 0.27045869843750003 0.0985279609375 0.27544773437500003 0.08559484687499999
0 0.25755482500000004 0.085836075 0.252686403125 0.08588267499999999 0.2505665203125 0.100383771875 0.25582236875 0.10034265312499999 0.25755482500000004 0.085836075
0 0.2375731 0.06631030624999999 0.23728070156249997 0.073793859375 0.24735014687499998 0.073739034375 0.2474963453125 0.0662828953125 0.2375731 0.06631030624999999
0 0.2251370609375 0.0665981359375 0.224524853125 0.07425986875 0.2360197375 0.0743695171875 0.23630299687499998 0.0665981359375 0.2251370609375 0.0665981359375
0 0.212847221875 0.0674067984375 0.2122989765625 0.075 0.2237024859375 0.0751096484375 0.2239766078125 0.067543859375 0.212847221875 0.0674067984375
0 0.186421784375 0.067626096875 0.1856907890625 0.0748629390625 0.1966557015625 0.07468475937499999 0.1971381578125 0.0674808109375 0.186421784375 0.067626096875
0 0.1703764625 0.06866776249999999 0.16953581874999998 0.0760690796875 0.1798062859375 0.076123903125 0.18020833281249998 0.06842105312499999 0.1703764625 0.06866776249999999
0 0.15860745625 0.06853070156249999 0.15765716406250002 0.0760690796875 0.1686220765625 0.0759731359375 0.16929824531249998 0.0685581140625 0.15860745625 0.06853070156249999
0 0.1521929828125 0.08168859687499999 0.1541483921875 0.07475328906249999 0.1446637421875 0.070614034375 0.14245248593749998 0.076864034375 0.1521929828125 0.08168859687499999
0 0.14303728124999998 0.079221490625 0.14334795312499998 0.0709155703125 0.1327302625 0.0709155703125 0.1322185671875 0.079385965625 0.14303728124999998 0.079221490625
1 0.040857090624999995 0.079873903125 0.048399123437500004 0.079459978125 0.050215643750000004 0.054355810937500006 0.043168859375 0.055098684375 0.040857090624999995 0.079873903125
0 0.0465826015625 0.047450657812500005 0.0514144734375 0.0471052625 0.053198100000000005 0.035397478125 0.0486659359375 0.0359375 0.0465826015625 0.047450657812500005
0 0.00825840625 0.1241666671875 0.010091375 0.1164007671875 0.00042763124999999996 0.1162828953125 0.0000731 0.118338815625 0 0.1236842109375 0.00825840625 0.1241666671875
0 0.0219170328125 0.1425520828125 0.0207072375 0.14967379375 0.028320540625 0.14995888125 0.029276315625 0.1429358546875 0.0219170328125 0.1425520828125
0 0.009283625 0.0879934203125 0.0135416671875 0.0884649125 0.0164309203125 0.073325109375 0.0122076015625 0.073108553125 0.009283625 0.0879934203125
0 0.021893275 0.0739583328125 0.016569809375 0.073325109375 0.0139071640625 0.0865953953125 0.0192799703125 0.087171053125 0.021893275 0.0739583328125
0 0.009411550000000001 0.0963815796875 0.009375 0.10400219375 0.020230262500000002 0.101260965625 0.0196418125 0.09376370625 0.009411550000000001 0.0963815796875
0 0 0.059051534375000006 0.0051352343750000005 0.05855263125 0.0052083328125 0.043695175 0.0000475140625 0.043889803125 0 0.054690240625 0 0.059051534375000006
0 0.0172880109375 0.0025767546874999997 0.016100146875 0.0095942984375 0.0256213453125 0.0091008765625 0.0264071640625 0.00227521875 0.0172880109375 0.0025767546874999997
0 0.28600146249999997 0.8716557015624999 0.28090095000000004 0.8726480265625 0.282341009375 0.887086075 0.287445175 0.8860197375000001 0.28600146249999997 0.8716557015624999
0 0.28109831875 0.8693092109375 0.275466009375 0.869898575 0.2768457609375 0.8877741234375 0.282341009375 0.887086075 0.28109831875 0.8693092109375
0 0.245741959375 0.8787006578125001 0.24473684218749997 0.884813596875 0.25339912343750004 0.8876918859374999 0.254239765625 0.8813596484374999 0.245741959375 0.8787006578125001
0 0.25159539531249997 0.8690021937499999 0.250140715625 0.87711896875 0.26037280625000003 0.882028509375 0.2617361109375 0.8741858546874999 0.25159539531249997 0.8690021937499999
0 0.255043859375 0.8499725874999999 0.25391081875 0.8578125 0.2649671046875 0.8620339906250001 0.2661019734375 0.8541995609375 0.255043859375 0.8499725874999999
0 0.2387792390625 0.8467653515625001 0.23841374218750003 0.8552357453124999 0.25405701718749996 0.8568530703125001 0.254331140625 0.8481359656249999 0.2387792390625 0.8467653515625001
1 0.3369883046875 0.9699835531250001 0.33044590625 0.9704769734375001 0.331578946875 0.9975054828125 0.33797514687499997 0.9969298249999999 0.3369883046875 0.9699835531250001
1 0.329221490625 0.9678728062499999 0.327176534375 0.9679139250000001 0.3272551171875 0.9760444078124999 0.3292543859375 0.9760060312500001 0.329221490625 0.9678728062499999
1 0.32733918125 0.9351151312500001 0.324689328125 0.9351151312500001 0.3249232453125 0.9437116234375 0.3275146203125 0.9436430921875001 0.32733918125 0.9351151312500001
1 0.32983004375 0.9247368421875001 0.32774488281249997 0.9240570171875 0.326873171875 0.9308196265625 0.3290716375 0.9314446265624999 0.32983004375 0.9247368421875001
1 0.3276315796875 0.9068393640625001 0.3234283625 0.9068530703125001 0.3236038015625 0.9175383765625 0.327759503125 0.9174890343750001 0.3276315796875 0.9068393640625001
0 0.33457602343750004 0.9124177625 0.3294042390625 0.9128289468749999 0.3301571640625 0.9288404609375001 0.3353983921875 0.9282620609375 0.33457602343750004 0.9124177625
0 0.33338815781250003 0.884018640625 0.3274689328125 0.8844846484375 0.3280592109375 0.904742325 0.333936403125 0.9044956140625 0.33338815781250003 0.884018640625
0 0.33247258749999997 0.8362637062499999 0.328125 0.83665021875 0.3288157890625 0.8508689687500001 0.3332894734375 0.8504358546875 0.33247258749999997 0.8362637062499999
1 0.321767178125 0.5452658984375 0.3184941515625 0.5450109656250001 0.3177083328125 0.5545778515625 0.32105263125 0.5549342109375 0.321767178125 0.5452658984375
0 0.32425073125 0.6030153515625 0.3290387421875 0.6022203953124999 0.327722953125 0.586293859375 0.323062865625 0.5868969296875 0.32425073125 0.6030153515625
1 0.3302101609375 0.8042077843750001 0.323793859375 0.805098684375 0.325162646875 0.8323108546875 0.3316209796875 0.8317653515625001 0.3302101609375 0.8042077843750001
1 0.330793128125 0.7909265343749999 0.326955409375 0.7908717109375 0.327010234375 0.8016721484374999 0.3309758765625 0.8016173249999999 0.330793128125 0.7909265343749999
1 0.33196271875 0.7798245609375 0.328563596875 0.7827302625 0.3322551171875 0.7927357453125 0.335635965625 0.7893640343749999 0.33196271875 0.7798245609375
1 0.3287956875 0.7479331140625 0.32146016093749996 0.7483278515625 0.3223775578125 0.78800986875 0.3297112578125 0.7874205046875 0.3287956875 0.7479331140625
1 0.33212719375 0.7803453953124999 0.33901681250000004 0.780153509375 0.337962353125 0.740764803125 0.3309576015625 0.7412554828125 0.33212719375 0.7803453953124999
1 0.3382090640625 0.73140625 0.3420778515625 0.7306688593749999 0.3410928359375 0.7174808109375 0.3372642546875 0.7181058109375 0.3382090640625 0.73140625
1 0.33715095 0.7107730265625001 0.3407894734375 0.7106606359375001 0.3405244890625 0.6971875 0.336885965625 0.697245065625 0.33715095 0.7107730265625001
0 0.33051900624999997 0.7110471484375 0.3360106 0.7107154609374999 0.335480628125 0.6950849781249999 0.330098684375 0.695367325 0.33051900624999997 0.7110471484375
1 0.32427631562500003 0.66930646875 0.3182291671875 0.6688980265625 0.316864034375 0.6944764250000001 0.32318530624999997 0.694887609375 0.32427631562500003 0.66930646875
1 0.323411915625 0.6531414468750001 0.319864765625 0.6547149125 0.3220486109375 0.665282346875 0.325641446875 0.6636458328125 0.323411915625 0.6531414468750001
0 0.3284612578125 0.6787719296875 0.3343019 0.678481359375 0.3338815796875 0.6598437500000001 0.328125 0.66006030625 0.3284612578125 0.6787719296875
0 0.3233552625 0.636239034375 0.31796418125 0.6364857453125 0.31796418125 0.651946271875 0.32341374218749996 0.651790021875 0.3233552625 0.636239034375
1 0.322975146875 0.622020284375 0.3193713453125 0.6220668859375 0.3194078953125 0.6321271937499999 0.3230116953125 0.6320805921875 0.322975146875 0.622020284375
0 0.32258771875000003 0.5775493421875 0.3276133046875 0.5768092109375 0.3268457609375 0.5587171046875 0.32183845 0.5592927624999999 0.32258771875000003 0.5775493421875
0 0.3368786546875 0.3856633765625 0.34141081875 0.38349780624999996 0.33907163749999997 0.3704221484375 0.3345577484375 0.3724780703125 0.3368786546875 0.3856633765625
1 0.36343019062500004 0.38131578906249997 0.3650657890625 0.38186129375 0.3660672515625 0.3738815796875 0.3644755109375 0.373336075 0.36343019062500004 0.38131578906249997
1 0.357383040625 0.391063596875 0.35725511718749997 0.38516995625 0.3506396203125 0.38516995625 0.3506396203125 0.3912006578125 0.357383040625 0.391063596875
1 0.3423008046875 0.4063843203125 0.3423428359375 0.41280153437499995 0.3486293859375 0.41263706093749997 0.34855263124999997 0.4062143640625 0.3423008046875 0.4063843203125
1 0.3509795328125 0.40427905624999994 0.3509868421875 0.4093475875 0.3576937140625 0.4091557015625 0.3575292390625 0.40416666718750005 0.3509795328125 0.40427905624999994
1 0.3676900578125 0.40814692968750005 0.37110745624999997 0.41088267500000003 0.3740953953125 0.4030866234375 0.370760234375 0.40047149062500004 0.3676900578125 0.40814692968750005
1 0.746231725 0.8135307015625 0.7479532156250001 0.8030427625 0.73018823125 0.79584978125 0.7282894734375 0.8058689687499999 0.746231725 0.8135307015625
0 0.009080775000000001 0.0645833328125 0.005098684375 0.06326754375 0.0036878656250000003 0.0757538375 0.0077302625 0.0767543859375 0.009080775000000001 0.0645833328125
1 0.007971490625 0.06712719375000001 0.013945540624999999 0.072143640625 0.0243603796875 0.04457236875 0.0178362578125 0.0400219296875 0.007971490625 0.06712719375000001
0 0.266081871875 0.0122807015625 0.2657346484375 0.020257675 0.2760745609375 0.020723684375000002 0.2762298984375 0.0127357453125 0.266081871875 0.0122807015625