1 0.71054641875 0.547966009375 0.7060855265625 0.54454495625 0.702445175 0.5589967109375 0.7071820171875001 0.5623355265625001 0.71054641875 0.547966009375
0 0.9411366953125 0.9878179828125001 0.94294590625 0.9822916671874999 0.9343000734375 0.9760169953125001 0.9325456875 0.98154879375 0.9411366953125 0.9878179828125001
0 0.922953215625 0.9291118421875 0.9186769 0.9301809203125 0.9196144 0.94248629375 0.92393823125 0.941148575 0.922953215625 0.9291118421875
0 0.9862902046875 0.8525877187500001 0.990783990625 0.852971490625 0.9913614765625001 0.8404550437499999 0.9868037281250001 0.8398766453125001 0.9862902046875 0.8525877187500001
0 1 0.8165844296874999 0.995796784375 0.8139528515625001 0.99460891875 0.8198190796875 1 0.8242763156249999 1 0.8165844296874999
0 0.9939510234375 0.81962719375 0.9958516078124999 0.813651315625 0.9874451750000001 0.8065241234375 0.9853983921875 0.8125822375 0.9939510234375 0.81962719375
0 0.9050383765625 0.7238815796875 0.91016081875 0.7250274125 0.9111385234375 0.7082483546875 0.9060233921874999 0.7069407890625 0.9050383765625 0.7238815796875
0 0.908918128125 0.6685855265625 0.9042032156250001 0.6675986843749999 0.9028362578125 0.68224780625 0.9076754390625 0.6833059203125 0.908918128125 0.6685855265625
0 0.9172149125000001 0.6531798249999999 0.919170321875 0.6473958328125 0.9114948828125 0.6405427625 0.9093183484375 0.64634594375 0.9172149125000001 0.6531798249999999
0 0.8562865499999999 0.754221490625 0.8594846484374999 0.7467105265625 0.850347221875 0.7373355265625 0.8471491234374999 0.744956140625 0.8562865499999999 0.754221490625
0 0.8326973687500001 0.7354769734375 0.8372076015625 0.737116228125 0.83993055625 0.719901315625 0.8352704671875 0.7182017546874999 0.8326973687500001 0.7354769734375
0 0.8294755109375 0.67954495625 0.8342105265624999 0.6827302625 0.83826754375 0.6681195171875001 0.8335690796874999 0.6648793859375 0.8294755109375 0.67954495625
0 0.869036915625 0.6119572375 0.8659685671874999 0.60962719375 0.8620650578125 0.623155153125 0.8654422515625001 0.6256030703125 0.869036915625 0.6119572375
0 0.8605774859374999 0.60279879375 0.8572130843749999 0.600071271875 0.8534393281250001 0.6135087718750001 0.8569261703125 0.6158991234375 0.8605774859374999 0.60279879375
1 0.8668713453124999 0.606885965625 0.8611038015625001 0.60264254375 0.85553728125 0.621546053125 0.8617178359375 0.6256030703125 0.8668713453124999 0.606885965625
1 0.8577138156249999 0.599586075 0.8525219296875 0.594873903125 0.845617690625 0.6187554828125 0.8510745609375 0.6230509875 0.8577138156249999 0.599586075
0 0.8453344296875 0.5827713812499999 0.8415771203125001 0.581206140625 0.8389236109375 0.5959868421875 0.8426827484375 0.597360196875 0.8453344296875 0.5827713812499999
0 0.8434576015624999 0.6033442984375 0.8391812859375 0.6006030703125 0.8356542390625 0.6162554828125 0.8399853796875 0.618695175 0.8434576015624999 0.6033442984375
0 0.8216374265624999 0.627823465625 0.8246162281249999 0.621518640625 0.8158717109375001 0.6112774125 0.8128399125 0.6170175437500001 0.8216374265624999 0.627823465625
0 0.78048245625 0.7466008765625001 0.7840826015625 0.7404605265625 0.7756396203125 0.7287006578125 0.7720211984375001 0.734813596875 0.78048245625 0.7466008765625001
0 0.770570175 0.7971820171874999 0.772971490625 0.790953946875 0.7630665203125 0.780783990625 0.7605354531249999 0.78711896875 0.770570175 0.7971820171874999
0 0.7416666671875001 0.8708333328125001 0.7455226609375 0.866776315625 0.7392543859375 0.853536184375 0.735581140625 0.8576754390625 0.7416666671875001 0.8708333328125001
0 0.71131944375 0.984703946875 0.7090277781250001 0.9904057015625 0.7189875734375 0.999147478125 0.7216191515625 0.9931195171875 0.71131944375 0.984703946875
0 0.7078947375 0.9999177625 0.7166849421875 1 0.7092982453125 0.9951370609374999 0.7078947375 0.9999177625
0 0.6801918859375 0.9548163375 0.6783625734375 0.9618969296875 0.6887956875000001 0.9690625 0.6907565796874999 0.961973684375 0.6801918859375 0.9548163375
0 0.6837043125 0.9496957234375 0.6821820171875 0.954385965625 0.6887828953125 0.9595422156250001 0.6901133046875 0.954898575 0.6837043125 0.9496957234375
0 0.5183278515625 0.9087774124999999 0.5203947375 0.9022203953125001 0.511268275 0.89521655625 0.50928728125 0.9016255484375 0.5183278515625 0.9087774124999999
0 0.518421053125 0.6888432015625 0.5239766078125 0.690186403125 0.52668676875 0.6704906796875 0.5216081875 0.668448465625 0.518421053125 0.6888432015625
0 0.676891446875 0.59670504375 0.680921053125 0.5993421046875 0.6848318718749999 0.584018640625 0.6811220765625 0.5812774125 0.676891446875 0.59670504375
0 0.9325475140625 0.5673793859375 0.9296783625 0.5730263156250001 0.9356670328125001 0.5803042765625 0.938375365625 0.5747313593750001 0.9325475140625 0.5673793859375
0 0.9613066515625001 0.5609841015625 0.959009503125 0.5664199562500001 0.966849415625 0.57417763125 0.968954678125 0.5688322375 0.9613066515625001 0.5609841015625
0 0.9722770468749999 0.54917763125 0.9736659359375001 0.5439967109375 0.9662792390625 0.5387006578125 0.964859284375 0.5440542765624999 0.9722770468749999 0.54917763125
0 0.966748903125 0.5179879390625 0.96321271875 0.5148601968750001 0.9592050437499999 0.5268174343750001 0.9627375734375001 0.5298519734375 0.966748903125 0.5179879390625
0 0.9150402046874999 0.488651315625 0.911293859375 0.48610197343749995 0.90866228125 0.49923245625 0.9126827484375 0.5018640343749999 0.9150402046874999 0.488651315625
1 0.832456140625 0.448081140625 0.831670321875 0.45008223750000004 0.8349232453125 0.4530427625 0.8357273390625 0.45112390312499995 0.832456140625 0.448081140625
1 0.8209375 0.4385115125 0.8201516812499999 0.440512609375 0.8234046046874999 0.44347313593750004 0.8242086984375 0.4415542765625 0.8209375 0.4385115125
1 0.8098812140625 0.4290953953125 0.8090953953125 0.431096490625 0.81234831875 0.4340570171875 0.8131524125 0.4321381578125 0.8098812140625 0.4290953953125
1 0.777383040625 0.4065981359375 0.776597221875 0.4085992328125 0.779850146875 0.41155975937499994 0.7806542390625 0.40964089843749996 0.777383040625 0.4065981359375
0 0.7178362578125 0.3587445171875 0.7157529234375 0.364117325 0.7251827484375 0.3719024125 0.7271564328125 0.36631030625 0.7178362578125 0.3587445171875
1 0.628302265625 0.295921053125 0.627516446875 0.2979221484375 0.630769371875 0.300882675 0.631573465625 0.29896381562499996 0.628302265625 0.295921053125
1 0.6383516078125 0.2880071265625 0.6375676171875 0.2900082234375 0.6408187140625 0.29296875 0.64162280625 0.291049890625 0.6383516078125 0.2880071265625
0 0.6376279234375 0.291831140625 0.6349415203125 0.2989309203125 0.6449506578124999 0.3069133765625 0.6473684203125 0.2994791671875 0.6376279234375 0.291831140625
1 0.653739034375 0.2962143640625 0.657383040625 0.2864857453125 0.6438980265625001 0.2747807015625 0.640054825 0.2840953953125 0.653739034375 0.2962143640625
0 0.6377266078125 0.24550438593749999 0.633918128125 0.24322916718749998 0.6307565796875 0.2561677625 0.634634503125 0.2583004390625 0.6377266078125 0.24550438593749999
0 0.6271929828125 0.281195175 0.6294956140625 0.27524671093749997 0.622240496875 0.26918859687499996 0.619883040625 0.27524671093749997 0.6271929828125 0.281195175
0 0.6119334796875 0.2754934203125 0.610471490625 0.28267543906250003 0.6203764625 0.287801534375 0.6218713453125 0.2808333328125 0.6119334796875 0.2754934203125
0 0.5948099421874999 0.29635416718749996 0.592653509375 0.3032894734375 0.601087353125 0.30949013124999997 0.603435671875 0.30233004375 0.5948099421874999 0.29635416718749996
1 0.6038011703125 0.2638980265625 0.60544590625 0.258936403125 0.5997441515624999 0.2545833328125 0.5980555562500001 0.2597149125 0.6038011703125 0.2638980265625
0 0.5315423984375001 0.31392543906250003 0.5356907890625 0.3161732453125 0.5390204671875 0.3007017546875 0.5349597953125 0.29882127187499996 0.5315423984375001 0.31392543906250003
0 0.5360014625 0.4901315796875 0.540643275 0.492543859375 0.5444809937499999 0.4759320171875 0.5399488296875 0.473766446875 0.5360014625 0.4901315796875
0 0.5353070171875001 0.460553728125 0.533991228125 0.4672697375 0.5454678359375 0.4725191890625 0.546472953125 0.46557017500000003 0.5353070171875001 0.460553728125
0 0.5028691515625 0.5589364031249999 0.5052083328125 0.5658168859375 0.5160087718749999 0.5579769734375 0.513596490625 0.5513980265625 0.5028691515625 0.5589364031249999
0 0.4967927625 0.3078207234375 0.5013888890625 0.309758771875 0.50400219375 0.2942817984375 0.499713084375 0.2925054828125 0.4967927625 0.3078207234375
0 0.4717799703125 0.43219572343749996 0.4725328953125 0.4248629390625 0.46075292343749996 0.4220778515625 0.45975877187499997 0.4295230265625 0.4717799703125 0.43219572343749996
0 0.45165752968749995 0.420030153125 0.4505116953125 0.42491776249999996 0.45753106718750003 0.42793311406249995 0.45844115468749996 0.42298793906250004 0.45165752968749995 0.420030153125
0 0.4161184203125 0.4791940796875 0.41668494218749996 0.47203947343749997 0.40563230937499994 0.4689720390625 0.40466008750000004 0.4763157890625 0.4161184203125 0.4791940796875
0 0.4357200296875 0.68092379375 0.43041666718749994 0.6793530703124999 0.42720760156250004 0.6980153515625 0.432510965625 0.6992927625 0.4357200296875 0.68092379375
0 0.4574232453125 0.7619243421874999 0.45243055625000006 0.7583333328124999 0.446783625 0.7773300437499999 0.45199195937500003 0.7809484656250001 0.4574232453125 0.7619243421874999
0 0.44039108125000004 0.7748684203125 0.4458150578125 0.7748081140624999 0.44601242656249995 0.756820175 0.4404605265625 0.7569078953124999 0.44039108125000004 0.7748684203125
0 0.4346308484375 0.777768640625 0.42972953281250004 0.7783744515625 0.43020285156250004 0.792979715625 0.4350511703125 0.7927083328125 0.4346308484375 0.777768640625
0 0.4466739765625 0.7880756578125 0.44197733906250003 0.785635965625 0.4389802625 0.80071271875 0.4436220765625 0.803179825 0.4466739765625 0.7880756578125
0 0.4068530703125 0.87423245625 0.4061769 0.8818804828125 0.4171217109375 0.8841940796875001 0.4178362578125 0.8764528515625001 0.4068530703125 0.87423245625
0 0.3862024859375 0.7544407890625 0.381072734375 0.754915021875 0.381725146875 0.77256030625 0.3869334796875 0.772258771875 0.3862024859375 0.7544407890625
0 0.34575292343749997 0.8848766453125 0.349064328125 0.8792160093750001 0.340820540625 0.8678947375 0.3373446640625 0.8736047156250001 0.34575292343749997 0.8848766453125
0 0.358848684375 0.8895394734375 0.3621600875 0.8838788375 0.3539163015625 0.872557565625 0.3504404234375 0.87826754375 0.358848684375 0.8895394734375
0 0.33365314375 0.8771491234375001 0.334722221875 0.8700383765625 0.3241081875 0.866721490625 0.3230866234375 0.87391995625 0.33365314375 0.8771491234375001
0 0.34166118437500004 0.8453947375 0.341900584375 0.8375301531250001 0.3287116234375 0.8371737937500001 0.3285928359375 0.8447998906249999 0.34166118437500004 0.8453947375
0 0.341197003125 0.8295148031249999 0.340195540625 0.821507675 0.32908808437500003 0.8240816890625 0.3298519734375 0.8323766453125 0.341197003125 0.8295148031249999
0 0.32106176875000003 0.8454166671875001 0.3202850875 0.8361567984375 0.30703581875 0.8389528515625001 0.3075475140625 0.8479989031249999 0.32106176875000003 0.8454166671875001
0 0.28283991249999996 0.8463541671874999 0.282474415625 0.8379660093749999 0.268768275 0.8396381578125001 0.2692434203125 0.8480537281249999 0.28283991249999996 0.8463541671874999
0 0.17108918125 0.8887883765625 0.17648026249999998 0.8888706140625 0.1771144 0.8729440796875 0.17175073125 0.872645284375 0.17108918125 0.8887883765625
0 0.159429825 0.8864035093749999 0.1641447375 0.88363486875 0.1600420328125 0.8669106359375001 0.15548245624999998 0.8698190796875 0.159429825 0.8864035093749999
0 0.15243055625 0.8882675437499999 0.15709064374999998 0.8849780703125001 0.1520833328125 0.8669682015625 0.14703947343749998 0.8703673249999999 0.15243055625 0.8882675437499999
0 0.14349049687499998 0.88821271875 0.1479349421875 0.8851151312500001 0.1434576015625 0.8697094296874999 0.13872441562499999 0.873081140625 0.14349049687499998 0.88821271875
0 0.10986842031249999 0.9844024125 0.11260964843750002 0.975054825 0.0985380109375 0.9662280703125001 0.095778509375 0.9752467109375 0.10986842031249999 0.9844024125
0 0.20786184218749998 1 0.20327302656250001 0.9886677625000001 0.198347953125 0.9930180921874999 0.20109100937500002 1 0.20786184218749998 1
0 0.2009375 1 0.1988231 0.9947807015624999 0.1938980265625 0.9991310312499999 0.194239765625 1 0.2009375 1
0 0.190990496875 1 0.185838815625 0.9955509875 0.183945540625 1 0.190990496875 1
0 0.1942196640625 1 0.19695358125 0.9954961625 0.186856725 0.983453946875 0.1837956875 0.989745065625 0.19268640312500002 1 0.1942196640625 1
0 0.0986476609375 0.8498355265624999 0.10394736874999999 0.8533717109375001 0.109117325 0.83428728125 0.1040149859375 0.8310444078125 0.0986476609375 0.8498355265624999
0 0.1732090640625 0.8010690796875 0.1733735375 0.7932291671875 0.16179276250000002 0.7931907890625001 0.161544225 0.8009292765625 0.1732090640625 0.8010690796875
0 0.24362207656249998 0.8324835531250001 0.2416666671875 0.8256304828125 0.2311220765625 0.8319078953125001 0.23274853750000002 0.8389802625 0.24362207656249998 0.8324835531250001
0 0.15513523437500001 0.7361567984375 0.16019736874999999 0.73818530625 0.1640387421875 0.7191639249999999 0.15887426875 0.71712719375 0.15513523437500001 0.7361567984375
0 0.21631944375 0.627028509375 0.21672149062499999 0.61959978125 0.2041301171875 0.6182565796875 0.203545321875 0.6260142546874999 0.21631944375 0.627028509375
0 0.27988486875 0.6101891453125 0.28060124218750004 0.617768640625 0.29289108124999996 0.6146107453125 0.292088815625 0.6071134875 0.27988486875 0.6101891453125
0 0.261390715625 0.6164967109374999 0.261385234375 0.6091557015625 0.2517361109375 0.6092105265625001 0.25175986875 0.616463815625 0.261390715625 0.6164967109374999
0 0.351463815625 0.582957784375 0.3513888890625 0.5760416671875 0.339437134375 0.5767516453125 0.339528509375 0.58368969375 0.351463815625 0.582957784375
0 0.3156981 0.5694078953124999 0.315625 0.5768092109375 0.328125 0.5767269734375 0.3282346484375 0.5693256578125 0.3156981 0.5694078953124999
0 0.12676900625 0.7293804828125 0.12447002968750001 0.735635965625 0.134795321875 0.743448465625 0.1368969296875 0.7372532890625 0.12676900625 0.7293804828125
0 0.136385234375 0.7033991234375 0.134740496875 0.709188596875 0.143384503125 0.7145833328125 0.1451023390625 0.709046053125 0.136385234375 0.7033991234375
0 0.138687865625 0.6940241234375 0.13700657968750002 0.7014528515625 0.14895833281249998 0.70709978125 0.15071271875 0.6998355265625 0.138687865625 0.6940241234375
0 0.1540570171875 0.6719024124999999 0.148848684375 0.669133771875 0.14385964843750002 0.687966009375 0.14948830468750002 0.6907072375000001 0.1540570171875 0.6719024124999999
0 0.176937134375 0.61178728125 0.18177997031249998 0.6153508765625 0.187445175 0.5967379390625001 0.1828764625 0.59375 0.176937134375 0.61178728125
0 0.118731725 0.6431195171875 0.11677631562499999 0.64928728125 0.1266081875 0.6552905703125 0.128508771875 0.6490131578125 0.118731725 0.6431195171875
0 0.029239765625000004 0.5905975875 0.0248172515625 0.5874725875 0.019426170312499998 0.60394736875 0.023885234375 0.6067982453125 0.029239765625000004 0.5905975875
0 0.0407346484375 0.5338541671875 0.036440057812499996 0.5305921046875001 0.0316721484375 0.5433415562499999 0.036330409375 0.546436403125 0.0407346484375 0.5338541671875
0 0.046564328125 0.515679825 0.050475146875 0.5185307015625 0.055774853125 0.5018640343749999 0.051827485937499994 0.49925986875 0.046564328125 0.515679825
0 0.119133771875 0.45501644687500004 0.1237024859375 0.45490679843750004 0.1235197375 0.43969298281249997 0.11907894687500001 0.43996710468750005 0.119133771875 0.45501644687500004
0 0.232185671875 0.5010032890625 0.2294225140625 0.49635416718750003 0.22290935625000002 0.505367325 0.2257291671875 0.5100740125 0.232185671875 0.5010032890625
0 0.2116849421875 0.409887609375 0.20670687187499998 0.409813596875 0.2064692984375 0.428125 0.21154970781250002 0.4282072375 0.2116849421875 0.409887609375
0 0.03519736875 0.4762883765625 0.03292763125 0.4828125 0.0424780703125 0.4902028515625 0.0447514625 0.48355263125 0.03519736875 0.4762883765625
0 0.212171053125 0.3791118421875 0.207437865625 0.3791940796875 0.2077668125 0.39207785156249997 0.21237207656249998 0.3919682015625 0.212171053125 0.3791118421875
0 0.2990862578125 0.40550986875 0.2994152046875 0.41186951718750003 0.309813596875 0.41041666718750003 0.3094152046875 0.40414473749999996 0.2990862578125 0.40550986875
0 0.299945175 0.3970668859375 0.300091375 0.40449561406249995 0.311688596875 0.40364309218749994 0.311421784375 0.39629934218749996 0.299945175 0.3970668859375
0 0.2709850140625 0.37266447343750003 0.27551169531249997 0.3728344296875 0.2755665203125 0.35778508750000004 0.2711677625 0.357741228125 0.2709850140625 0.37266447343750003
1 0.59133771875 0.2545230265625 0.5941337718749999 0.2443530703125 0.574501096875 0.23193530624999997 0.5713450296875 0.2423519734375 0.59133771875 0.2545230265625
0 0.5702302625 0.2099232453125 0.5673611109375 0.20701754375 0.5634868421875 0.21551535156249998 0.56641081875 0.21847587656249998 0.5702302625 0.2099232453125
1 0.5543859656250001 0.22987938593749999 0.5557565796875 0.22423245625 0.5501644734375 0.22099780624999998 0.5486842109375 0.226946271875 0.5543859656250001 0.22987938593749999
1 0.546418128125 0.22149122812500002 0.546929825 0.21959978125 0.5426352343749999 0.2169682015625 0.5421052625 0.21896929843750002 0.546418128125 0.22149122812500002
1 0.5123538015625 0.2169682015625 0.5127010234375 0.21455592031249998 0.5078033625 0.2131030703125 0.507364765625 0.21565241249999997 0.5123538015625 0.2169682015625
1 0.514740496875 0.19741228125000002 0.51792763125 0.19808114062499999 0.5192653515625001 0.18829495624999998 0.516081871875 0.187445175 0.514740496875 0.19741228125000002
1 0.5036366953125 0.2049067984375 0.5044042390625 0.19912280625 0.4985014625 0.19756030625 0.49769736875000004 0.2032620609375 0.5036366953125 0.2049067984375
1 0.5078782890625 0.1484703953125 0.506597221875 0.14764254375000002 0.504698465625 0.153963815625 0.5059484656250001 0.15472039531249998 0.5078782890625 0.1484703953125
0 0.4178362578125 0.22116228124999998 0.42189327499999996 0.2209703953125 0.42152777812500003 0.2072094296875 0.417580409375 0.207346490625 0.4178362578125 0.22116228124999998
0 0.3255665203125 0.23588267499999999 0.3296235375 0.23549890312500002 0.32880847968750004 0.21981633750000001 0.32499269062499997 0.2201343203125 0.3255665203125 0.23588267499999999
0 0.2432565796875 0.314364034375 0.2400402046875 0.30893640312500004 0.23162646250000002 0.318453946875 0.23467836250000002 0.32417763125 0.2432565796875 0.314364034375
0 0.09421418125 0.3830180921875 0.0994773390625 0.38266173281250004 0.0997076015625 0.364446271875 0.09460891875 0.3645833328125 0.09421418125 0.3830180921875
0 0.095811403125 0.359059759375 0.0999159359375 0.35921875000000003 0.10046600937500001 0.34397478125 0.096536915625 0.3438404609375 0.095811403125 0.359059759375
0 0.1140899125 0.319846490625 0.1141630109375 0.31326754375 0.10413011718750001 0.3134594296875 0.10400219375 0.3200383765625 0.1140899125 0.319846490625
0 0.11605628593749999 0.306192434375 0.11421783593749998 0.29920504375 0.10360745625000001 0.30485197343750003 0.10508223750000001 0.311877740625 0.11605628593749999 0.306192434375
0 0.15171600937500002 0.32747532968750004 0.15175438593749999 0.3345394734375 0.16416301093750002 0.333223684375 0.1639437140625 0.32634320156249996 0.15171600937500002 0.32747532968750004
1 0.063757309375 0.337313596875 0.060292398437500005 0.33708333281249997 0.059831871875 0.34678728125 0.063296784375 0.34688596562499996 0.063757309375 0.337313596875
0 0.016849415625 0.321518640625 0.016593567187499998 0.3283991234375 0.027357456250000002 0.32793311406250003 0.0274853796875 0.32113486875 0.016849415625 0.321518640625
1 0.43335160781250004 0.190679825 0.43349780625 0.1798793859375 0.41176900625 0.1768366234375 0.411239034375 0.1876918859375 0.43335160781250004 0.190679825
1 0.38205409375 0.1904605265625 0.382401315625 0.2017543859375 0.40073099375 0.20068530624999997 0.40027412343749996 0.18944627187500002 0.38205409375 0.1904605265625
0 0.34831871406250003 0.1837445171875 0.3483369890625 0.1767817984375 0.339437134375 0.1766995609375 0.339437134375 0.1833607453125 0.34831871406250003 0.1837445171875
0 0.3169225140625 0.1603892546875 0.31652046718750004 0.1681743421875 0.326937134375 0.169188596875 0.32735745625 0.1615131578125 0.3169225140625 0.1603892546875
1 0.3135599421875 0.17510964843750002 0.31408991249999996 0.16548793906249998 0.2989766078125 0.164007675 0.2982456140625 0.1739583328125 0.3135599421875 0.17510964843750002
0 0.28600146249999997 0.1442982453125 0.2817982453125 0.144106359375 0.281725146875 0.15901864062499999 0.28592836250000003 0.158963815625 0.28600146249999997 0.1442982453125
1 0.328766446875 0.1311595390625 0.3238706140625 0.1315871703125 0.32488121406250003 0.1551288375 0.330098684375 0.15474232500000001 0.328766446875 0.1311595390625
1 0.31723318749999996 0.13333333281249998 0.3118969296875 0.13196271875 0.3089345765625 0.15380208281250002 0.314524853125 0.1553645828125 0.31723318749999996 0.13333333281249998
0 0.187445175 0.18665021875 0.1868421046875 0.1937225875 0.198072003125 0.195145284375 0.1986476609375 0.187856359375 0.187445175 0.18665021875
1 0.16755482500000002 0.19067434218749998 0.167445175 0.192713815625 0.1716118421875 0.1934046046875 0.17178728125 0.1913322375 0.16755482500000002 0.19067434218749998
1 0.1071454671875 0.1807017546875 0.1069956140625 0.1829358546875 0.111206140625 0.183495065625 0.11133771875000001 0.18129111874999998 0.1071454671875 0.1807017546875
1 0.0061403515625 0.1955317984375 0.0061403515625 0.1934758765625 0.002028509375 0.1937225875 0.001991959375 0.19583333281249998 0.0061403515625 0.1955317984375
0 0.1840423984375 0.13945175468749998 0.17975146250000001 0.139446271875 0.17898391875 0.1537554828125 0.1834283625 0.1534649125 0.1840423984375 0.13945175468749998
0 0.16992872812499998 0.13983004375000002 0.1659173984375 0.13985745624999998 0.1654422515625 0.1517269734375 0.16962719375 0.1515350875 0.16992872812499998 0.13983004375000002
0 0.0245120609375 0.15050986875 0.0201754390625 0.15057565781249999 0.019698465625 0.16619791718750002 0.02419590625 0.166063596875 0.0245120609375 0.15050986875
0 0.058298610937499995 0.004402412499999999 0.057805190625 0.0124725875 0.06925073125 0.012700109375 0.06936403437500001 0.004742325 0.058298610937499995 0.004402412499999999
1 0.035080409374999996 0.0007730265624999999 0.034625365625 0.0073903515625 0.0486312140625 0.0083442984375 0.048757309375 0.0014802625 0.035080409374999996 0.0007730265624999999
0 0.24592470781250003 0.036650218750000005 0.25016447343750003 0.03678728125 0.2505025578125 0.0228865125 0.24641812812500002 0.02261513125 0.24592470781250003 0.036650218750000005
0 0.523062865625 0.01025219375 0.5192982453125 0.0087445171875 0.5172514625 0.020668859375 0.52114400625 0.022203946874999998 0.523062865625 0.01025219375
0 0.5611659359375001 0.07417763125 0.5575292390625 0.07261513124999999 0.5557565796875 0.083936403125 0.5595760234375 0.085498903125 0.5611659359375001 0.07417763125
0 0.562445175 0.07428728125 0.56650219375 0.07587719375 0.5690241234375 0.06211622812499999 0.5654239765625 0.0603070171875 0.562445175 0.07428728125
0 0.6060855265625 0.11759868437500001 0.6078764624999999 0.1110471484375 0.599671053125 0.105893640625 0.59775219375 0.11260964843750002 0.6060855265625 0.11759868437500001
0 0.6083881578125 0.10978618437500001 0.61010599375 0.10241228124999999 0.5993421046875 0.0967242328125 0.597350146875 0.1041666671875 0.6083881578125 0.10978618437500001
0 0.6095668859375001 0.1019682015625 0.6111111109375 0.09558662343749999 0.6016081875 0.09037828906249999 0.600054825 0.0969846484375 0.6095668859375001 0.1019682015625
0 0.591776315625 0.11414473750000001 0.593347953125 0.1075932015625 0.58441155 0.1028782890625 0.5827485375 0.1093475875 0.591776315625 0.11414473750000001
0 0.621527778125 0.035553728125 0.6181834796875 0.0337719296875 0.6158077484375 0.0455592109375 0.61946271875 0.047286184375 0.621527778125 0.035553728125
0 0.8112024859375 0.259731359375 0.8149671046875 0.261293859375 0.8165588453125 0.24785910156250002 0.8129020468749999 0.2462171046875 0.8112024859375 0.259731359375
0 0.7583881578125 0.175411184375 0.7602887421875 0.17105263125 0.7538011703125 0.16493969375 0.7517361109375 0.1692434203125 0.7583881578125 0.175411184375
0 0.8471673984375 0.1551809203125 0.850643275 0.1568092109375 0.8529349421875001 0.14379660156250001 0.8496600875 0.1419956140625 0.8471673984375 0.1551809203125
0 0.7940423984375 0.127658990625 0.7974780703125 0.1283442984375 0.798426534375 0.11705866250000001 0.794956140625 0.11631030625000001 0.7940423984375 0.127658990625
0 0.8328947375 0.2415844296875 0.8304459062499999 0.2482182015625 0.8401315796875 0.2557017546875 0.8423428359375 0.248766446875 0.8328947375 0.2415844296875
0 0.8262426906250001 0.2552083328125 0.8274305562500001 0.2506578953125 0.8201754390625 0.2462719296875 0.8189144734375 0.25093201718749997 0.8262426906250001 0.2552083328125
0 0.8639437140625 0.242543859375 0.8652229531250001 0.2365405703125 0.8582839906249999 0.2315241234375 0.8565789468749999 0.2375 0.8639437140625 0.242543859375
0 0.916849415625 0.22108004375 0.9209247078124999 0.22291666718749997 0.923223684375 0.2118804828125 0.9192141812499999 0.21022203906249998 0.916849415625 0.22108004375
0 0.9415570171875001 0.222313596875 0.9427266078125 0.21617324531249998 0.9343329671875 0.2103399125 0.9326918859375001 0.21645010937500003 0.9415570171875001 0.222313596875
0 0.9853252921875001 0.119846490625 0.9872624265625 0.11647478124999999 0.9828216375000001 0.11022478124999999 0.980884503125 0.113651315625 0.9853252921875001 0.119846490625
0 0.9330774859375 0.0955592109375 0.9358369890624999 0.0969572375 0.9378161546875001 0.08838541718750001 0.93525219375 0.08673245625 0.9330774859375 0.0955592109375
0 0.9092178359374999 0.08086074531250001 0.9123355265624999 0.0827028515625 0.9142178359375001 0.07198464843749999 0.9112353796875 0.070498903125 0.9092178359374999 0.08086074531250001
0 0.9084502921875 0.130227521875 0.9057657156250001 0.12833333281249998 0.9034247078125001 0.1390707234375 0.90631944375 0.1408059203125 0.9084502921875 0.130227521875