1 0.5551717843749999 0.7905427625 0.5527777781250001 0.7862116234375 0.547350146875 0.792571271875 0.5497624265625001 0.796875 0.5551717843749999 0.7905427625
1 0.7577485375 0.567489034375 0.7556103796875 0.56337719375 0.7505665203125 0.569051534375 0.752686403125 0.5732456140625 0.7577485375 0.567489034375
0 0.5170504390625 0.826617325 0.5194078953125 0.8317434203125 0.5268092109375 0.8243421046874999 0.5244152046874999 0.819188596875 0.5170504390625 0.826617325
0 0.262518275 0.38988486875 0.26633771875 0.3865405703125 0.26094663749999997 0.373382675 0.257383040625 0.376918859375 0.262518275 0.38988486875
0 0.2678545328125 0.3828399125 0.271783625 0.3795778515625 0.266776315625 0.3658168859375 0.262956871875 0.36932565781250004 0.2678545328125 0.3828399125
0 0.26324926875 0.36872258750000003 0.2670687140625 0.3654879390625 0.262043128125 0.3520559203125 0.2583698828125 0.3553453953125 0.26324926875 0.36872258750000003
0 0.25670687187499996 0.3736567984375 0.2611842109375 0.37105263125 0.2575657890625 0.3560855265625 0.253581871875 0.3587171046875 0.25670687187499996 0.3736567984375
0 0.320778509375 0.3506578953125 0.3186403515625 0.34616228125 0.3106725140625 0.3545504390625 0.31284722187499997 0.359018640625 0.320778509375 0.3506578953125
0 0.2450840640625 0.32108004375 0.2493421046875 0.3178453953125 0.2442616953125 0.30375548281250003 0.2400584796875 0.30723684218749997 0.2450840640625 0.32108004375
0 0.23433845 0.3296875 0.2377741234375 0.3262883765625 0.23280336250000003 0.315926534375 0.2294407890625 0.3194078953125 0.23433845 0.3296875
0 0.42189327499999996 0.93525219375 0.4189692984375 0.9298519734375 0.4100328953125 0.940981359375 0.41312134531250005 0.9462171046875 0.42189327499999996 0.93525219375
0 0.441758040625 0.8086074562500001 0.4458333328125 0.8040844296874999 0.4384320171875 0.78985745625 0.4345942984375 0.79449013125 0.441758040625 0.8086074562500001
0 0.647203946875 0.8566337718750001 0.6519736843749999 0.8516995609375 0.6440204671875 0.8346929828125 0.639331140625 0.8394983546875 0.647203946875 0.8566337718750001
1 0.8140350875 0.33670504375 0.8154239765625 0.343338815625 0.8227521937500001 0.34021381562499997 0.8213450296874999 0.33352521875 0.8140350875 0.33670504375
0 0.8901681281249999 0.2875 0.88821271875 0.29492872812500004 0.8982638890624999 0.30068530625 0.9003837718750001 0.2931743421875 0.8901681281249999 0.2875
0 0.65381944375 0.869106359375 0.657328215625 0.875328946875 0.6678179828124999 0.8627192984375001 0.6640350875000001 0.8567434203125 0.65381944375 0.869106359375
0 0.8353618421875 0.629385965625 0.839418859375 0.62258771875 0.8290752921875001 0.608196271875 0.8251644734375001 0.615158990625 0.8353618421875 0.629385965625
1 0.956341375 0.308114034375 0.9552997078125 0.3060032890625 0.9510599421875 0.310581140625 0.9521198828124999 0.3126096484375 0.956341375 0.308114034375
1 0.1927850875 0.062165570312499994 0.1902832609375 0.0585142546875 0.18640168125 0.0642379390625 0.1889674703125 0.06795504375 0.1927850875 0.062165570312499994
1 0.1771144 0.0363294953125 0.17538194375 0.040211075 0.1795047515625 0.04438870625 0.181341375 0.040570175 0.1771144 0.0363294953125
1 0.20178179843750002 0.0392406796875 0.198885234375 0.035608553125 0.195572003125 0.0414528515625 0.1985745609375 0.045093201562500004 0.20178179843750002 0.0392406796875
1 0.20913742656249998 0.389007675 0.20792763124999997 0.3914117328125 0.211330409375 0.3947916671875 0.21246345 0.3922971484375 0.20913742656249998 0.389007675
1 0.19824561406250002 0.42409539531249996 0.2006761703125 0.4287006578125 0.2059411546875 0.4223382671875 0.20343567187499997 0.4178453953125 0.19824561406250002 0.42409539531249996
0 0.15228435625 0.5733826750000001 0.1552814328125 0.579248903125 0.16332236875 0.5690241234375 0.1602704671875 0.56332236875 0.15228435625 0.5733826750000001
0 0.14460891874999998 0.5829769734375 0.14692982500000001 0.58824013125 0.154331140625 0.5806743421875 0.1518274859375 0.5755208328125 0.14460891874999998 0.5829769734375
0 0.1453581875 0.5904879390625 0.1479349421875 0.5963815796875 0.15550073125 0.5880756578125 0.152796053125 0.5822916671875 0.1453581875 0.5904879390625
0 0.1471491234375 0.597341009375 0.1498172515625 0.6033717109375 0.157383040625 0.594901315625 0.1547331875 0.5890076750000001 0.1471491234375 0.597341009375
0 0.149652778125 0.6041118421875 0.152028509375 0.6096217109375 0.15922880156250002 0.6014802625 0.15667032187500002 0.59616228125 0.149652778125 0.6041118421875
0 0.150365496875 0.6141995609374999 0.15316155 0.6189144734375 0.1603618421875 0.6095668859375001 0.1576388890625 0.6049616234374999 0.150365496875 0.6141995609374999
0 0.165277778125 0.6453947375 0.16787280625 0.65084978125 0.175310671875 0.6424342109375 0.17260599375000002 0.6370888156250001 0.165277778125 0.6453947375
0 0.16864035156249998 0.6531798249999999 0.17086988281249998 0.6575383765625 0.1769060671875 0.6508031796875 0.17469480937499998 0.646417215625 0.16864035156249998 0.6531798249999999
0 0.20741959062499998 0.6505756578125 0.203581871875 0.6548519734375 0.209831871875 0.6688048249999999 0.2138340640625 0.6647203953124999 0.20741959062499998 0.6505756578125
1 0.43187134531250004 0.8375822375 0.43085891875 0.8389665562499999 0.433954678125 0.8437774125 0.43493421093749995 0.8423656796874999 0.43187134531250004 0.8375822375
1 0.444537646875 0.8626343203125 0.44331140312499995 0.860553728125 0.4397295328125 0.8655427625 0.440992325 0.8675685312500001 0.444537646875 0.8626343203125
1 0.4485380109375 0.868448465625 0.4473866953125 0.8666118421875 0.44358552656250005 0.8719298249999999 0.444828215625 0.8737116234375 0.4485380109375 0.868448465625
1 0.45367324531250003 0.880811403125 0.4529788015625 0.8790296046874999 0.4490862578125 0.8822094296874999 0.44976242656250004 0.8838815796875 0.45367324531250003 0.880811403125
0 0.2182383046875 0.4372532890625 0.21483918124999998 0.441063596875 0.2213084796875 0.454331140625 0.2247807015625 0.45054824531250004 0.2182383046875 0.4372532890625
0 0.25544590624999997 0.4375822375 0.2521747078125 0.4416940796875 0.2568347953125 0.45071271875 0.26008771875000003 0.44692982499999995 0.25544590624999997 0.4375822375
0 0.40906432812500004 0.273876096875 0.40495248593750005 0.27450657968750003 0.4060307015625 0.28988486875 0.41021564374999997 0.28922697343750003 0.40906432812500004 0.273876096875
0 0.429331140625 0.2978618421875 0.4283442984375 0.304742325 0.4383954671875 0.30748355312500003 0.4391630109375 0.3006030703125 0.429331140625 0.2978618421875
1 0.881652046875 0.43566337656250004 0.8862207609375 0.4436403515625 0.899597953125 0.42626096562500004 0.8953033625 0.4187774125 0.881652046875 0.43566337656250004
0 0.9064692984375 0.444928728125 0.902649853125 0.4372258765625 0.8889254390625 0.45098684218749996 0.8929824562500001 0.45918311406249995 0.9064692984375 0.444928728125
0 0.9099049703125001 0.4560307015625 0.9067068718750001 0.4497258765625 0.895650584375 0.46162280625 0.898903509375 0.468283990625 0.9099049703125001 0.4560307015625
1 0.8762792390625 0.40581140312499997 0.8798976609375 0.41318530625000005 0.8941885968750001 0.3974506578125 0.8907711984375 0.3904057015625 0.8762792390625 0.40581140312499997
1 0.89303728125 0.501946271875 0.8986293859375 0.4959429828125 0.889364034375 0.47461622812500004 0.8834795328125 0.48040021875 0.89303728125 0.501946271875
1 0.8030519 0.6392817984375 0.7984100875 0.6462445171875 0.8110197375 0.665679825 0.815643275 0.6584703953125 0.8030519 0.6392817984375
1 0.76957236875 0.6216008765625001 0.7653508765625 0.614446271875 0.7529239765625 0.630838815625 0.7573282156250001 0.6381578953125 0.76957236875 0.6216008765625001
1 0.78445358125 0.64754111875 0.7796600875 0.6405427625 0.76794590625 0.65868969375 0.7725328953124999 0.6655427625 0.78445358125 0.64754111875
1 0.7911312140625 0.6609703953125 0.787116228125 0.6522203953125 0.7733369890625 0.6661732453125 0.777649853125 0.6750548249999999 0.7911312140625 0.6609703953125
1 0.801133040625 0.6683388156250001 0.79683845 0.6592379390625001 0.779294590625 0.6774671046875 0.7836677625 0.6865953953124999 0.801133040625 0.6683388156250001
1 0.8063596484375 0.6751096484375 0.802649853125 0.668283990625 0.7868603796875 0.6865679828125 0.7907529234374999 0.6936677625 0.8063596484375 0.6751096484375
1 0.7997989765625 0.6153234656250001 0.7936220765625001 0.6242598687500001 0.8182200296875 0.660635965625 0.8246710531250001 0.6509320171875 0.7997989765625 0.6153234656250001
1 0.8220760234375 0.61162280625 0.8154568718749999 0.6200219296875 0.8305738296875 0.6454221484375 0.8371710531250001 0.63678728125 0.8220760234375 0.61162280625
0 0.8329495609374999 0.607401315625 0.8364766078124999 0.6129934203125 0.8435672515625001 0.602713815625 0.8399671046874999 0.5970942984375001 0.8329495609374999 0.607401315625
0 0.818768275 0.5982456140625 0.8226059937500001 0.6052905703125 0.8341922515625001 0.590981359375 0.830135234375 0.5837993421875 0.818768275 0.5982456140625
0 0.81631944375 0.587061403125 0.8201388890624999 0.5936677625 0.8294407890625 0.5807565796875 0.8256030703125001 0.5745065796875 0.81631944375 0.587061403125
0 0.809722221875 0.5808388156250001 0.8132492687499999 0.5874725875 0.8240679828124999 0.5736842109375 0.8204312859374999 0.5673519734375 0.809722221875 0.5808388156250001
0 0.8036732453125 0.575438596875 0.807383040625 0.5816885968750001 0.8173611109375001 0.5688322375 0.813633040625 0.5625822375 0.8036732453125 0.575438596875
0 0.80542763125 0.555866228125 0.8096491234375 0.550328946875 0.800365496875 0.5349506578125001 0.7960928359375 0.5404632671875 0.80542763125 0.555866228125
0 0.7993329671875 0.56379111875 0.8036732453125 0.5576206140625 0.794170321875 0.54300986875 0.7898483187500001 0.5491803734375 0.7993329671875 0.56379111875
0 0.794919590625 0.5708881578125 0.79928728125 0.5641995609375 0.7897112578125001 0.5498355265625 0.7854349421875 0.556716009375 0.794919590625 0.5708881578125
0 0.7895833328124999 0.5775493421875 0.794060671875 0.5712171046875001 0.7848684203125 0.5563870609375 0.780098684375 0.562938596875 0.7895833328124999 0.5775493421875
0 0.7845577484375 0.5846217109375 0.7890350875000001 0.5787554828125 0.7798428359375 0.564117325 0.775402046875 0.5703399124999999 0.7845577484375 0.5846217109375
0 0.7751827484375 0.5990953953125 0.7797331875 0.5930921046875001 0.770778509375 0.5776315796875 0.7662481718749999 0.5836595390625 0.7751827484375 0.5990953953125
0 0.7733735375 0.6291118421874999 0.769883040625 0.6235197375 0.7608369890625 0.6359375 0.764473684375 0.6416392546874999 0.7733735375 0.6291118421874999
1 0.7643457609375 0.6138980265625 0.7596308484375001 0.606606359375 0.748830409375 0.622341009375 0.7537097953125 0.6296326750000001 0.7643457609375 0.6138980265625
0 0.81836805625 0.629586075 0.8145029234375001 0.635438596875 0.8242050437499999 0.6498766453125 0.8281432750000001 0.64443530625 0.81836805625 0.629586075
0 0.8087902046875 0.6170230265625001 0.8050073093749999 0.62266995625 0.8138888890624999 0.6354440796875 0.817616959375 0.6296875 0.8087902046875 0.6170230265625001
0 0.79775219375 0.6010416671875001 0.793841375 0.6076206140625 0.804989034375 0.6219298249999999 0.8088084796875 0.615570175 0.79775219375 0.6010416671875001
0 0.7892726609375 0.6040844296875 0.7859100875 0.609320175 0.7933114031249999 0.6202028515625 0.796820175 0.61485745625 0.7892726609375 0.6040844296875
0 0.7806286546875 0.607757675 0.776937134375 0.6129385968750001 0.785365496875 0.6255482453125001 0.7889254390625 0.6203125 0.7806286546875 0.607757675
0 0.790314328125 0.6216282890625 0.786257309375 0.6275493421875 0.7958150578125001 0.6416940796875 0.7996546046875 0.6358497812499999 0.790314328125 0.6216282890625
0 0.7747624265625 0.6120065796875 0.770614034375 0.6172971484375 0.7795869890625 0.6333333328124999 0.783936403125 0.6279331140625 0.7747624265625 0.6120065796875
0 0.7846673984375 0.6286732453125 0.780793128125 0.6334978062500001 0.789373171875 0.6484895828125 0.7930921046875 0.6438322375000001 0.7846673984375 0.6286732453125
0 0.795741959375 0.644106359375 0.7921052625 0.6486019734374999 0.7984466375 0.6598958328125 0.8020285093749999 0.6552905703125 0.795741959375 0.644106359375
0 0.8036732453125 0.656195175 0.8001644734375001 0.6610745609374999 0.80701754375 0.6720668859375001 0.810508040625 0.6669407890625 0.8036732453125 0.656195175
0 0.6397898390625001 1 0.6344170328125001 0.9929605265625 0.631231725 0.998108553125 0.6328399124999999 1 0.6397898390625001 1
0 0.6448008046875 1 0.6475694437499999 0.9955043859374999 0.639418859375 0.984375 0.6360928359375 0.9900493421875 0.64354349375 1 0.6448008046875 1
1 0.6809576015625 1 0.6762975140624999 0.9909539468749999 0.6662280703125 1 0.6809576015625 1
0 0.8498720765625001 0.8583881578125 0.8560672515625001 0.859841009375 0.8584612578125 0.8401041671874999 0.85241228125 0.8384868421875 0.8498720765625001 0.8583881578125
0 0.848448465625 0.8787390343749999 0.8540021937500001 0.8800712718750001 0.8558662281249999 0.86170504375 0.8502923984375 0.8602521937500001 0.848448465625 0.8787390343749999
0 0.8470029234374999 0.9010416671874999 0.852010234375 0.9016995609375 0.8533260234375 0.88204495625 0.8483004390625 0.88125 0.8470029234374999 0.9010416671874999
0 0.8505847953125001 0.9242324562500001 0.8557565796875 0.9233004390625 0.8547331874999999 0.90550986875 0.8494152046875 0.9063596484374999 0.8505847953125001 0.9242324562500001
0 0.9108004390625 0.4216831140625 0.9144371343750001 0.418421053125 0.9091739765625 0.40540021875 0.90542763125 0.40890899062499997 0.9108004390625 0.4216831140625
0 0.9061184203125 0.48992872812500005 0.9084247078125 0.4967927625 0.9194078953125 0.4884594296875 0.9172331874999999 0.4817434203125 0.9061184203125 0.48992872812500005
0 0.887408625 0.5407072375 0.8911915203125 0.5349780703125 0.881304825 0.51957236875 0.8770833328125001 0.525356359375 0.887408625 0.5407072375
0 0.91946271875 0.5701480265625001 0.9149305562500001 0.5757675437499999 0.9241684937500001 0.5935087718750001 0.9287646203125 0.5880756578125 0.91946271875 0.5701480265625001
0 0.9259502921875 0.5632401312499999 0.9210343562500001 0.5685855265625 0.9302083328125 0.587116228125 0.9349049703125001 0.5815241234374999 0.9259502921875 0.5632401312499999
0 0.8363304093749999 0.762033990625 0.8400950296874999 0.7548245609374999 0.8295321640625 0.7423793859375001 0.8258040937500001 0.7496162281250001 0.8363304093749999 0.762033990625
0 0.9390533624999999 0.5077302625 0.94289108125 0.51321271875 0.9514619890624999 0.5 0.9476059937500001 0.49451754374999995 0.9390533624999999 0.5077302625
0 0.8943713453125 0.2734375 0.890277778125 0.27979714843750003 0.8994700296874999 0.2924067984375 0.9036184203125 0.2864857453125 0.8943713453125 0.2734375
0 0.8202119890624999 0.2869517546875 0.8199378656249999 0.2790844296875 0.8071271937500001 0.2802604171875 0.807437865625 0.2880208328125 0.8202119890624999 0.2869517546875
0 0.765186403125 0.1359649125 0.7598866953125001 0.1376096484375 0.7622624265625 0.1546875 0.7674524859375 0.15331688593749998 0.765186403125 0.1359649125
0 0.764528509375 0.176151315625 0.7693530703125 0.17568530625 0.768658625 0.1587445171875 0.763742690625 0.1593475875 0.764528509375 0.176151315625
0 0.781231725 0.1821546046875 0.77573099375 0.1827028515625 0.776783625 0.20027686406249998 0.7821454671875 0.19956140312499998 0.781231725 0.1821546046875
0 0.7911915203125 0.173848684375 0.7909173984375 0.1681743421875 0.7810855265625001 0.1689967109375 0.78128655 0.1747258765625 0.7911915203125 0.173848684375
0 0.8025402046875 0.170614034375 0.8021016078125 0.165323465625 0.792543859375 0.16699561406250002 0.79292763125 0.1724780703125 0.8025402046875 0.170614034375
0 0.4654788015625 0.14257127187500002 0.462956871875 0.1486842109375 0.4720760234375 0.1557565796875 0.4744152046875 0.1494517546875 0.4654788015625 0.14257127187500002
0 0.6542397656250001 0.097286184375 0.65383771875 0.10394736874999999 0.6648026312499999 0.1052905703125 0.665296053125 0.098876096875 0.6542397656250001 0.097286184375
0 0.27881944375 0.42760416718750005 0.282456140625 0.42330043906250003 0.27724780625 0.41233552656250005 0.2736659359375 0.41636513124999996 0.27881944375 0.42760416718750005
0 0.287847221875 0.43407346562500004 0.283954678125 0.43856907968750003 0.2899488296875 0.45134320156249996 0.293841375 0.44690241249999996 0.287847221875 0.43407346562500004
0 0.29298245624999997 0.40989583281249997 0.29285453281249996 0.416831140625 0.302010234375 0.4170230265625 0.30215643281250004 0.41008771875 0.29298245624999997 0.40989583281249997
0 0.307364765625 0.424616228125 0.3067434203125 0.417516446875 0.29605263125 0.41973684218749996 0.2966374265625 0.4266721484375 0.307364765625 0.424616228125
0 0.3166118421875 0.405838815625 0.312883771875 0.409786184375 0.318421053125 0.4220394734375 0.32216739843750003 0.41800986875 0.3166118421875 0.405838815625
0 0.3310855265625 0.4172149125 0.3283442984375 0.41121162343749995 0.3208881578125 0.41957236875000004 0.3234283625 0.425383771875 0.3310855265625 0.4172149125
0 0.30919225156249996 0.476973684375 0.3057383046875 0.4810307015625 0.3108187140625 0.49103618437499996 0.3142543859375 0.48684210468750005 0.30919225156249996 0.476973684375
0 0.3024671046875 0.46365131562500006 0.2981907890625 0.46770833281249996 0.30389619843750004 0.48120888125 0.3080592109375 0.47733004375 0.3024671046875 0.46365131562500006
0 0.3103252921875 0.46661184218749996 0.3063596484375 0.47083333281249995 0.3127375734375 0.483908990625 0.31652046718750004 0.4799342109375 0.3103252921875 0.46661184218749996
0 0.3181286546875 0.46324013124999996 0.31421783593749997 0.46710526249999995 0.319846490625 0.480016446875 0.3236293859375 0.476178728125 0.3181286546875 0.46324013124999996
0 0.3244700296875 0.476507675 0.32090643281250003 0.4802905703125 0.326169590625 0.4912006578125 0.32967836250000004 0.4872807015625 0.3244700296875 0.476507675
0 0.35895467812500004 0.5201480265625 0.36176900624999997 0.5146655703125 0.352686403125 0.5052905703125 0.35003655 0.5105263156250001 0.35895467812500004 0.5201480265625
0 0.3536549703125 0.5248903515625 0.3564327484375 0.519956140625 0.348739034375 0.5108004390625001 0.3459064328125 0.5158168859375001 0.3536549703125 0.5248903515625
0 0.3403326015625 0.5284155703125 0.3443713453125 0.5248629390625 0.3392909359375 0.5121189687500001 0.33525219375000004 0.5159539468750001 0.3403326015625 0.5284155703125
0 0.29671052656249997 0.5185855265625 0.3014254390625 0.512828946875 0.2935124265625 0.49714912343749995 0.2887792390625 0.5030153515625 0.29671052656249997 0.5185855265625
0 0.2911184203125 0.513651315625 0.2868238296875 0.5181195171875 0.293347953125 0.532456140625 0.29762426875000003 0.5282620609374999 0.2911184203125 0.513651315625
0 0.23843201718749998 0.5083333328124999 0.241758040625 0.5141995609375 0.24919590625 0.50400219375 0.24579678437500002 0.49857456093749997 0.23843201718749998 0.5083333328124999
0 0.2434576015625 0.521929825 0.2474597953125 0.527796053125 0.2561769 0.513651315625 0.252046784375 0.5080592109375 0.2434576015625 0.521929825
0 0.248757309375 0.53040021875 0.251991959375 0.535608553125 0.25842470781250004 0.52582236875 0.255043859375 0.5208059203125 0.248757309375 0.53040021875
0 0.2595394734375 0.5169407890625 0.261330409375 0.5236293859375001 0.27077850937500003 0.516858553125 0.268804825 0.510581140625 0.2595394734375 0.5169407890625
0 0.260562865625 0.5301809203125 0.264437134375 0.5351425437499999 0.2705592109375 0.524533990625 0.2669407890625 0.5196546046875 0.260562865625 0.5301809203125
1 0.29766081875 0.649671053125 0.3002010234375 0.6458607453125 0.29554093593749997 0.6396107453125001 0.29300073125 0.64375 0.29766081875 0.649671053125
1 0.318421053125 0.6279879390625001 0.32116228125 0.6249177625 0.31736111093749997 0.617626096875 0.31451023437500003 0.6207510968750001 0.318421053125 0.6279879390625001
1 0.3002119890625 0.646038925 0.29764254375 0.6499177625 0.301929825 0.65634594375 0.3045504390625 0.6525493421874999 0.3002119890625 0.646038925
1 0.3030153515625 0.6561403515625 0.3021016078125 0.6610197375 0.308241959375 0.663651315625 0.3091739765625 0.6587171046875 0.3030153515625 0.6561403515625
1 0.28472222187499996 0.5922697375 0.2814875734375 0.595010965625 0.2845942984375 0.603536184375 0.287938596875 0.6009594296875 0.28472222187499996 0.5922697375
0 0.3778691515625 0.6935581140625 0.37412280625 0.6978344296875 0.3798976609375 0.7096217109375 0.38362573125 0.7053453953125 0.3778691515625 0.6935581140625
0 0.3829312859375 0.693366228125 0.38660453281249996 0.6890899125 0.3797149125 0.6754934203125 0.3759685671875 0.6798245609375 0.3829312859375 0.693366228125
0 0.44493786562500004 0.74616228125 0.441721490625 0.740186403125 0.432419590625 0.7515899125 0.435581140625 0.7576206140624999 0.44493786562500004 0.74616228125
0 0.463669590625 0.7999451750000001 0.46677631562500005 0.8060032890625 0.4762975140625 0.794956140625 0.47322733906250003 0.7890899124999999 0.463669590625 0.7999451750000001
0 0.59298245625 0.7547697375 0.5957602343749999 0.7608278515625 0.60712719375 0.7497807015625 0.6044042390625 0.7435855265625 0.59298245625 0.7547697375
0 0.5428362578125 0.7818256578125 0.5463815796875 0.7783991234375 0.54135599375 0.7671875 0.5377375734375 0.7704495609374999 0.5428362578125 0.7818256578125
1 0.49895833281249996 0.8182291671874999 0.5020102343749999 0.8166118421874999 0.49977156406249995 0.8072258765625 0.49671052656250003 0.8088815796875 0.49895833281249996 0.8182291671874999
1 0.5025274125 0.8124533984375001 0.5055793125 0.8103974781250001 0.5030573828125 0.801351425 0.49991410781249995 0.803407346875 0.5025274125 0.8124533984375001
1 0.507525584375 0.807672696875 0.5105774859375 0.8056167765625 0.50805555625 0.7965707234375 0.50491228125 0.7986266453125 0.507525584375 0.807672696875
1 0.511239034375 0.8057017546875 0.5142909359375001 0.8036458328125 0.51176900625 0.79459978125 0.50862573125 0.7966557015625 0.511239034375 0.8057017546875
1 0.5208698828125 0.8001370609375 0.523885234375 0.798135965625 0.5209703953125 0.7889994515625001 0.5180244890625 0.791091009375 0.5208698828125 0.8001370609375
0 0.5458698828124999 0.7662554828125 0.548793859375 0.7732182015625 0.559685671875 0.7629934203125 0.556633771875 0.7560581140625 0.5458698828124999 0.7662554828125
1 0.5324378656250001 0.7885416671875001 0.5310124265625 0.784018640625 0.524689328125 0.7885142546874999 0.526133040625 0.7931743421874999 0.5324378656250001 0.7885416671875001
1 0.337828946875 1 0.328033625 0.9827028515625 0.323757309375 0.9883771937500001 0.33024488281250003 1 0.337828946875 1
1 0.3377375734375 0.9993695171875 0.342507309375 0.993695175 0.332346490625 0.97582236875 0.32777777812500003 0.9818256578125 0.3377375734375 0.9993695171875
1 0.33527046718750003 0.8084100875000001 0.3296966375 0.8168585531250001 0.34928728124999997 0.844161184375 0.3545869890625 0.8358004390625 0.33527046718750003 0.8084100875000001
1 0.4220394734375 0.7958333328125 0.41639254374999995 0.8021929828125 0.43089912343750003 0.8320504390625001 0.43647660781250003 0.8252741234375 0.4220394734375 0.7958333328125
1 0.4310672515625 0.7932017546875 0.42479897656250004 0.8000822375000001 0.43908991249999996 0.83037280625 0.4452668125 0.8237390343750001 0.4310672515625 0.7932017546875
1 0.507492690625 0.91488486875 0.5126096484375 0.90866228125 0.50080409375 0.8863486843749999 0.49568713437499995 0.892516446875 0.507492690625 0.91488486875
0 0.5408442984375 0.852001096875 0.53753655 0.847231359375 0.5305555562500001 0.8583881578125 0.534027778125 0.8631030703125001 0.5408442984375 0.852001096875
0 0.5459247078125 0.9375274125 0.5492324562500001 0.9425986843749999 0.5567434203125 0.9322916671874999 0.553563596875 0.9271929828125 0.5459247078125 0.9375274125
0 0.5267361109375 0.9678179828125 0.53042763125 0.9637335531250001 0.5234283625 0.9506578953125 0.5197551171875 0.9548519734375001 0.5267361109375 0.9678179828125
0 0.42105263125 1 0.4299342109375 0.9895833328125001 0.42640716406249995 0.9834978062499999 0.416794590625 0.9947642546875001 0.4197295328125 1 0.42105263125 1
0 0.43675073124999997 1 0.43411915156249997 0.99451754375 0.42887426875 1 0.43675073124999997 1
0 0.448793859375 0.9883223687499999 0.4525036546875 0.9946546046875 0.46270102343749997 0.9811403515625001 0.4589327484375 0.974945175 0.448793859375 0.9883223687499999
0 0.46398026249999996 1 0.4709795328125 0.99133771875 0.4678545328125 0.9860197375 0.45988669531250004 0.9960526312500001 0.46220760156249996 1 0.46398026249999996 1
0 0.0162828953125 0.8109649125 0.012079678125 0.813623903125 0.015570175 0.828070175 0.019883040625 0.8253837718750001 0.0162828953125 0.8109649125
0 0.0205043859375 0.8041392546875 0.016739765625 0.8060032890625 0.0190204671875 0.8172807015625001 0.02271564375 0.8154057015625 0.0205043859375 0.8041392546875
0 0.0278874265625 0.802001096875 0.0225146203125 0.801918859375 0.022733918750000002 0.8185855265624999 0.0279970765625 0.8185307015625 0.0278874265625 0.802001096875
0 0.09086257343750001 0.7697368421874999 0.086366959375 0.7670230265625 0.0822002921875 0.7814967109375 0.0868421046875 0.7846217109375 0.09086257343750001 0.7697368421874999
0 0.0774671046875 0.726973684375 0.0739948828125 0.7231633765625001 0.06906067187500001 0.733278509375 0.07256944374999999 0.737061403125 0.0774671046875 0.726973684375
0 0.10021929843749999 0.4801809203125 0.09537646250000001 0.47985197343749997 0.094846490625 0.4963815796875 0.0998720765625 0.4966282890625 0.10021929843749999 0.4801809203125
0 0.07772295312500001 0.5525493421875 0.0802631578125 0.5482182015625 0.0747807015625 0.5412828953125 0.07219115468750001 0.54579495625 0.07772295312500001 0.5525493421875
0 0.09526681249999999 0.5278782890625 0.09775219375000001 0.5237664468750001 0.0923611109375 0.516858553125 0.08993055625 0.52118969375 0.09526681249999999 0.5278782890625
0 0.106670321875 0.51332236875 0.10953947343749999 0.509429825 0.10444078906250001 0.5009594296875 0.1015350875 0.505153509375 0.106670321875 0.51332236875
0 0.0662280703125 0.5490953953125 0.062956871875 0.5423519734375 0.0521198828125 0.5533717109375 0.05540935625 0.5603892546875 0.0662280703125 0.5490953953125
0 0.052796053125 0.54457236875 0.0553545328125 0.5501644734375 0.06319444375 0.54136513125 0.060270467187499996 0.5353892546875 0.052796053125 0.54457236875
0 0.0505847953125 0.53821271875 0.053453946875000005 0.5436677624999999 0.060508040625 0.5343475875 0.0577302625 0.5287828953125 0.0505847953125 0.53821271875
0 0.048866959375000005 0.5329221484375 0.05120614062499999 0.5373081140625 0.0577850875 0.5286732453125 0.05553728125 0.52428728125 0.048866959375000005 0.5329221484375
0 0.056761695312500006 0.52264254375 0.054385965625 0.5177357453125 0.0470211984375 0.5270559203125 0.0494883046875 0.5318530703125 0.056761695312500006 0.52264254375
0 0.0435672515625 0.5132675437499999 0.045888157812500004 0.518311403125 0.0524853796875 0.5106907890625 0.0500731 0.50553728125 0.0435672515625 0.5132675437499999
0 0.0399671046875 0.5079221484375 0.042671784375 0.5134594296875 0.0506578953125 0.5037828953125 0.0478983921875 0.49821820156249996 0.0399671046875 0.5079221484375
0 0.0479166671875 0.498081140625 0.0452850875 0.49284539531249993 0.037408625 0.50224780625 0.040058479687499995 0.5075932015625 0.0479166671875 0.498081140625
0 0.034831871874999996 0.487966009375 0.0377375734375 0.49336622812500003 0.0442434203125 0.48506030625 0.0412463453125 0.47974232499999997 0.034831871874999996 0.487966009375
0 0.0421418125 0.4717653515625 0.039382309375 0.4666940796875 0.0328947375 0.47434210468750004 0.035562865625 0.4795504390625 0.0421418125 0.4717653515625
0 0.03368969375 0.444813596875 0.031834795312500004 0.4501370609375 0.038633040625 0.45512609687500005 0.0404440796875 0.45001096562500004 0.03368969375 0.444813596875
0 0.039491959375 0.434018640625 0.037920321875 0.4400219296875 0.0452119890625 0.44451754374999997 0.046929824999999994 0.43832236875 0.039491959375 0.434018640625
0 0.08802997031250001 0.35742872812500004 0.0877923984375 0.3638157890625 0.09738669531250001 0.3640625 0.0975511703125 0.35783991249999997 0.08802997031250001 0.35742872812500004
0 0.10338084843749999 0.340323465625 0.10290570156250001 0.34595394687500003 0.11103801093750001 0.3470120609375 0.11133040937500001 0.3412116234375 0.10338084843749999 0.340323465625
0 0.1540387421875 0.32820723749999997 0.157419590625 0.32387609687499996 0.1513340640625 0.31217105312500004 0.1479349421875 0.31625548281250004 0.1540387421875 0.32820723749999997
0 0.1315058484375 0.23621162343750002 0.1346308484375 0.242489034375 0.14301900625 0.231551534375 0.1396747078125 0.22541118437500002 0.1315058484375 0.23621162343750002
0 0.1263340640625 0.2198190796875 0.12949561406250001 0.224561403125 0.13508771875 0.215625 0.1319261703125 0.2107456140625 0.1263340640625 0.2198190796875
0 0.11302997031249999 0.25386513125 0.116008771875 0.2587719296875 0.1228618421875 0.2486293859375 0.11977339218750001 0.244051534375 0.11302997031249999 0.25386513125
0 0.12048611093749999 0.24210526250000003 0.1178362578125 0.23717105312500003 0.1103618421875 0.24638157968750002 0.1130847953125 0.25145285156249997 0.12048611093749999 0.24210526250000003
1 0.1905519 0.033196271875 0.188687865625 0.0368695171875 0.192580409375 0.0404879390625 0.1944261703125 0.03681469375 0.1905519 0.033196271875
1 0.16070906406250002 0.053865131249999997 0.158296784375 0.056304825 0.16085526249999998 0.0618695171875 0.16337719374999998 0.0593475875 0.16070906406250002 0.053865131249999997
1 0.1943347953125 0.0444078953125 0.1912280703125 0.0453947375 0.1919042390625 0.0524671046875 0.19513888906250001 0.0513980265625 0.1943347953125 0.0444078953125
0 0.171856725 0.054084429687500005 0.168768275 0.0565241234375 0.1712171046875 0.06439144687500001 0.1743238296875 0.062061403125000004 0.171856725 0.054084429687500005
1 0.1752923984375 0.074643640625 0.1740679828125 0.0696820171875 0.16871345 0.07269736875 0.169901315625 0.077713815625 0.1752923984375 0.074643640625
1 0.16629385937500002 0.0824780703125 0.167920321875 0.078338815625 0.16324926875 0.074533990625 0.16162280625 0.0786732453125 0.16629385937500002 0.0824780703125
1 0.17313962031250002 0.0827768640625 0.1709247078125 0.0790296046875 0.1665168125 0.08425712656249999 0.16864400625 0.088040021875 0.17313962031250002 0.0827768640625
1 0.1635599421875 0.0868695171875 0.165186403125 0.0827302625 0.1603618421875 0.0786732453125 0.1587171046875 0.08289473750000001 0.1635599421875 0.0868695171875
1 0.146875 0.08845942968750001 0.14610745625 0.093421053125 0.1521564328125 0.0954769734375 0.1528874265625 0.0904879390625 0.146875 0.08845942968750001
1 0.156652046875 0.0884320171875 0.15383771875000002 0.09317434218750001 0.1583333328125 0.0986842109375 0.1611111109375 0.09413377187500001 0.156652046875 0.0884320171875
1 0.1627704671875 0.0992817984375 0.1652741234375 0.103393640625 0.169239765625 0.0980482453125 0.166758040625 0.0940241234375 0.1627704671875 0.0992817984375
1 0.1554769734375 0.110625 0.157980628125 0.1147368421875 0.161946271875 0.10939144687499999 0.159429825 0.10542763125000001 0.1554769734375 0.110625
1 0.1504934203125 0.11855811406250001 0.1529970765625 0.12266995624999999 0.15696271875 0.11732456093750002 0.1544407890625 0.1134320171875 0.1504934203125 0.11855811406250001
1 0.1578033625 0.1341557015625 0.1553362578125 0.1291118421875 0.1513340640625 0.133991228125 0.1537097953125 0.1389802625 0.1578033625 0.1341557015625
1 0.185526315625 0.097203946875 0.18357090625 0.0924067984375 0.178453946875 0.09668311406249999 0.18044590625 0.1015899125 0.185526315625 0.097203946875
0 0.24378655 0.051918859375 0.24093567187499998 0.045367325 0.23263888906250002 0.0545504390625 0.235508040625 0.0606633765625 0.24378655 0.051918859375
1 0.2072441515625 0.1224342109375 0.2005847953125 0.12741228124999998 0.20758406406250002 0.1477796046875 0.21407163749999997 0.1423793859375 0.2072441515625 0.1224342109375
0 0.2172514625 0.115268640625 0.212518275 0.11181469375 0.20858918124999998 0.123135965625 0.21328581875000002 0.1266447375 0.2172514625 0.115268640625
0 0.2146381578125 0.1321820171875 0.219206871875 0.13421052656250002 0.22203947343750002 0.1213541671875 0.217489034375 0.1193530703125 0.2146381578125 0.1321820171875
0 0.2016264625 0.187883771875 0.2025036546875 0.18226425468750002 0.1963450296875 0.18020833281249998 0.19537646250000001 0.185526315625 0.2016264625 0.187883771875
0 0.103338815625 0.0248629390625 0.1005573828125 0.029202303125000002 0.10574013125 0.037387609375000005 0.1084429828125 0.0333333328125 0.103338815625 0.0248629390625
0 0.0585032890625 0 0.0587171046875 0.0064692984375 0.06209795312500001 0.0064144734375 0.0619334796875 0 0.0585032890625 0
0 0.061988304687499995 0 0.0640716375 0.0123903515625 0.0682383046875 0.0103070171875 0.0660489765625 0 0.061988304687499995 0
0 0.0311038015625 0.0014528515625 0.0286549703125 0.00553728125 0.03299159375 0.011546053125 0.0356048984375 0.0073245609375 0.0311038015625 0.0014528515625
0 0.0427997078125 0.0171875 0.0403326015625 0.0213815796875 0.045741959375 0.029166667187500002 0.0483552625 0.024945175 0.0427997078125 0.0171875
0 0.055489765625 0.0339254390625 0.0526315796875 0.038596490625 0.05855263125 0.046463815625 0.061279239062500004 0.041820175 0.055489765625 0.0339254390625
1 0.057635234375 0.025523575 0.05586805625 0.028177082812499997 0.059594298437500005 0.033338815625000004 0.06133040937499999 0.03092379375 0.057635234375 0.025523575
0 0.068695175 0.0515350875 0.06611842031250001 0.055345395312500004 0.0702302625 0.061787281250000006 0.07293494218749999 0.057757674999999994 0.068695175 0.0515350875
0 0.07968019062500001 0.06904057031250001 0.0765862578125 0.0731606359375 0.082143640625 0.08282620625 0.0852704671875 0.07884594375000001 0.07968019062500001 0.06904057031250001
0 0.0931834796875 0.08645833281250001 0.095668859375 0.082867325 0.09053362499999999 0.075356359375 0.0880116953125 0.07913925468750001 0.0931834796875 0.08645833281250001
1 0.0971673984375 0.097286184375 0.0959283625 0.0986129390625 0.0976918859375 0.1023629390625 0.09900767499999999 0.10102247812500001 0.0971673984375 0.097286184375
1 0.08924159375 0.084717653125 0.08649488281249999 0.08802357499999999 0.089524853125 0.09381030625 0.09236659375 0.0905427625 0.08924159375 0.084717653125
1 0.0929696640625 0.09134594375 0.090222953125 0.0946546046875 0.0932529234375 0.10044133749999999 0.096096490625 0.09717379375 0.0929696640625 0.09134594375
1 0.11171418125000002 0.1208333328125 0.11546052656250001 0.11578947343749998 0.105921053125 0.09928728125 0.10228435625000001 0.10455043906249999 0.11171418125000002 0.1208333328125
0 0.11081871406249999 0.12310855312499999 0.10760233906250001 0.12702850937500001 0.11233552656250001 0.13667763125000001 0.115606725 0.1327028515625 0.11081871406249999 0.12310855312499999
0 0 0.02745888125 0.002180190625 0.0312691890625 0.00493969375 0.02743146875 0 0.0191694078125 0 0.02745888125
0 0.0328709796875 0.057028509375 0.035630482812499996 0.0531907890625 0.030385600000000002 0.044418859375 0.027668128125000004 0.0481907890625 0.0328709796875 0.057028509375
0 0.0290387421875 0.0625630484375 0.0319261703125 0.05868969375000001 0.026772660937499998 0.0498081140625 0.023940057812500002 0.053654056250000005 0.0290387421875 0.0625630484375
0 0.0264802625 0.06787280625 0.029239765625000004 0.0640350875 0.0239948828125 0.0552631578125 0.0213815796875 0.058963815625000006 0.0264802625 0.06787280625
0 0.05255847968750001 0.080126096875 0.05546418125 0.07680921093750001 0.0510599421875 0.067543859375 0.0481487578125 0.0708634875 0.05255847968750001 0.080126096875
0 0.0209429828125 0.2188596484375 0.0191191515625 0.21599780625 0.015012792187499999 0.222272478125 0.016885965625 0.224945175 0.0209429828125 0.2188596484375
0 0.008150584375 0.21151315781250002 0.005087718749999999 0.215457784375 0.010330775 0.225498903125 0.013393640625 0.22123629375 0.008150584375 0.21151315781250002
0 0 0.21970120624999998 0.0034173984375 0.22724780625 0.0059758765625 0.224698465625 0.0014619890624999999 0.2141447375 0 0.215570175 0 0.21970120624999998
0 0.008132309375 0.248793859375 0.010599415625 0.245367325 0.005793128125 0.2372258765625 0.0033808484375000003 0.2405427625 0.008132309375 0.248793859375
0 0.016319443750000003 0.2393366234375 0.019133771875 0.2365131578125 0.01558845 0.2263706140625 0.012774123437500002 0.22946820156249997 0.016319443750000003 0.2393366234375
0 0.0182565796875 0.2377192984375 0.0154970765625 0.2404331140625 0.017580409375 0.2484375 0.0204495609375 0.24599780624999998 0.0182565796875 0.2377192984375
1 0.10705409375 0.167543859375 0.1048245609375 0.164007675 0.10131578906250001 0.16951754375 0.10358187187500001 0.1728618421875 0.10705409375 0.167543859375
1 0.0154788015625 0.26173245624999997 0.019846490624999998 0.255948465625 0.013614765625 0.24347587656249997 0.009247076562500001 0.2495065796875 0.0154788015625 0.26173245624999997
0 0.021509503125000003 0.248081140625 0.018421053125 0.2506578953125 0.021491228125 0.26206140312500004 0.024835526562499998 0.2594846484375 0.021509503125000003 0.248081140625
0 0.0451388890625 0.21724232500000001 0.0421783625 0.2205592109375 0.046271929687500005 0.2297697375 0.04925073125 0.22648026250000003 0.0451388890625 0.21724232500000001
1 0.054989034375 0.2560855265625 0.056620979687499996 0.2586156796875 0.0600328953125 0.2541392546875 0.0584429828125 0.2514802625 0.054989034375 0.2560855265625
0 0.053625731249999996 0.2890268640625 0.052839912499999996 0.2843667765625 0.04585891875 0.2878207234375 0.0466191515625 0.292543859375 0.053625731249999996 0.2890268640625
0 0.0547880109375 0.283278509375 0.054002193750000003 0.2786184203125 0.0470211984375 0.28207236875 0.04762426875 0.2869791671875 0.0547880109375 0.283278509375
0 0.0666301171875 0.225301534375 0.0693512421875 0.2296491234375 0.07540204687499999 0.22044956093749998 0.0725146203125 0.216036184375 0.0666301171875 0.225301534375
0 0.07269736875 0.25128837656249997 0.0704678359375 0.24695723749999998 0.06335891875 0.2553453953125 0.0654605265625 0.259703946875 0.07269736875 0.25128837656249997
0 0.13261513125 0.1631195171875 0.12910635937499998 0.16739583281249998 0.1339674703125 0.1772916671875 0.1374579671875 0.1732894734375 0.13261513125 0.1631195171875
0 0.1451023390625 0.1924616234375 0.1415935671875 0.19673793906249998 0.146454678125 0.20663377187499998 0.14994517499999999 0.2026315796875 0.1451023390625 0.1924616234375
0 0.15756030625 0.2191008765625 0.1535416671875 0.2237417765625 0.15869517500000002 0.23459703906249998 0.16267909375 0.2300466015625 0.15756030625 0.2191008765625
0 0.17224963437500002 0.2510197375 0.1682291671875 0.2556633765625 0.17338267499999999 0.266518640625 0.17736659375 0.2619682015625 0.17224963437500002 0.2510197375
0 0.181268275 0.2715899125 0.17724780625 0.27623355312500003 0.182401315625 0.287088815625 0.18638523437500001 0.28253837656249997 0.181268275 0.2715899125
0 0.1885416671875 0.2884046046875 0.18477704687500002 0.29303728125 0.19080774843749998 0.3056743421875 0.1946454671875 0.3009594296875 0.1885416671875 0.2884046046875
0 0.22580409375000002 0.26337719375 0.22295321562499998 0.2587993421875 0.21586439999999998 0.26803179843749997 0.21837536562499998 0.2728618421875 0.22580409375000002 0.26337719375
1 0.2019499265625 0.31073190781250004 0.2001041671875 0.31256853125 0.2027357453125 0.3184621703125 0.20456323125 0.316844846875 0.2019499265625 0.31073190781250004
1 0.20829678437500002 0.32099780624999996 0.20645102343750002 0.3228344296875 0.20908260156249997 0.3287280703125 0.2109100875 0.3271107453125 0.20829678437500002 0.32099780624999996
0 0.20466008750000003 0.325411184375 0.200054825 0.33040021875000003 0.20621345 0.343311403125 0.210526315625 0.3384594296875 0.20466008750000003 0.325411184375
0 0.2400767546875 0.2282072375 0.235562865625 0.22738486875000002 0.2338633046875 0.2431469296875 0.23832236875 0.244051534375 0.2400767546875 0.2282072375
0 0.2243238296875 0.29920504375 0.22808845 0.295778509375 0.22320906406250002 0.28270285156249997 0.2193183484375 0.285992325 0.2243238296875 0.29920504375
0 0.319060671875 0.34588815781250004 0.31642909375 0.3407346484375 0.3083077484375 0.3497341015625 0.31069078906250003 0.3547149125 0.319060671875 0.34588815781250004
0 0.3100328953125 0.356551534375 0.30694444375 0.35076754375 0.298099415625 0.3610745609375 0.30113486875 0.36710252187500003 0.3100328953125 0.356551534375
0 0.21834795312500002 0.3562225875 0.21456505781250002 0.36082785156249997 0.21964546718750003 0.3713541671875 0.2236842109375 0.36699561406250003 0.21834795312500002 0.3562225875
0 0.229385965625 0.37883771875 0.22547514687499998 0.38349780624999996 0.23031798281250002 0.3935581140625 0.2343019 0.389391446875 0.229385965625 0.37883771875
0 0.28227339218749997 0.41965460468750004 0.285581140625 0.4146381578125 0.2785215640625 0.40474506562499996 0.275402046875 0.409758771875 0.28227339218749997 0.41965460468750004
0 0.290625 0.4141447375 0.28675073125 0.4171600875 0.2908077484375 0.42853618437499996 0.29455409375 0.42579495625 0.290625 0.4141447375
0 0.28832236875 0.43355263125 0.29141081875 0.4296052625 0.28525219375 0.4172149125 0.2818713453125 0.42157346562500003 0.28832236875 0.43355263125
0 0.282328215625 0.42362938593750005 0.27883771875 0.42774122812500004 0.2841081875 0.4375767546875 0.2876644734375 0.43363486875 0.282328215625 0.42362938593750005
0 0.291885965625 0.37743969375 0.29133771875000003 0.3702028515625 0.2806834796875 0.372313596875 0.28128655 0.379221490625 0.291885965625 0.37743969375
0 0.28238304062499997 0.3807565796875 0.2827485375 0.3874725875 0.2916666671875 0.38634868437500003 0.29135599375 0.37960526250000004 0.28238304062499997 0.3807565796875
0 0.2823099421875 0.3966831140625 0.28128655 0.3897203953125 0.27282529218749996 0.39306469375 0.273757309375 0.39972587656249997 0.2823099421875 0.3966831140625
0 0.28516081875 0.3887883765625 0.28552631562499997 0.395751096875 0.295760234375 0.39446271875 0.29544956093749997 0.3872532890625 0.28516081875 0.3887883765625
0 0.287097953125 0.396875 0.2875731 0.403125 0.29758771875 0.401260965625 0.297185671875 0.3947916671875 0.287097953125 0.396875
0 0.28945540937500003 0.403453946875 0.2901133046875 0.4103344296875 0.29915935625 0.40855263124999996 0.2985380109375 0.40128837656250005 0.28945540937500003 0.403453946875
1 0.3302558484375 1 0.3240314328125 0.9888432015624999 0.3180738296875 0.9954221484374999 0.3205592109375 1 0.3302558484375 1
0 0.1673611109375 0.9186129390625 0.165186403125 0.9138432015625 0.15838815781249999 0.9205866234375 0.160526315625 0.9255482453124999 0.1673611109375 0.9186129390625
0 0.1657711984375 0.91324013125 0.1632529234375 0.90754111875 0.1546783625 0.9162280703125001 0.1571820171875 0.9217653515625001 0.1657711984375 0.91324013125
0 0.16330409375 0.9072916671875 0.16074561406250001 0.90227521875 0.1544590640625 0.9092379390625001 0.1569261703125 0.9140350875 0.16330409375 0.9072916671875
0 0.1614583328125 0.9014802625 0.1591922515625 0.8966557015625 0.151734284375 0.9048081140625 0.15398391875 0.9096491234374999 0.1614583328125 0.9014802625
0 0.15924707656249998 0.896518640625 0.1567434203125 0.8915570171875 0.14921418125000002 0.8997532890625 0.15168128593750002 0.9048245609375 0.15924707656249998 0.896518640625
0 0.1569261703125 0.8912828953125 0.154203215625 0.8857456140625001 0.14612573125 0.89459978125 0.1487920328125 0.900153509375 0.1569261703125 0.8912828953125
0 0.29758771875 0.44300986875000004 0.301918859375 0.43892543906250003 0.296436403125 0.42650767500000003 0.2920504390625 0.430893640625 0.29758771875 0.44300986875000004
0 0.2939144734375 0.4467927625 0.29756944375 0.44309210468750004 0.2915570171875 0.43023574531250003 0.2880847953125 0.43432017500000003 0.2939144734375 0.4467927625
1 0.3232456140625 0.4267269734375 0.3265533625 0.4369243421875 0.3436220765625 0.42313596562500005 0.3404057015625 0.41334978125 0.3232456140625 0.4267269734375
0 0.23993055624999998 0.40065789531249996 0.23530701718749997 0.40545504374999997 0.2412463453125 0.41800986875 0.245778509375 0.41321271875 0.23993055624999998 0.40065789531249996
1 0.2118603796875 0.38495065781250004 0.210453215625 0.382757675 0.20703581875000002 0.387445175 0.20853435625 0.3895833328125 0.2118603796875 0.38495065781250004
1 0.2192616953125 0.381578946875 0.217562134375 0.384841009375 0.221418128125 0.38903508750000004 0.223008040625 0.3858004390625 0.2192616953125 0.381578946875
1 0.2252010234375 0.0830317984375 0.22573099375 0.07760416718749999 0.21964546718750003 0.07648026249999999 0.21909722187499997 0.08204495625 0.2252010234375 0.0830317984375