1 0.002607821875 0.3111842109375 0.002607821875 0.3205180921875 0.01959064375 0.3178453953125 0.0193530703125 0.308196271875 0.002607821875 0.3111842109375
1 0 0.33004934218750004 0.007291667187500001 0.32919407968750003 0.0072368421875 0.320010965625 0 0.320679825 0 0.33004934218750004
1 0 0.340485196875 0.008278509375 0.3402055921875 0.0084429828125 0.3309758765625 0 0.331606359375 0 0.340485196875
1 0.0090826015625 0.33026315781250004 0.0092105265625 0.3404057015625 0.025365496874999997 0.3377741234375 0.0251096484375 0.32738486875 0.0090826015625 0.33026315781250004
1 0.0081396203125 0.31953125 0.0083369890625 0.32853070156249997 0.0255774859375 0.325668859375 0.0251809203125 0.3163733546875 0.0081396203125 0.31953125
1 0.0260233921875 0.3127192984375 0.028179825 0.3228070171875 0.0443530703125 0.3111842109375 0.0419773390625 0.3015625 0.0260233921875 0.3127192984375
1 0.04290935625 0.321408990625 0.04612573125 0.3313596484375 0.059831871875 0.31946271875 0.0568896203125 0.3099780703125 0.04290935625 0.321408990625
1 0.046564328125 0.3489857453125 0.0466008765625 0.3607182015625 0.06959064375 0.3568530703125 0.06929824531249999 0.3447642546875 0.046564328125 0.3489857453125
1 0.0236659359375 0.35189144687499996 0.0235197375 0.3634868421875 0.045778509375 0.36066337656249997 0.0455957609375 0.3490405703125 0.0236659359375 0.35189144687499996
1 0.0049524859375 0.3525493421875 0.0048245609375 0.36217105312500003 0.0216739765625 0.36258223749999996 0.021838450000000002 0.352686403125 0.0049524859375 0.3525493421875
1 0 0.36362390312500004 0.0037006578125 0.363495065625 0.003929093749999999 0.3528782890625 0 0.352612390625 0 0.36362390312500004
1 0.0235745609375 0.36151315781250004 0.02256944375 0.3720942984375 0.0451023390625 0.37642543906250003 0.0462536546875 0.3650219296875 0.0235745609375 0.36151315781250004
1 0.019133771875 0.3787280703125 0.019152046875000002 0.36872258750000003 0.00389254375 0.3686677625 0.003581871875 0.3786184203125 0.019133771875 0.3787280703125
1 0 0.39423793906250004 0.01169590625 0.394051534375 0.011732456249999999 0.3844572375 0 0.38426535156249997 0 0.39423793906250004
1 0.03753655 0.38248355312500004 0.0370065796875 0.372998903125 0.0203216375 0.3744243421875 0.0203216375 0.384073465625 0.03753655 0.38248355312500004
1 0.03048245625 0.38358004375 0.0298245609375 0.39290021875000003 0.0447185671875 0.3948190796875 0.0453399125 0.3853344296875 0.03048245625 0.38358004375
1 0.037410453125 0.4307456140625 0.037956871875 0.4251370609375 0.030868056249999998 0.423508771875 0.030338084375 0.4291831140625 0.037410453125 0.4307456140625
1 0.020029239062500002 0.4309758765625 0.0203216375 0.4252741234375 0.013559942187499998 0.42472587656250005 0.013282164062499999 0.4303179828125 0.020029239062500002 0.4309758765625
1 0.012510965625 0.4372669953125 0.0122386703125 0.43176809218749995 0.005793128125 0.4327028515625 0.0061038015624999995 0.4380756578125 0.012510965625 0.4372669953125
1 0.01956323125 0.43620065781250006 0.0192909359375 0.43070175468749994 0.0122185671875 0.43168859687500005 0.0125822375 0.4372971484375 0.01956323125 0.43620065781250006
1 0.0307474421875 0.43055372812500003 0.030475146874999998 0.42505208281250006 0.023402778125000002 0.426038925 0.023766446875 0.43165021875000004 0.0307474421875 0.43055372812500003
1 0.0315405703125 0.4383031796875 0.031268275 0.43280153437499996 0.02419590625 0.4337883765625 0.024559576562499998 0.43939967031249993 0.0315405703125 0.4383031796875
1 0.03860745625 0.4374232453125 0.0383351609375 0.4319216015625 0.0312627921875 0.43290844375 0.0316264625 0.43851973749999995 0.03860745625 0.4374232453125
1 0.0455317984375 0.43611842031250003 0.045257675000000004 0.4306195171875 0.03818530625 0.431606359375 0.0385508046875 0.4372149125 0.0455317984375 0.43611842031250003
1 0.0525274125 0.43420504375 0.0522551171875 0.42870339843750005 0.045182748437499996 0.429690240625 0.04554641875 0.435301534375 0.0525274125 0.43420504375
1 0.0523245609375 0.42825657968749997 0.052052265625000003 0.422757675 0.0449798984375 0.42374451718749995 0.0453435671875 0.4293530703125 0.0523245609375 0.42825657968749997
1 0.0592105265625 0.42700109687500004 0.058938231249999994 0.4214994515625 0.051865862500000005 0.42248629375 0.0522295328125 0.42809758750000004 0.0592105265625 0.42700109687500004
1 0.059539473437500004 0.4333607453125 0.059155701562499996 0.4267817984375 0.05208333281250001 0.427768640625 0.0524853796875 0.4342927625 0.059539473437500004 0.4333607453125
1 0.065314328125 0.45509868437499995 0.0607638890625 0.45487938593750005 0.060453215625 0.46510416718750003 0.0650402046875 0.4654057015625 0.065314328125 0.45509868437499995
0 0.053216375 0.50394736875 0.057328215625 0.5081414468750001 0.06324926875 0.492516446875 0.058936403125 0.48818530625 0.053216375 0.50394736875
0 0.0584795328125 0.5130756578125 0.0532711984375 0.5122807015624999 0.0521747078125 0.5266447375000001 0.05709064375 0.5275219296875 0.0584795328125 0.5130756578125
0 0.06323099374999999 0.515471490625 0.057602339062499994 0.5146929828125 0.056169590625 0.5321820171875 0.06209795312500001 0.533196271875 0.06323099374999999 0.515471490625
0 0.0622807015625 0.533141446875 0.0572551171875 0.5329769734375 0.057165570312500004 0.5497669953125001 0.062262426562499994 0.5499451750000001 0.0622807015625 0.533141446875
0 0.0036732453125 0.5639528515625 0.0043128656250000005 0.5709429828125 0.013285818750000001 0.5680921046875 0.012408625 0.561239034375 0.0036732453125 0.5639528515625
0 0.05546418125 0.5689144734375 0.0509502921875 0.57275219375 0.0563231 0.5877192984375 0.060581140624999995 0.5834703953125 0.05546418125 0.5689144734375
1 0.08048245625 0.635608553125 0.07840095 0.6356058109375 0.078742690625 0.643961075 0.080751096875 0.6440186406249999 0.08048245625 0.635608553125
1 0.027649853125000002 0.7838815796875 0.0346491234375 0.7841008765625 0.0346491234375 0.7584978062500001 0.0276315796875 0.75866228125 0.027649853125000002 0.7838815796875
0 0 0.2606167765625 0.004239765625 0.2615953953125 0.0061038015624999995 0.24544956093749998 0.0013157890625 0.24473684218749997 0 0.25457236875 0 0.2606167765625
0 0.011257309375 0.24685307031249998 0.0057565796875 0.24608004375 0.004152046875 0.2602083328125 0.0095394734375 0.2610471484375 0.011257309375 0.24685307031249998
0 0.0158442984375 0.24608004375 0.011293859375 0.2455866234375 0.0095394734375 0.2610471484375 0.014163010937500001 0.262033990625 0.0158442984375 0.24608004375
0 0.020484284375 0.24624725937499997 0.015935671874999998 0.245614034375 0.014382309375 0.26176535156249997 0.019115496875 0.2623903515625 0.020484284375 0.24624725937499997
1 0.0659173984375 0.2669682015625 0.065149853125 0.26529605312500004 0.061842104687499996 0.26902412343750004 0.0626644734375 0.270668859375 0.0659173984375 0.2669682015625
1 0.06892178437499999 0.2584128296875 0.06892178437499999 0.25632949531250004 0.0647733921875 0.256219846875 0.0647551171875 0.2584128296875 0.06892178437499999 0.2584128296875
1 0.0688961984375 0.2550191890625 0.0688961984375 0.2529358546875 0.06474780625 0.25282620625 0.0647295328125 0.2550191890625 0.0688961984375 0.2550191890625
1 0.06909356718750001 0.251151315625 0.06909356718750001 0.24906798281250003 0.064945175 0.24895833281250002 0.0649269 0.251151315625 0.06909356718750001 0.251151315625
1 0.06892909375 0.2463706140625 0.06892909375 0.24428728125000002 0.0647807015625 0.24417763125 0.0647624265625 0.2463706140625 0.06892909375 0.2463706140625
1 0.069078946875 0.2427905703125 0.069078946875 0.24070723749999998 0.06493055625000001 0.24059758750000002 0.06491228125000001 0.2427905703125 0.069078946875 0.2427905703125
0 0.0622807015625 0.23108552656249998 0.06209795312500001 0.23730811406250002 0.07116228125 0.2373903515625 0.07130847968750001 0.23108552656249998 0.0622807015625 0.23108552656249998
0 0.063921784375 0.2159128296875 0.063841375 0.22270285156249997 0.0740862578125 0.22258771875 0.074106359375 0.2156770828125 0.063921784375 0.2159128296875
1 0.0837810671875 0.20277960468749998 0.07954495624999999 0.2027028515625 0.079519371875 0.2130043859375 0.08364400625 0.2130482453125 0.0837810671875 0.20277960468749998
1 0.076642909375 0.21396655625 0.0767708328125 0.2075246703125 0.07010233906249999 0.20693530624999998 0.07010233906249999 0.2135690796875 0.076642909375 0.21396655625
1 0.07648391875 0.20780975937499999 0.0766118421875 0.2013678734375 0.0702649859375 0.2008333328125 0.07010599375 0.2073711625 0.07648391875 0.20780975937499999
1 0.0770833328125 0.20224780625 0.0772112578125 0.1958059203125 0.07086440000000001 0.1952741234375 0.070705409375 0.20180921093749998 0.0770833328125 0.20224780625
1 0.0571637421875 0.1873081140625 0.05705409375 0.194078946875 0.0646381578125 0.1942708328125 0.0647002921875 0.1875 0.0571637421875 0.1873081140625
1 0.059046053125 0.168804825 0.059027778125 0.1592105265625 0.043347953125 0.1600054828125 0.04305555625 0.1697916671875 0.059046053125 0.168804825
0 0.0176900578125 0.084813596875 0.0176900578125 0.091721490625 0.028472221875 0.09150219375 0.028435671875000002 0.0845942984375 0.0176900578125 0.084813596875
0 0.011421784375 0.1012883765625 0.0119883046875 0.109073465625 0.0225146203125 0.10633223750000001 0.0220029234375 0.098108553125 0.011421784375 0.1012883765625
0 0.036403509375 0.1145833328125 0.042616959375 0.115213815625 0.04378655 0.0983278515625 0.037554825 0.0978070171875 0.036403509375 0.1145833328125
0 0.230034721875 0.4805153515625 0.23468567187499997 0.48053728125 0.2348336984375 0.46422149062500007 0.229989034375 0.4643366234375 0.230034721875 0.4805153515625
1 0.105126096875 0.1502741234375 0.1040478796875 0.14994517499999999 0.10302448906249999 0.155921053125 0.1041575296875 0.1562225875 0.105126096875 0.1502741234375
1 0.10711805625 0.1500274125 0.1060398390625 0.149698465625 0.105016446875 0.1556743421875 0.10614948906249999 0.1559758765625 0.10711805625 0.1500274125
1 0.10948464843750001 0.1501370609375 0.1084064328125 0.1498081140625 0.107383040625 0.15578399062499998 0.10851608125000001 0.15608552656250002 0.10948464843750001 0.1501370609375
1 0.1095211984375 0.148026315625 0.10955774843749999 0.1546052625 0.1166849421875 0.1546600875 0.11673976562499999 0.148135965625 0.1095211984375 0.148026315625
0 0.15834978125000002 0.060893640625 0.16266995625 0.0611677625 0.16312500000000002 0.047990679687499996 0.1587171046875 0.04758771875 0.15834978125000002 0.060893640625
0 0.1638815796875 0.05849780624999999 0.1682017546875 0.0587719296875 0.1686220765625 0.0458059203125 0.1643274859375 0.0455866234375 0.1638815796875 0.05849780624999999
1 0.168821271875 0.1515158984375 0.1680847953125 0.1494243421875 0.163742690625 0.1526206140625 0.164373171875 0.154832784375 0.168821271875 0.1515158984375
1 0.19007675468750002 0.1639802625 0.18634868437500002 0.1641447375 0.186421784375 0.17390350937500001 0.1900584796875 0.173766446875 0.19007675468750002 0.1639802625
1 0.19027046718750001 0.17358552656249998 0.193695175 0.1735745609375 0.193731725 0.1640350875 0.190347221875 0.16415021875 0.19027046718750001 0.17358552656249998
1 0.09506578906249999 0.259731359375 0.0985928359375 0.2598684203125 0.09862938593750001 0.25084978125 0.0950475140625 0.2509046046875 0.09506578906249999 0.259731359375
0 0.137481725 0.288651315625 0.137408625 0.2814692984375 0.12772295312499998 0.281716009375 0.127814328125 0.28898026250000003 0.137481725 0.288651315625
0 0.1999232453125 0.34165021875 0.1999269 0.34769736875 0.209703946875 0.3474506578125 0.20963084843750002 0.340981359375 0.1999232453125 0.34165021875
1 0.22966008750000003 0.160635965625 0.22969663749999997 0.1623629390625 0.23353435625 0.1623355265625 0.23347953281249997 0.160635965625 0.22966008750000003 0.160635965625
0 0.21460526249999998 0.01433388125 0.20922880156249998 0.014418859375 0.2092361109375 0.0306770828125 0.21489400625 0.030317982812499998 0.21460526249999998 0.01433388125
0 0.23620248593749998 0.0374177625 0.2365131578125 0.0310032890625 0.22735745624999998 0.0302083328125 0.2270833328125 0.036403509375 0.23620248593749998 0.0374177625
0 0.331158625 0.0915296046875 0.326973684375 0.091063596875 0.3263249265625 0.104216009375 0.3306103796875 0.10460526249999999 0.331158625 0.0915296046875
0 0.3267543859375 0.14599780625 0.32669225156250004 0.1378399125 0.3166118421875 0.1384320171875 0.31677631562499997 0.14640899062499999 0.3267543859375 0.14599780625
0 0.2869152046875 0.140679825 0.2869517546875 0.1487116234375 0.298044590625 0.14827302656250002 0.29788011718749996 0.1403782890625 0.2869152046875 0.140679825
0 0.2380299703125 0.27193804843749997 0.24279970781250002 0.2719572375 0.242507309375 0.25674342031249997 0.23792032187499998 0.25663377187499997 0.2380299703125 0.27193804843749997
0 0.33519736875 0.28050986875 0.33525219375000004 0.28675986875000004 0.3459429828125 0.28673245625 0.345820540625 0.280356359375 0.33519736875 0.28050986875
0 0.3303033625 0.323793859375 0.33037280625 0.32897478125 0.3390935671875 0.328508771875 0.3389437140625 0.3234375 0.3303033625 0.323793859375
0 0.3461988296875 0.321929825 0.3463084796875 0.328563596875 0.35712719375 0.3283442984375 0.35709064375 0.32149122812500003 0.3461988296875 0.321929825
0 0.34446271875 0.336348684375 0.3443896203125 0.3439967109375 0.3559521203125 0.3439309203125 0.355847953125 0.3362116234375 0.34446271875 0.336348684375
0 0.27827119843750003 0.3655153515625 0.27827119843750003 0.35742872812500004 0.267010234375 0.358182565625 0.2670321640625 0.36639254375 0.27827119843750003 0.3655153515625
0 0.2699360375 0.3981606359375 0.26949926875 0.391885965625 0.2589784359375 0.39347861875 0.259393275 0.3997807015625 0.2699360375 0.3981606359375
0 0.3591739765625 0.563733553125 0.3596125734375 0.57110745625 0.37152777812500004 0.5692982453125001 0.37105263125 0.5622258765625 0.3591739765625 0.563733553125
0 0.3599049703125 0.575328946875 0.360544590625 0.5817982453125 0.3704879390625 0.5796683109375 0.3700657890625 0.5734923249999999 0.3599049703125 0.575328946875
0 0.3606725140625 0.58355263125 0.36164108125 0.5908168859375 0.37202119843750003 0.587911184375 0.37110745624999997 0.5807291671875 0.3606725140625 0.58355263125
0 0.36176900624999997 0.5916392546875 0.36218932812500004 0.5989857453125 0.3721308484375 0.5978070171875001 0.371820175 0.590323465625 0.36176900624999997 0.5916392546875
0 0.3588815796875 0.6115405703125 0.36006944375 0.6187774125 0.3720394734375 0.6141995609374999 0.3708150578125 0.6071820171875 0.3588815796875 0.6115405703125
0 0.136293859375 0.7219024125 0.1419590640625 0.7217653515625 0.1414766078125 0.6968393640625 0.13574561406250002 0.6973958328125 0.136293859375 0.7219024125
1 0.07850877187500001 0.7744243421875 0.0747989765625 0.7708333328125 0.07081688593749999 0.7803453953124999 0.07450657968749999 0.7841282890625 0.07850877187500001 0.7744243421875
1 0.40625 0.78352521875 0.4067799703125 0.789501096875 0.41341191562499996 0.78806469375 0.41291849375 0.7822807015625 0.40625 0.78352521875
1 0.4047697375 0.79136513125 0.4058442984375 0.7862006578125 0.3993969296875 0.783168859375 0.398265715625 0.788492325 0.4047697375 0.79136513125
0 0.487171053125 0.733251096875 0.49188596562500003 0.733114034375 0.49157529218749996 0.7145833328125 0.48658625781250003 0.7148300437499999 0.487171053125 0.733251096875
0 0.48474049687500004 0.7212445171875 0.4798684203125 0.7227357453125001 0.482777778125 0.739786184375 0.48729897656250004 0.7384868421874999 0.48474049687500004 0.7212445171875
0 0.517562134375 0.6974232453125 0.5174634499999999 0.6889418859374999 0.502686403125 0.6900493421875 0.5026681281250001 0.6978892546875 0.517562134375 0.6974232453125
0 0.487828946875 0.678508771875 0.482805190625 0.6798903515625 0.48507858125 0.6993996703125 0.4900402046875 0.6981633765625 0.487828946875 0.678508771875
0 0.4113231 0.6285581140625001 0.41127923906249997 0.6213870609375001 0.4000292390625 0.621617325 0.400007309375 0.629018640625 0.4113231 0.6285581140625001
0 0.4086988296875 0.6013980265625001 0.4084247078125 0.5939692984375 0.3959667390625 0.5949506578125 0.39608918125 0.60238486875 0.4086988296875 0.6013980265625001
0 0.4209466375 0.5391557015624999 0.42090643281249995 0.5312225875000001 0.40853435625 0.531304825 0.40853435625 0.539501096875 0.4209466375 0.5391557015624999
0 0.41218932812500003 0.43922697343749995 0.412134503125 0.43311403437499996 0.402741228125 0.4333881578125 0.402814328125 0.439418859375 0.41218932812500003 0.43922697343749995
0 0.42657163750000004 0.43821271875 0.4265533625 0.43218201718750004 0.41661184218749997 0.4323190796875 0.41655701718750004 0.43815789531249993 0.42657163750000004 0.43821271875
0 0.379400584375 0.2159841015625 0.3837902046875 0.216036184375 0.38387426874999997 0.20098410156250002 0.3795869890625 0.2009046046875 0.379400584375 0.2159841015625
1 0.4127741234375 0.1514802625 0.4127010234375 0.1560581140625 0.4182017546875 0.15638706093750002 0.418311403125 0.151864034375 0.4127741234375 0.1514802625
0 0.45995979531250003 0.0062280703125 0.4579678359375 0.0061677625 0.4578399125 0.0125054828125 0.4599415203125 0.012554825 0.45995979531250003 0.0062280703125
0 0.5733369890625 0.1685307015625 0.5780153515625 0.1688322375 0.57885599375 0.15285087656250002 0.5740497078125 0.1521107453125 0.5733369890625 0.1685307015625
0 0.68920504375 0.1430893640625 0.6838633046875 0.14418859687500002 0.6860745609375 0.1613240125 0.6912828953125 0.16016995625 0.68920504375 0.1430893640625
0 0.6942434203125 0.1435855265625 0.6896747078125001 0.14454495625 0.691849415625 0.159320175 0.6963633046875 0.1584429828125 0.6942434203125 0.1435855265625
0 0.7016630109374999 0.143804825 0.696875 0.1442708328125 0.6978435671875001 0.16008771875 0.7029239765625 0.15945723750000002 0.7016630109374999 0.143804825
0 0.706597221875 0.17891995624999998 0.7021198828124999 0.17916666718750002 0.703070175 0.1924342109375 0.707510965625 0.1920230265625 0.706597221875 0.17891995624999998
0 0.6447916671875 0.01787280625 0.6444078953125 0.009868420312499999 0.634064328125 0.0102796046875 0.6343019 0.018695175 0.6447916671875 0.01787280625
0 0.7055738296875 0.025466009374999998 0.7025950296875 0.0216008765625 0.6960526312499999 0.031716009375 0.6990314328125 0.035498903124999995 0.7055738296875 0.025466009374999998
0 0.7304824562500001 0 0.7255116953125 0.007949560937499999 0.7282894734375 0.01167763125 0.7339857453125 0.0023081140625 0.7321399859375 0 0.7304824562500001 0
1 0.7689875734375 0.0079769734375 0.7677814328125 0.0002741234375 0.7546966375 0.0018092109374999998 0.7558735375000001 0.009747806250000001 0.7689875734375 0.0079769734375
0 0.78125 0.0093475875 0.781304825 0.0015350875 0.7717470765625001 0.000411184375 0.7717288015625 0.0078947375 0.78125 0.0093475875
0 0.7803179828125 0.041008771875 0.7759685671875001 0.041776315625 0.7781981 0.057341009374999995 0.7826754390625 0.0562225875 0.7803179828125 0.041008771875
0 0.8408808484374999 0.129632675 0.8442251468749999 0.12478070156250001 0.8360416671875001 0.112456140625 0.832437865625 0.11798245624999999 0.8408808484374999 0.129632675
0 0.879625365625 0.0400932015625 0.8802083328125001 0.033963815625 0.8713633046875 0.029742324999999997 0.8703965640625 0.0357620609375 0.879625365625 0.0400932015625
0 0.8736239031249999 0.0167571265625 0.8725328953125 0.02264254375 0.8812116234375 0.027217653125 0.88204495625 0.0212308109375 0.8736239031249999 0.0167571265625
0 0.8809576015625 0.0333059203125 0.8815789468749999 0.027741228125 0.8725146203125 0.0232730265625 0.8717288015625 0.028974781249999998 0.8809576015625 0.0333059203125
0 0.9177631578125001 0.043393640625 0.9204495609375 0.0481907890625 0.9281926171875 0.0393119515625 0.9256396203125 0.0346217109375 0.9177631578125001 0.043393640625
0 0.54296418125 0.714418859375 0.5474963453125 0.7149671046875 0.5485416671875 0.7005975875 0.5438048249999999 0.7 0.54296418125 0.714418859375
0 0.9571217109375001 0.48141721562499995 0.9583881578125 0.48766447343749997 0.968402778125 0.48259320156249996 0.9670687140625001 0.4766803734375 0.9571217109375001 0.48141721562499995
0 0.993081140625 0.7072532890625001 0.993265715625 0.7004632671875 0.9838706140625 0.6995175437500001 0.98360745625 0.7065433109375 0.993081140625 0.7072532890625001
0 0.9266374265625 0.8812417765625 0.92900219375 0.88649396875 0.9373172515625001 0.8784539468749999 0.9349963453125 0.8727796046874999 0.9266374265625 0.8812417765625
0 0.9711257312500001 0.9630482453125 0.9751078218749999 0.9663706140625001 0.9801608187499999 0.9536266453125 0.9763340640625 0.9498903515625001 0.9711257312500001 0.9630482453125
0 0.011641081250000001 0.8712719296874999 0.006268274999999999 0.8729714906250001 0.0085233921875 0.88912280625 0.013724415625 0.8871710531250001 0.011641081250000001 0.8712719296874999
0 0.008899853125 0.9937774125000001 0.013633040625 0.99287280625 0.0121582609375 0.9737966015625 0.007346490625 0.9748081140625 0.008899853125 0.9937774125000001
0 0.033114034375000004 0.9118969296874999 0.033033625 0.9047807015625 0.023647660937500002 0.9048793859375 0.0236293859375 0.91181469375 0.033114034375000004 0.9118969296874999
0 0.106569809375 0.9859073468749999 0.10584795312499999 0.9807565796875 0.09769736875 0.9836814687500001 0.0983918125 0.9885142546875001 0.106569809375 0.9859073468749999
0 0.109027778125 0.9703947375 0.10791301093750001 0.9782620609375 0.1193786546875 0.9815844296874999 0.1205409359375 0.97415021875 0.109027778125 0.9703947375
0 0.1326315796875 0.957469846875 0.127649853125 0.9564144734375001 0.12580409374999998 0.9743421046874999 0.130921053125 0.9755208328125 0.1326315796875 0.957469846875
0 0.135562865625 0.9858552625 0.1408991234375 0.9884594296874999 0.14444444375 0.9720394734375001 0.139455409375 0.9693530703125001 0.135562865625 0.9858552625
0 0.16122076093749999 0.9717105265624999 0.1556286546875 0.972231359375 0.1563231 0.9911184203125 0.1618238296875 0.9906551531250001 0.16122076093749999 0.9717105265624999
0 0.15608552656250002 0.9172697375000001 0.151187865625 0.9173519734375001 0.150783990625 0.9353919953125001 0.155811403125 0.9353892546875 0.15608552656250002 0.9172697375000001
1 0.212741228125 0.86866228125 0.21281067187499997 0.8622258765625 0.205447734375 0.8619846484375 0.205447734375 0.86837719375 0.212741228125 0.86866228125
0 0.3899689328125 0.9711677625 0.38507492656250003 0.9749095390625 0.39075840624999997 0.992198465625 0.39568530625 0.9881716015625001 0.3899689328125 0.9711677625
0 0.401178728125 1 0.39736842031249997 0.9875548249999999 0.392562134375 0.9908991234375 0.39548611093749997 1 0.401178728125 1
1 0.4072551171875 0.8431195171875 0.40738304062499997 0.8492050437499999 0.4143530703125 0.8491255484375 0.4142744890625 0.84296875 0.4072551171875 0.8431195171875
0 0.51637426875 0.8157346484374999 0.5163450296875001 0.8084649125000001 0.5044225140624999 0.8084978062499999 0.5044225140624999 0.8159539468749999 0.51637426875 0.8157346484374999
1 0.47701023437499995 0.8139528515625001 0.476991959375 0.8111019734375 0.47189327499999995 0.811376096875 0.47185672500000003 0.8141721484375 0.47701023437499995 0.8139528515625001
1 0.4291118421875 0.8243969296874999 0.42934941562500006 0.833963815625 0.4471125734375 0.8328947375 0.4469481 0.8233004390625001 0.4291118421875 0.8243969296874999
1 0.693384503125 0.9775219296875 0.6944225140625 0.9820175437499999 0.7001973687499999 0.9794928734375 0.6991045328125 0.975057565625 0.693384503125 0.9775219296875
1 0.6177814328125 0.8694078953125001 0.6146929828125 0.8770285093749999 0.630171784375 0.8901315796875 0.633223684375 0.8827850875 0.6177814328125 0.8694078953125001
0 0.6571673984374999 0.9608470390624999 0.659722221875 0.9666118421875 0.6696089187500001 0.9566337718750001 0.666831140625 0.9508991234374999 0.6571673984374999 0.9608470390624999
0 0.67267909375 0.9580043859374999 0.6763157890625 0.952768640625 0.668274853125 0.940186403125 0.664561403125 0.9454194078124999 0.67267909375 0.9580043859374999
0 0.7570303359375 1 0.7504605265625 0.9935937499999999 0.7477923984375 0.9989391453125 0.7488724421875 1 0.7570303359375 1
0 0.5037828953125 0.275054825 0.498793859375 0.275328946875 0.49921418125 0.290926534375 0.5041483921875 0.2907072375 0.5037828953125 0.275054825