0 0.7820906437499999 0.81962719375 0.778453946875 0.8167214906250001 0.7741228062500001 0.8302905703125001 0.7779057015624999 0.8328399125000001 0.7820906437499999 0.81962719375
0 0.858927265625 1 0.860168128125 0.99623629375 0.8571363296875001 0.9935855265625 0.854570540625 1 0.858927265625 1
0 0.922203946875 0.991036184375 0.9268457609375 0.9942982453125 0.9321637421875 0.97881030625 0.927649853125 0.9748629390625 0.922203946875 0.991036184375
1 0.7072185671875 0.48703399062499997 0.7061769 0.48991228124999997 0.7108735375 0.49336622812500003 0.7119334796875 0.4905153515625 0.7072185671875 0.48703399062499997
0 0.724634503125 0.5014254390625 0.7224232453125 0.5076754390625 0.733972953125 0.51647478125 0.7359466375 0.510471490625 0.724634503125 0.5014254390625
0 0.6709649125 0.47970394687500006 0.671856725 0.4856907890625 0.680438596875 0.48151315781250004 0.679276315625 0.4758552625 0.6709649125 0.47970394687500006
0 0.6189692984375 0.4240405703125 0.616758040625 0.4298519734375 0.6271180562499999 0.438766446875 0.629258040625 0.4325657890625 0.6189692984375 0.4240405703125
0 0.6075475140625 0.3994791671875 0.6096491234375 0.39292763124999996 0.5990131578125 0.3853070171875 0.5969298249999999 0.39147478125 0.6075475140625 0.3994791671875
1 0.6890533624999999 0.4661458328125 0.6920687140624999 0.4567434203125 0.6704678359375 0.43988486875 0.6674159359375 0.44928728125 0.6890533624999999 0.4661458328125
1 0.68664108125 0.46721491249999997 0.6836074562500001 0.47541118437499996 0.6981725140624999 0.48821271875 0.701133040625 0.4797697375 0.68664108125 0.46721491249999997
1 0.7390533625 0.5075383765625 0.7419225140625 0.49945175468749997 0.7265533625 0.48673245625000006 0.7237024859375001 0.49462719374999997 0.7390533625 0.5075383765625
0 0.7585526312499999 0.569161184375 0.7620614031249999 0.572971490625 0.766721490625 0.562061403125 0.76334064375 0.5582236843749999 0.7585526312499999 0.569161184375
1 0.7731907890625 0.6021655703125 0.778453946875 0.6060307015624999 0.7868603796875 0.5797149125 0.7811403515625 0.57574013125 0.7731907890625 0.6021655703125
1 0.7737755843749999 0.59915021875 0.7692434203125 0.5952302625 0.7603801171875 0.619078946875 0.76491228125 0.623081140625 0.7737755843749999 0.59915021875
1 0.780043859375 0.62099780625 0.7752741234375 0.6162280703125 0.7655153515625 0.63824013125 0.7705592109375 0.64306469375 0.780043859375 0.62099780625
1 0.7857456140625 0.6253015343749999 0.780774853125 0.6208333328125 0.771454678125 0.6437225875 0.7767909359375 0.6483278515625 0.7857456140625 0.6253015343749999
1 0.510508040625 0.5202576750000001 0.5130665203125 0.5224780703125 0.5168494156250001 0.512883771875 0.5140350875 0.510553728125 0.510508040625 0.5202576750000001
1 0.52894736875 0.542571271875 0.5299342109375 0.5396381578125 0.5261513156250001 0.53662280625 0.5251461984375 0.539473684375 0.52894736875 0.542571271875
0 0.49583333281249997 0.5251918859375 0.500018275 0.5290844296875 0.50701754375 0.5118421046875 0.502796053125 0.5079495609375 0.49583333281249997 0.5251918859375
0 0.57108918125 0.5798793859375 0.569078946875 0.5856907890625 0.58162280625 0.5949533984375 0.5836988296875 0.5890625 0.57108918125 0.5798793859375
0 0.5977923984375 0.6095230265625 0.6019773390625 0.61313870625 0.6088888890625 0.5954029609375 0.6049323828125 0.59178728125 0.5977923984375 0.6095230265625
0 0.6027887421875 0.6157894734375 0.6072624265625 0.6202110750000001 0.61449926875 0.602132675 0.6101845765625 0.597867325 0.6027887421875 0.6157894734375
0 0.5752375734374999 0.6111019734375 0.5732638890625 0.6170504390625 0.581633771875 0.623793859375 0.5834795328125 0.6178728062500001 0.5752375734374999 0.6111019734375
1 0.5861842109375 0.619303728125 0.5841849421875 0.619262609375 0.5841008765625 0.6279057015625 0.586158625 0.6280646937500001 0.5861842109375 0.619303728125
0 0.6295504390625 0.6654331140624999 0.62724780625 0.6712445171875 0.637024853125 0.6795504390625 0.6390350875 0.67425986875 0.6295504390625 0.6654331140624999
1 0.6252192984375 0.682203946875 0.6233735375 0.6806469296875 0.6211403515625 0.6875328953125 0.623099415625 0.6889528515625 0.6252192984375 0.682203946875
0 0.6201937140625 0.6915844296875 0.616063596875 0.6884594296875 0.6109466375 0.70394736875 0.6154057015625 0.70707236875 0.6201937140625 0.6915844296875
0 0.590935671875 0.7370065796875 0.592635234375 0.730948465625 0.5811769 0.723081140625 0.5793494156250001 0.729385965625 0.590935671875 0.7370065796875
0 0.584758771875 0.7419682015625 0.5864583328124999 0.736293859375 0.578033625 0.7301260968750001 0.5764071640624999 0.735635965625 0.584758771875 0.7419682015625
0 0.5772843562500001 0.7114583328124999 0.5731907890625 0.707428728125 0.5677266078125001 0.7208333328125 0.5716008765625 0.724588815625 0.5772843562500001 0.7114583328124999
0 0.5678362578125 0.7040570171875 0.5635599421874999 0.703563596875 0.56246345 0.7189692984375 0.5666301171875 0.7193530703125 0.5678362578125 0.7040570171875
0 0.54996345 0.7125822375 0.5475328953124999 0.71790021875 0.5576388890625 0.727768640625 0.5599597953125001 0.72261513125 0.54996345 0.7125822375
0 0.5411001468750001 0.7169407890625 0.5448099421875 0.720696271875 0.5514254390625 0.7061129390625001 0.5477887421875 0.70235745625 0.5411001468750001 0.7169407890625
1 0.6458150578125 0.80693530625 0.6517178359375 0.812116228125 0.663274853125 0.78298245625 0.65699926875 0.777796053125 0.6458150578125 0.80693530625
1 0.5988486843749999 0.87415021875 0.5925621343749999 0.8689692984375 0.5798702484375 0.9035773031250001 0.5856542390625 0.9089638156250001 0.5988486843749999 0.87415021875
1 0.5526315796875 0.83045504375 0.546820175 0.8253837718750001 0.536257309375 0.852001096875 0.5419590640624999 0.8563048249999999 0.5526315796875 0.83045504375
1 0.5294225140625 0.869051534375 0.52732090625 0.86798245625 0.5256030703125 0.8756578953125 0.527741228125 0.8767817984375 0.5294225140625 0.869051534375
0 0.5232456140624999 0.8263706140625 0.5272295328125 0.8303453953125001 0.53290935625 0.8174972593750001 0.5289309203125 0.8132894734375 0.5232456140624999 0.8263706140625
1 0.4747624265625 0.6107182015625 0.4765168125 0.612143640625 0.47931286562500003 0.6049616234374999 0.4774853796875 0.603563596875 0.4747624265625 0.6107182015625
0 0.6243055562500001 0.93832236875 0.6265899125 0.9323190796875 0.6177631578125 0.9248081140625001 0.61558845 0.9306195171875 0.6243055562500001 0.93832236875
0 0.4083698828125 0.76014254375 0.40385599375 0.7574835531249999 0.39862938593749997 0.7743969296875 0.403125 0.77741228125 0.4083698828125 0.76014254375
0 0.42923976562500005 0.8436677625 0.42953216406249994 0.8373903515625001 0.4196838453125 0.8358552625 0.4192434203125 0.842242325 0.42923976562500005 0.8436677625
0 0.42569444375 0.8584429828125 0.42807017500000005 0.851178728125 0.41735197343749997 0.8428591015625001 0.41487573125 0.8502467109375 0.42569444375 0.8584429828125
0 0.3986842109375 0.86162280625 0.40171783593750005 0.8565789468749999 0.39402412343750004 0.8464638156250001 0.3913011703125 0.8513980265625 0.3986842109375 0.86162280625
0 0.3978636703125 0.86527138125 0.394133771875 0.8617324562500001 0.38926900625 0.8729797156249999 0.39276315781250004 0.8763980265625 0.3978636703125 0.86527138125
1 0.38521564375 0.8074835531250001 0.38388157968750003 0.8062225875 0.3821820171875 0.8099506578125 0.38351608125 0.8111567984375 0.38521564375 0.8074835531250001
0 0.8907711984375 0.574671053125 0.8928362578125 0.569161184375 0.8845760234375 0.56170504375 0.8825657890624999 0.567543859375 0.8907711984375 0.574671053125
1 0.585714546875 0.38680098749999997 0.5896929828124999 0.3797697375 0.5757309937499999 0.3608552625 0.5713633046875 0.36798245625 0.585714546875 0.38680098749999997
0 0.58669590625 0.3728344296875 0.58976608125 0.3678453953125 0.5811038015625 0.35693530625 0.5781981 0.361403509375 0.58669590625 0.3728344296875
0 0.56633771875 0.3622258765625 0.5623355265625001 0.36091008750000003 0.5600511703125 0.37765899062499997 0.5639254390625 0.3786184203125 0.56633771875 0.3622258765625
0 0.5614400578125001 0.3392817984375 0.5647112578125 0.334320175 0.555921053125 0.32190241249999996 0.5525584796875 0.32667214843750003 0.5614400578125001 0.3392817984375
0 0.5255847953125 0.2876644734375 0.5290570171875 0.28253837656249997 0.5200475140624999 0.2685855265625 0.5164108187500001 0.2735471484375 0.5255847953125 0.2876644734375
1 0.5294042390625 0.2498903515625 0.5271929828124999 0.24624451718749998 0.5212006578125 0.25359375 0.5234429828125 0.2570531796875 0.5294042390625 0.2498903515625
1 0.54144736875 0.24512061406250002 0.5422331875 0.24100877187499997 0.5358552624999999 0.2379769734375 0.5348135968750001 0.24210526250000003 0.54144736875 0.24512061406250002
0 0.527796053125 0.24372258750000003 0.5244700296875 0.2391721484375 0.5158260234375 0.24991776250000003 0.5190606718749999 0.2548519734375 0.527796053125 0.24372258750000003
0 0.523812134375 0.2364583328125 0.5203033625 0.23141447343750002 0.512097953125 0.24368969375 0.5157291671875 0.24878289531250003 0.523812134375 0.2364583328125
1 0.51722405 0.233467653125 0.5149872078125 0.230309759375 0.5109612578125 0.236507675 0.5131981 0.23970394687500002 0.51722405 0.233467653125
1 0.5016264625 0.24602521875 0.5060307015625 0.24035087656249998 0.49303728125 0.2208059203125 0.488596490625 0.2264528515625 0.5016264625 0.24602521875
1 0.5530153515625 0.38991228125 0.5537116234374999 0.3875767546875 0.5493622078125 0.384698465625 0.5485763890625 0.386973684375 0.5530153515625 0.38991228125
1 0.55398391875 0.385581140625 0.5547514625 0.383196271875 0.5503856 0.379983553125 0.5494700296875 0.382456140625 0.55398391875 0.385581140625
1 0.5564144734375 0.38086622812500004 0.5571820171875 0.37820723749999996 0.55272478125 0.375296053125 0.5518457609375 0.3778782890625 0.5564144734375 0.38086622812500004
1 0.55712719375 0.37678179843750004 0.5577668124999999 0.37423245625 0.553106725 0.3720120609375 0.5524488296875 0.374588815625 0.55712719375 0.37678179843750004
1 0.605453215625 0.35913103125 0.6054824562500001 0.3560855265625 0.6005299703125 0.3561403515625 0.6006213453125 0.35913103125 0.605453215625 0.35913103125
1 0.5124360375 0.22621710468749998 0.5134320171875 0.22815241249999998 0.5175950296875 0.223453946875 0.516463815625 0.2214802625 0.5124360375 0.22621710468749998
1 0.5151133046874999 0.22250548281250002 0.5150950296875 0.22028508750000003 0.510453215625 0.2205317984375 0.5104349421875 0.2227796046875 0.5151133046874999 0.22250548281250002
0 0.46478435625000003 0.1844846484375 0.46823830468749994 0.18050986875 0.4611476609375 0.16746162343749998 0.4575657890625 0.17118969374999998 0.46478435625000003 0.1844846484375
1 0.4344974421875 0.1267516453125 0.43983918125 0.122258771875 0.4310106 0.1020833328125 0.42551169531250005 0.10685307031249999 0.4344974421875 0.1267516453125
0 0.38199926875 0.014418859375 0.3784173984375 0.0172971484375 0.3829861109375 0.0282894734375 0.386330409375 0.025548245312500002 0.38199926875 0.014418859375
1 0.66201754375 0.165328946875 0.6607894734374999 0.16355263125 0.658421053125 0.167203946875 0.659722221875 0.1689144734375 0.66201754375 0.165328946875
0 0.3470047515625 0.03839638125 0.35109831874999997 0.037099781250000005 0.34901315781250003 0.021820175 0.3453764625 0.023053728125 0.3470047515625 0.03839638125
0 0.29729532187499996 0.01480263125 0.3011220765625 0.0154769734375 0.3029422515625 0.00238486875 0.2991666671875 0.0012883765625 0.29729532187499996 0.01480263125
0 0.291982821875 0.019024123437500002 0.29607090625 0.019216009375000002 0.2969846484375 0.0044270828125 0.29321089218749996 0.004221490625 0.291982821875 0.019024123437500002
1 0.055632309375 0.0071847593749999996 0.0562006578125 0.0131058109375 0.06665204687500001 0.010879934375 0.06605263125000001 0.0050054828125 0.055632309375 0.0071847593749999996
1 0.156615496875 0.19007675468750002 0.1559758765625 0.1912828953125 0.1576937140625 0.1931195171875 0.1583333328125 0.191858553125 0.156615496875 0.19007675468750002
1 0.4210307015625 0.1309566890625 0.41989400625 0.13228344375 0.422516446875 0.1376836625 0.423715278125 0.1363569078125 0.4210307015625 0.1309566890625
1 0.44710526249999993 0.1932620609375 0.44650036562500006 0.1959868421875 0.451421784375 0.199106359375 0.45197368437499996 0.1963020828125 0.44710526249999993 0.1932620609375
0 0.38989400625 0.24816337656249998 0.389742325 0.24140076718749998 0.3778070171875 0.24140076718749998 0.37788194375 0.24845120625 0.38989400625 0.24816337656249998
1 0.2921052625 0.2635690796875 0.29528508750000004 0.26121162343750004 0.29239400625 0.25515899062499997 0.2892178359375 0.2575657890625 0.2921052625 0.2635690796875
0 0.2505482453125 0.2844846484375 0.2469481 0.28747258750000004 0.2509868421875 0.3002192984375 0.25493969375000003 0.2974780703125 0.2505482453125 0.2844846484375
1 0.24038742656249998 0.330838815625 0.2420869890625 0.3329495609375 0.245668859375 0.3264802625 0.24395102343750003 0.3243969296875 0.24038742656249998 0.330838815625
0 0.21789108124999998 0.33747258750000003 0.2208534359375 0.3422203953125 0.229349415625 0.3307017546875 0.226169590625 0.326123903125 0.21789108124999998 0.33747258750000003
0 0.2201827484375 0.3448930921875 0.21637426875000002 0.3405153515625 0.2092105265625 0.352796053125 0.21295687187499998 0.35756578906250003 0.2201827484375 0.3448930921875
0 0.20595760156249998 0.6280975875 0.2100146203125 0.62571271875 0.206195175 0.61016995625 0.20208333281250002 0.6125548249999999 0.20595760156249998 0.6280975875
0 0.238757309375 0.751674890625 0.2362006578125 0.7462746703125 0.227768640625 0.7557483546875 0.230420321875 0.76100603125 0.238757309375 0.751674890625
0 0.2076023390625 0.8743695171875 0.2044956140625 0.8715734656249999 0.20039839218750002 0.8821491234375 0.2034685671875 0.8849917765624999 0.2076023390625 0.8743695171875
1 0.20020102343750001 0.7611567984375001 0.2025054828125 0.7620175437500001 0.2041301171875 0.7532072375000001 0.20178545312499999 0.752242325 0.20020102343750001 0.7611567984375001
0 0.00521564375 0.756647478125 0.007803362499999999 0.7544682015624999 0.0041100140625 0.7448053734375 0.0013633046875000002 0.7472203953125 0.00521564375 0.756647478125
0 0.3034320171875 0.7414418859375 0.301284721875 0.7355674343749999 0.2912097953125 0.74381030625 0.2931048984375 0.749542215625 0.3034320171875 0.7414418859375
0 0.26506944374999997 0.3396244515625 0.26165935625 0.34377467031250003 0.2681396203125 0.357530153125 0.271927996875 0.35355263125 0.26506944374999997 0.3396244515625
0 0.2606578953125 0.3334731359375 0.2583150578125 0.3362774125 0.2617635234375 0.3431441890625 0.2640533625 0.340145284375 0.2606578953125 0.3334731359375
1 0.316739765625 0.6583059203125 0.320948465625 0.6646107453125001 0.334864765625 0.6443092109374999 0.330716375 0.6376809203125 0.316739765625 0.6583059203125
0 0.3308918125 0.653733553125 0.33445540937499996 0.657713815625 0.34032894687500004 0.6468558109375 0.3368804828125 0.6427083328125 0.3308918125 0.653733553125
0 0.32267909375000003 0.665186403125 0.3256396203125 0.669846490625 0.3337536546875 0.6584703953125 0.3305921046875 0.65386513125 0.32267909375000003 0.665186403125
0 0.32657163749999996 0.673876096875 0.3302814328125 0.6782894734375 0.3377558484375 0.6625274125 0.334027778125 0.6584155703125 0.32657163749999996 0.673876096875
0 0.32850511718750003 0.68641995625 0.33278691562499996 0.69074013125 0.33934393281249997 0.6756195171875 0.3353636703125 0.6716968203125 0.32850511718750003 0.68641995625
0 0.31728435625 0.6603481359375001 0.3142543859375 0.6651315796875 0.32243238281250003 0.6767379390625 0.3257803359375 0.672001096875 0.31728435625 0.6603481359375001
0 0.318421053125 0.6812774125 0.3214857453125 0.67631030625 0.31371710468749997 0.6654166671875 0.31096491249999997 0.6700109656250001 0.318421053125 0.6812774125
0 0.3169956140625 0.6856359656250001 0.32037646249999996 0.6907620609375 0.328748171875 0.6783470390625 0.3254952484375 0.673752740625 0.3169956140625 0.6856359656250001
0 0.3128417390625 0.7018421046875 0.316078215625 0.69769736875 0.3101571640625 0.6871573468750001 0.3069206875 0.69126370625 0.3128417390625 0.7018421046875
0 0.32679641875 0.7092927625 0.33115497031249996 0.7095312500000001 0.3315332609375 0.692667215625 0.3275237578125 0.6924780703125 0.32679641875 0.7092927625
0 0.3276133046875 0.7109375 0.32455409375 0.7062143640625 0.316091009375 0.7179139250000001 0.3189692984375 0.7229440796875 0.3276133046875 0.7109375
0 0.321394371875 0.7271052625000001 0.3253417390625 0.730893640625 0.3312627921875 0.7162883765625 0.32757858125 0.7127357453125 0.321394371875 0.7271052625000001
0 0.34025219375 0.7073930921875 0.3354788015625 0.7059731359375 0.3321052625 0.723651315625 0.337024853125 0.725411184375 0.34025219375 0.7073930921875
0 0.3763888890625 0.608168859375 0.3796491234375 0.6104934203125 0.38258771875 0.601578946875 0.37951754375 0.5992434203125 0.3763888890625 0.608168859375
1 0.3717105265625 0.6182565796875 0.374634503125 0.6205592109375 0.3770650578125 0.6122807015625 0.373885234375 0.61008771875 0.3717105265625 0.6182565796875
0 0.359758771875 0.6125548249999999 0.35725511718749997 0.6174890343749999 0.36641081875000003 0.627768640625 0.36913377187499996 0.6224506578125 0.359758771875 0.6125548249999999
0 0.354258040625 0.6225328953125 0.35298793906250003 0.6283031796875 0.363757309375 0.6337966015625 0.364989034375 0.627497259375 0.354258040625 0.6225328953125
1 0.3678399125 0.6150822375 0.370796784375 0.6080317984375 0.356206140625 0.594106359375 0.3530226609375 0.6006441890625001 0.3678399125 0.6150822375
0 0.3410489765625 0.6096820171874999 0.3447624265625 0.61366228125 0.35260599375 0.59865405625 0.3486293859375 0.59462719375 0.3410489765625 0.6096820171874999
0 0.3341812859375 0.604229715625 0.33671418124999997 0.6094572375 0.346573465625 0.5974095390625 0.3438066515625 0.5923519734375 0.3341812859375 0.604229715625
0 0.3322880109375 0.5953645828125 0.335052996875 0.6007648031249999 0.3449433484375 0.5893941890625001 0.3421399859375 0.5841091015625001 0.3322880109375 0.5953645828125
0 0.3249269 0.5876370609375 0.32739400625 0.5934210531249999 0.33664108125 0.5833607453125 0.333954678125 0.5779687499999999 0.3249269 0.5876370609375
1 0.36169590625 0.5838541671875 0.36330409375 0.5855537281250001 0.3658954671875 0.579632675 0.3642178359375 0.5779331140624999 0.36169590625 0.5838541671875
0 0.3515899125 0.5771107453125001 0.35392909375000003 0.571546053125 0.3456341375 0.5643229171875 0.3433607453125 0.5696655703125 0.3515899125 0.5771107453125001
1 0.3332894734375 0.571578946875 0.33547331874999997 0.5729605265625 0.337447003125 0.5670394734374999 0.3353161546875 0.5658168859375 0.3332894734375 0.571578946875
0 0.3326388890625 0.537911184375 0.335294225 0.53235745625 0.32550438593750003 0.521321271875 0.32278874218750003 0.526389803125 0.3326388890625 0.537911184375
0 0.3242288015625 0.5436595390625001 0.3281761703125 0.5392543859375001 0.32021929843749997 0.525282346875 0.31655519062500004 0.5297807015625 0.3242288015625 0.5436595390625001
0 0.3202850875 0.5505756578125001 0.323757309375 0.54616228125 0.31677631562499997 0.5342845390625001 0.3134868421875 0.5385416671875001 0.3202850875 0.5505756578125001
0 0.319225146875 0.512883771875 0.3183059203125 0.5065433109375 0.30709429843749997 0.50957236875 0.30778874218749996 0.51663103125 0.319225146875 0.512883771875
1 0.3252192984375 0.5157346484375 0.33158991250000003 0.521532346875 0.33972953281249996 0.5004550437499999 0.3333625734375 0.49527138125 0.3252192984375 0.5157346484375
0 0.318402778125 0.5028782890625 0.31894736875 0.4958717109375 0.30672514687499997 0.492598684375 0.3057200296875 0.499588815625 0.318402778125 0.5028782890625
0 0.3068165203125 0.4921875 0.308357090625 0.4857483546875 0.2971125734375 0.48020833281249997 0.295760234375 0.48632127187499996 0.3068165203125 0.4921875
0 0.32425073125 0.495668859375 0.3258881578125 0.48933662343749995 0.3161111109375 0.48353892500000006 0.3147459796875 0.49063322343750004 0.32425073125 0.495668859375
0 0.33654970781250004 0.48686951718750004 0.34150219375 0.48599232499999995 0.33986659375 0.468122259375 0.335091375 0.4693503296875 0.33654970781250004 0.48686951718750004
0 0.3475146203125 0.46485745625 0.34908625781249997 0.45849780625000003 0.3376096484375 0.45257675468749997 0.3360745609375 0.4583333328125 0.3475146203125 0.46485745625
0 0.36113486875 0.46275493437500004 0.36540935625 0.46623355312500003 0.37209247031250003 0.4481578953125 0.3676827484375 0.4448163375 0.36113486875 0.46275493437500004
0 0.3679879390625 0.46733004375 0.37177814374999996 0.46979440781250004 0.3757255109375 0.4576206140625 0.3720942984375 0.45534539531249996 0.3679879390625 0.46733004375
1 0.36767178437500003 0.468283990625 0.365277778125 0.47420504374999994 0.3763249265625 0.48279057031250006 0.3785672515625 0.4765871703125 0.36767178437500003 0.468283990625
0 0.38969298281250003 0.46011513125 0.384998171875 0.457442434375 0.38026315781250003 0.47494517500000005 0.384429825 0.4775493421875 0.38969298281250003 0.46011513125
0 0.3947624265625 0.4674479171875 0.3912097953125 0.4635690796875 0.384777046875 0.47584978125 0.38824926875 0.47985197343749997 0.3947624265625 0.4674479171875
0 0.40027412343749996 0.46918859687500003 0.402741228125 0.4645559203125 0.395475146875 0.4557538375 0.39304276250000003 0.4603481359375 0.40027412343749996 0.46918859687500003
0 0.41056286562500005 0.47576754374999997 0.41220760156249997 0.47039473750000005 0.4028581875 0.464473684375 0.4010416671875 0.46976425468749994 0.41056286562500005 0.47576754374999997
0 0.41961440000000005 0.46671874999999996 0.41538194375000004 0.46345120624999997 0.4093512421875 0.47946271874999996 0.41358187187500006 0.48268366250000005 0.41961440000000005 0.46671874999999996
0 0.400221125 0.4495093203125 0.39756944375000003 0.45496162343749996 0.4079586984375 0.46490405625 0.4106743421875 0.45893640312499995 0.400221125 0.4495093203125
0 0.4154239765625 0.45775767500000003 0.4172697375 0.45175438593750006 0.4067799703125 0.44408991249999996 0.40466008750000004 0.4500274125 0.4154239765625 0.45775767500000003
1 0.40999634531250007 0.43865131562500004 0.4088633046875 0.4427083328125 0.4154239765625 0.44703947343749995 0.4166666671875 0.44269736875000004 0.40999634531250007 0.43865131562500004
1 0.472313596875 0.43541666718750005 0.470687134375 0.43977521875000003 0.47705226562499997 0.44455592031249996 0.47860562812499996 0.43989583281250005 0.472313596875 0.43541666718750005
0 0.49696637499999996 0.4576206140625 0.5006396203125 0.46038925468749997 0.5052375734375001 0.44538103125 0.5013706140624999 0.44309210468750004 0.49696637499999996 0.4576206140625
1 0.5160307015625001 0.430471490625 0.5141812859375 0.4325657890625 0.5173062859375 0.43821271875 0.51921418125 0.43633771875000005 0.5160307015625001 0.430471490625
0 0.4361659359375 0.4842379390625 0.43834064375 0.4782346484375 0.42732090625 0.4693804828125 0.42516447343749997 0.47565789531249997 0.4361659359375 0.4842379390625
0 0.41491228125 0.500054825 0.4185489765625 0.5032894734375 0.42302631562500004 0.492354715625 0.41968201718750003 0.489446271875 0.41491228125 0.500054825
0 0.44241593593750006 0.531661184375 0.4459100875 0.5351096484375 0.451206140625 0.5234649124999999 0.44793676875 0.5206606359375 0.44241593593750006 0.531661184375
0 0.4457730265625 0.5357483546874999 0.443751828125 0.540723684375 0.452088815625 0.547971490625 0.4540478796875 0.5428070171875 0.4457730265625 0.5357483546874999
0 0.4644078953125 0.5505592109374999 0.4661184203125 0.5452631578125 0.45839912343749994 0.5399671046875001 0.456578946875 0.5449671046875 0.4644078953125 0.5505592109374999
0 0.46167763125 0.5790570171875 0.46343201718750004 0.5728892546875 0.45310672500000004 0.565981359375 0.451114765625 0.572203946875 0.46167763125 0.5790570171875
0 0.44773757343750004 0.59550986875 0.45118055625000003 0.5985882671875 0.4577850875 0.583168859375 0.45421235312499997 0.5802083328125 0.44773757343750004 0.59550986875
0 0.452722953125 0.6036184203125 0.45630482499999997 0.6066611843749999 0.46154970781250004 0.59451754375 0.4577302625 0.5912554828125 0.452722953125 0.6036184203125
0 0.4341557015625 0.6047697375000001 0.4376096484375 0.608196271875 0.44343932812500003 0.5954769734375 0.4400219296875 0.592489034375 0.4341557015625 0.6047697375000001
0 0.4291118421875 0.600054825 0.4327119890625 0.6036184203125 0.43815789531249993 0.591803728125 0.43457602343749996 0.5885690796875 0.4291118421875 0.600054825
0 0.42302631562500004 0.5951206140624999 0.42657163750000004 0.5982456140625 0.431615496875 0.5857456140624999 0.4279970765625 0.5828399125 0.42302631562500004 0.5951206140624999
0 0.43183114062500005 0.6098053734375 0.429203215625 0.615296053125 0.4390716375 0.6249725875000001 0.44152046718750004 0.61951754375 0.43183114062500005 0.6098053734375
0 0.43121345 0.62256030625 0.4294407890625 0.6285635968750001 0.43832236875 0.633936403125 0.4400584796875 0.627768640625 0.43121345 0.62256030625
0 0.386421784375 0.529331140625 0.38949195937500003 0.53349780625 0.3962353796875 0.5233552625 0.39289108125 0.5193804828124999 0.386421784375 0.529331140625
0 0.40396564375 0.5381304828125 0.406716009375 0.5331058109375 0.3974963453125 0.5221655703125 0.39481176875 0.527184759375 0.40396564375 0.5381304828125
0 0.399524853125 0.5434758765625001 0.4019170328125 0.5376069078125 0.39351608125 0.529317434375 0.3908644 0.5346683109375 0.399524853125 0.5434758765625001
0 0.3959429828125 0.5510690796875 0.3984100875 0.5452850875 0.3883954671875 0.5359100875 0.38589181250000004 0.5411184203125 0.3959429828125 0.5510690796875
0 0.38580226562500003 0.58194353125 0.38807565781250003 0.5757483546875 0.37704861093750003 0.5665953953125 0.374698465625 0.5723930921875 0.38580226562500003 0.58194353125
0 0.3845394734375 0.5927357453125001 0.3868238296875 0.5863212718749999 0.3755299703125 0.57733004375 0.3733369890625 0.5833607453125 0.3845394734375 0.5927357453125001
0 0.36712353750000004 0.5784265343749999 0.371454678125 0.5818804828124999 0.37576754375 0.56800986875 0.3716374265625 0.56493969375 0.36712353750000004 0.5784265343749999
0 0.37218567187499996 0.5625 0.37613304062499997 0.5655153515625 0.3802266078125 0.5528782890625 0.3765168125 0.5501096484375 0.37218567187499996 0.5625
0 0.3549707609375 0.5673519734375 0.357401315625 0.5618146937499999 0.34789839218749996 0.5528508765625 0.3455957609375 0.5580317984375001 0.3549707609375 0.5673519734375
0 0.36459978125000003 0.54254111875 0.36070906406250003 0.5383771937499999 0.353143275 0.553536184375 0.35709064375 0.5580317984375001 0.36459978125000003 0.54254111875
0 0.35222953281249997 0.5540021937499999 0.35437865468749996 0.549078946875 0.3467653515625 0.541748903125 0.34468201718749997 0.5461896937499999 0.35222953281249997 0.5540021937499999
0 0.353216375 0.5462719296875 0.35625 0.5403508765625 0.3470029234375 0.52881030625 0.3438961984375 0.534046053125 0.353216375 0.5462719296875
0 0.3535763890625 0.53171875 0.35524305625 0.5258059203125 0.345769371875 0.5196107453125001 0.344133771875 0.5252467109375 0.3535763890625 0.53171875
0 0.3678618421875 0.5363788375 0.3718421046875 0.53899396875 0.3768439328125 0.5220531796875 0.37305372812500004 0.5195531796874999 0.3678618421875 0.5363788375
0 0.371929825 0.5217105265625 0.373848684375 0.515981359375 0.3631469296875 0.5085307015625 0.3613797515625 0.5137883765625 0.371929825 0.5217105265625
0 0.3778508765625 0.5075932015625 0.3800932015625 0.5020422156250001 0.370365496875 0.49422697343750005 0.3680921046875 0.499671053125 0.3778508765625 0.5075932015625
0 0.365533625 0.5057017546875 0.3673245609375 0.499616228125 0.35736476562499997 0.494216009375 0.35553728125 0.5002741234375 0.365533625 0.5057017546875
1 0.356706871875 0.48952850937500003 0.352028509375 0.48673245625000006 0.346783625 0.504989034375 0.35162646249999996 0.5077850875000001 0.356706871875 0.48952850937500003
0 0.3443165203125 0.49344846562500005 0.3485307015625 0.4964802625 0.3524780703125 0.483848684375 0.34866228125 0.481151315625 0.3443165203125 0.49344846562500005
1 0.9824195906250001 0.94756030625 0.9795321640625 0.9547697375 0.9942068718750001 0.9670504390625 0.9970029234375 0.9598410093749999 0.9824195906250001 0.94756030625
0 0.60694444375 0.6540570171875 0.60539108125 0.6594024125 0.6151498531249999 0.6658442984375 0.61646564375 0.6604440796875 0.60694444375 0.6540570171875
0 0.6080226609375 0.6871710531249999 0.610526315625 0.681661184375 0.6009411546875 0.671304825 0.5983187140624999 0.6766995609374999 0.6080226609375 0.6871710531249999
0 0.6043128656250001 0.6946546046875001 0.6068530703125 0.6889254390625 0.5970029234374999 0.678453946875 0.59446271875 0.6837993421874999 0.6043128656250001 0.6946546046875001
0 0.622350146875 0.8114035093749999 0.6265168125 0.8145833328125001 0.631633771875 0.79912280625 0.6273574562500001 0.795778509375 0.622350146875 0.8114035093749999
1 0.5439144734375 0.30849780625 0.546783625 0.30487938593749997 0.5420687140625 0.297341009375 0.5392543859375001 0.301096490625 0.5439144734375 0.30849780625
0 0.45325475156249995 0.2109100875 0.4600219296875 0.2227768640625 0.463733553125 0.21844024062499998 0.45729349375000006 0.2068969296875 0.45325475156249995 0.2109100875
0 0.2853435671875 0.5325932015625 0.2862207609375 0.5384594296875 0.296820175 0.5342653515625 0.29587719375 0.528739034375 0.2853435671875 0.5325932015625
1 0.314382309375 0.4875 0.31545138906250003 0.483237390625 0.3096491234375 0.48045504375 0.3087353796875 0.484703946875 0.314382309375 0.4875
1 0.35069444375000003 0.456633771875 0.3549524859375 0.46038103125 0.36171052656249997 0.44304550468750004 0.3574780703125 0.43972861874999997 0.35069444375000003 0.456633771875
1 0.38850511718749997 0.48333333281249996 0.3862024859375 0.4895833328125 0.397971490625 0.498876096875 0.40031067187499997 0.4922971484375 0.38850511718749997 0.48333333281249996
0 0.41608004374999996 0.45922149062499995 0.42006578906250003 0.4624177625 0.42547880156250006 0.4464309203125 0.421195175 0.44358826718750005 0.41608004374999996 0.45922149062499995
1 0.483972953125 0.43492324531250004 0.48596491249999996 0.426206140625 0.46997807031249994 0.417014803125 0.467483553125 0.42516447343749997 0.483972953125 0.43492324531250004
1 0.3834429828125 0.5451480265625 0.380811403125 0.5510416671875 0.3920413015625 0.5620065796875 0.3946728796875 0.5556524125 0.3834429828125 0.5451480265625
1 0.366045321875 0.541091009375 0.36770833281250004 0.5344572375000001 0.3553581875 0.527398575 0.3536184203125 0.5338267546875 0.366045321875 0.541091009375
1 0.3663011703125 0.5306578953125001 0.3686476609375 0.5237828953125 0.3564784359375 0.5159237937500001 0.3544042390625 0.5219819078125 0.3663011703125 0.5306578953125001
1 0.3772185671875 0.5167269734375 0.379524853125 0.5103316890625 0.36799707656249997 0.5001480265625 0.365535453125 0.50649396875 0.3772185671875 0.5167269734375
1 0.8171637421875 0.601578946875 0.8171418125000001 0.599533990625 0.8126096484374999 0.59967379375 0.8126096484374999 0.6017543859375001 0.8171637421875 0.601578946875
0 0.8057565796875 0.745696271875 0.8020650578125 0.7421052625 0.79762426875 0.7531524125 0.8014985375 0.7564418859375001 0.8057565796875 0.745696271875
0 0.9620431281249999 0.9341008765625001 0.9597953218749999 0.9389528515625001 0.96789108125 0.9462719296875 0.969956140625 0.9412554828124999 0.9620431281249999 0.9341008765625001
1 0.8097587718750001 0.752741228125 0.8059758765625 0.7493969296875 0.8052631578125 0.7514254390625 0.8089364031249999 0.7547423249999999 0.8097587718750001 0.752741228125
1 0.659722221875 0.4375 0.6610380109375 0.43421052656250003 0.656341375 0.42998903437499997 0.6550255843749999 0.433223684375 0.659722221875 0.4375
1 0.7954312859375 0.5861293859375001 0.7893640343749999 0.58042763125 0.7771381578125001 0.6114857453125 0.7830043859375 0.6165844296875 0.7954312859375 0.5861293859375001
1 0.5002010234375 0.5353344296875 0.49786184218749996 0.5333607453125 0.49504751406249997 0.540186403125 0.4974780703125 0.5422697375000001 0.5002010234375 0.5353344296875
0 0.633991228125 0.6501918859375 0.6377741234375 0.6523574562500001 0.6409173984375001 0.6400767546874999 0.6372258765625001 0.6379934203125 0.633991228125 0.6501918859375
0 0.48481359687500003 0.608141446875 0.482437865625 0.6135690796875 0.49110014687500003 0.6219572375 0.4935307015625 0.6161184203125 0.48481359687500003 0.608141446875
0 0.47998903437499996 0.6196546046875 0.47695540937500003 0.626096490625 0.48552631562500004 0.6350328953125 0.48861476562500006 0.6282072375000001 0.47998903437499996 0.6196546046875
1 0.4046418125 0.8259046046874999 0.4090826015625 0.8299067984375 0.4157346484375 0.81324013125 0.4110380109375 0.8095668859374999 0.4046418125 0.8259046046874999
0 0.41366959062499997 0.866036184375 0.4216008765625 0.8716282890624999 0.423885234375 0.86477521875 0.41628289531249996 0.8593475875 0.41366959062499997 0.866036184375
1 0.40133406406249994 0.7809758765625 0.399524853125 0.779303728125 0.39784356718749997 0.7825932015625 0.39970760156249996 0.7841282890625 0.40133406406249994 0.7809758765625
1 0.381725146875 0.8216282890625 0.380171784375 0.8200657890624999 0.378527046875 0.8236567984375001 0.380062134375 0.8251096484374999 0.381725146875 0.8216282890625
1 0.37183845 0.83673245625 0.3704130109375 0.8356633765625 0.369097221875 0.8390625 0.37052266093749997 0.8401864031249999 0.37183845 0.83673245625
1 0.3270833328125 0.9466557015625 0.3254934203125 0.9452850875 0.3239400578125 0.9489309203125 0.3255847953125 0.9503015343750001 0.3270833328125 0.9466557015625
1 0.4938231 0.2502741234375 0.49540021875000007 0.24819353125000002 0.4919773390625 0.24292763125 0.4905519 0.2450657890625 0.4938231 0.2502741234375
1 0.478600146875 0.20849780624999997 0.48139619843750003 0.2049342109375 0.4771929828125 0.19734100937500001 0.4741721484375 0.2010444078125 0.478600146875 0.20849780624999997
1 0.4068896203125 0.082401315625 0.40855263124999996 0.08072916718749999 0.4061769 0.075383771875 0.404364034375 0.0772697375 0.4068896203125 0.082401315625
0 0.17916666718750002 0.8020833328125001 0.176133040625 0.8088267546875001 0.184831871875 0.8177905703125001 0.187975146875 0.8114035093749999 0.17916666718750002 0.8020833328125001
1 0.3109831875 0.7054824562500001 0.31503654999999997 0.7121792765625 0.3264985375 0.6942982453125001 0.32238669531249997 0.6885416671875 0.3109831875 0.7054824562500001
0 0.33441155 0.5606633765625 0.338633040625 0.5653508765625 0.34375 0.554742325 0.339382309375 0.5498081140625 0.33441155 0.5606633765625
0 0.3587902046875 0.45449561406249994 0.3625 0.45751096562500004 0.366812865625 0.4455592109375 0.3634137421875 0.4427905703125 0.3587902046875 0.45449561406249994
0 0.3736476609375 0.469078946875 0.3772112578125 0.47266995625 0.38229349375 0.46183662343750004 0.37885599375 0.45866228124999997 0.3736476609375 0.469078946875
0 0.4001096484375 0.49018640312499995 0.40235745625 0.48407346562500003 0.3921235375 0.47686403437499997 0.3900584796875 0.48253837656250004 0.4001096484375 0.49018640312499995
0 0.43754203281250004 0.4443092109375 0.43525219374999996 0.4499725875 0.444883040625 0.4577028515625 0.447350146875 0.45175438593750006 0.43754203281250004 0.4443092109375
0 0.43667763125 0.4518366234375 0.43230994218749996 0.4501644734375 0.42889254374999997 0.465981359375 0.43333333281249997 0.46792763125 0.43667763125 0.4518366234375
1 0.421820175 0.5077028515625 0.4192616953125 0.513596490625 0.4309941515625 0.5239309203125 0.43351608124999996 0.5178179828125 0.421820175 0.5077028515625
0 0.4701388890625 0.5641447375 0.47273391875000004 0.558168859375 0.46293859687500005 0.54931469375 0.46019736875 0.5551809203125 0.4701388890625 0.5641447375
0 0.45864400625 0.565625 0.461366959375 0.5592105265625 0.4505665203125 0.54925986875 0.44786184218749997 0.5549890343749999 0.45864400625 0.565625
0 0.43958333281249995 0.6083881578125 0.443274853125 0.6123903515625 0.4494517546875 0.5994243421875 0.4458881578125 0.595723684375 0.43958333281249995 0.6083881578125
0 0.4096673984375 0.53358004375 0.4123720765625 0.528563596875 0.40502558437499997 0.520614034375 0.40224780625 0.525438596875 0.4096673984375 0.53358004375
0 0.390679825 0.571875 0.3931286546875 0.5656524125 0.383114034375 0.5575657890625 0.38067434218749996 0.5634786187499999 0.390679825 0.571875
0 0.3563779234375 0.5660635968750001 0.360599415625 0.5697642546874999 0.36639254375 0.5545778515625 0.362043128125 0.5511239031249999 0.3563779234375 0.5660635968750001
0 0.264956140625 0.3638404609375 0.269078946875 0.359320175 0.262116228125 0.345778509375 0.258132309375 0.350411184375 0.264956140625 0.3638404609375
0 0.2578581875 0.350466009375 0.2620065796875 0.3458196265625 0.2545504390625 0.33399122812500004 0.2506578953125 0.338623903125 0.2578581875 0.350466009375
0 0.9261732453124999 1 0.927489034375 0.9961705046875 0.922975146875 0.9922231359374999 0.9203563593749999 1 0.9261732453124999 1