0 0.71801900625 0.568804825 0.715953946875 0.5627467109375 0.7061038015625 0.5704221484375 0.7081871343749999 0.5765350875 0.71801900625 0.568804825
0 0.7151315796875 0.5591282890625 0.7127010234375 0.5540570171875 0.705043859375 0.5628015343749999 0.707437865625 0.5677631578125 0.7151315796875 0.5591282890625
0 0.6990131578125001 0.5505208328125 0.696875 0.5447368421875 0.6888340640624999 0.551891446875 0.690972221875 0.5576206140625 0.6990131578125001 0.5505208328125
0 0.67587719375 0.5419133765625 0.6778874265625 0.5484375 0.6885928359375 0.5407867328125 0.6866191515625 0.5345367328124999 0.67587719375 0.5419133765625
0 0.6849232453125 0.5317434203125 0.6830774859375001 0.5259594296875 0.6745065796875 0.532456140625 0.6763340640625 0.53826754375 0.6849232453125 0.5317434203125
0 0.681560671875 0.5241228062500001 0.6797697375 0.5185032890625 0.6712353796875 0.525 0.6730994156250001 0.5306469296875 0.681560671875 0.5241228062500001
0 0.679258040625 0.5157072375 0.67735745625 0.51014254375 0.668731725 0.5166118421875 0.6705226609375 0.522313596875 0.679258040625 0.5157072375
0 0.7029788015625 0.52883771875 0.7007675437499999 0.5228070171875 0.6922149125 0.529989034375 0.6944809937499999 0.5359923249999999 0.7029788015625 0.52883771875
0 0.7006578953125 0.5194078953125 0.698757309375 0.513651315625 0.688578215625 0.52102521875 0.6905701750000001 0.5269736843749999 0.7006578953125 0.5194078953125
0 0.7145833328125 0.5192708328125 0.7128709796875 0.513453946875 0.70327668125 0.519841009375 0.705007309375 0.52574013125 0.7145833328125 0.5192708328125
0 0.7009137421875 0.511403509375 0.7029788015625 0.517571271875 0.71323099375 0.5100328953125 0.711257309375 0.50383771875 0.7009137421875 0.511403509375
0 0.7103801171875 0.5023574562500001 0.7083333328125 0.4966008765625 0.700383771875 0.5030153515625 0.70241228125 0.5087993421875 0.7103801171875 0.5023574562500001
0 0.7019005843749999 0.48980263125 0.700091375 0.4841831140625 0.6922697375 0.489446271875 0.6940423984375 0.4951754390625 0.7019005843749999 0.48980263125
0 0.9821454671875 0.644106359375 0.9799342109375001 0.63834978125 0.9716922515625 0.6458607453125 0.9740131578125 0.6516447375000001 0.9821454671875 0.644106359375
0 0.9865314328125001 0.6549067984375 0.984758771875 0.6497807015625 0.9773757312500001 0.6560581140624999 0.9791666671874999 0.6610745609374999 0.9865314328125001 0.6549067984375
1 0.922953215625 0.7268092109375 0.9240497078125 0.72900219375 0.9275402046875 0.7254934203125 0.9264437140625 0.7231633765625001 0.922953215625 0.7268092109375
1 0.9165935671875 0.7321546046875 0.91326754375 0.7347039468750001 0.9142543859375 0.7375548249999999 0.9175073093749999 0.7350603062500001 0.9165935671875 0.7321546046875
0 0.8149853796875 0.0959703953125 0.8132492687499999 0.0907894734375 0.804892178125 0.097102521875 0.8066337718750001 0.102327303125 0.8149853796875 0.0959703953125
0 0.7771381578125001 0.09958881562500001 0.7779057015624999 0.1051809203125 0.786366959375 0.1025493421875 0.785562865625 0.09712171093750001 0.7771381578125001 0.09958881562500001
0 0.76878655 0.10734649062499999 0.7705409359375001 0.11233552656250001 0.7780281437500001 0.10610471562499998 0.7762920328125 0.10141721562499999 0.76878655 0.10734649062499999
0 0.7639802625 0.122176534375 0.76474780625 0.127823465625 0.772989765625 0.12494517499999999 0.7721673984375 0.11943530625000001 0.7639802625 0.122176534375
0 0.74914108125 0.0989857453125 0.7459612578125 0.1012883765625 0.751078215625 0.116008771875 0.754367690625 0.11351425468750001 0.74914108125 0.0989857453125
0 0.743293128125 0.15293311406250001 0.744974415625 0.1580043859375 0.7528691515625 0.15200109687500002 0.751151315625 0.14701206093750002 0.743293128125 0.15293311406250001
0 0.663687865625 0.1295504390625 0.666758040625 0.1272203953125 0.6616301171875001 0.1128508765625 0.65855263125 0.1149945171875 0.663687865625 0.1295504390625
0 0.6692799703125 0.1447916671875 0.6721491234375 0.1426809203125 0.6681834796875 0.1310855265625 0.665241228125 0.133251096875 0.6692799703125 0.1447916671875
0 0.675383771875 0.16321271875 0.67887426875 0.160581140625 0.6737024859375 0.1459429828125 0.6702119890625 0.1484649125 0.675383771875 0.16321271875
0 0.527046784375 0 0.5301900578125001 0.007346490625 0.53362573125 0.0044682015625 0.53196271875 0 0.527046784375 0
0 0.5795869890625001 0.05367324531249999 0.5755847953125001 0.0567434203125 0.5807200296875 0.069873903125 0.584813596875 0.0665296046875 0.5795869890625001 0.05367324531249999
0 0.585471490625 0.068448465625 0.5813779234374999 0.07132675468750001 0.5864400578125 0.0852796046875 0.59058845 0.0821546046875 0.585471490625 0.068448465625
0 0.605793128125 0.0833607453125 0.6042763156250001 0.0782346484375 0.5966739765625 0.0829769734375 0.5982090640625 0.08834978125000001 0.605793128125 0.0833607453125
0 0.6068530703125 0.1807291671875 0.6108187140625 0.1776315796875 0.606560671875 0.16663925468750002 0.6025584796875 0.16957236874999998 0.6068530703125 0.1807291671875
0 0.6064692984375 0.2026315796875 0.6024305562500001 0.2056469296875 0.606670321875 0.21743421093749998 0.6106542390625 0.21425438593749999 0.6064692984375 0.2026315796875
0 0.5846125734375 0.19174890312499998 0.5805190062500001 0.1950932015625 0.5859466375 0.2084429828125 0.58993055625 0.20501644687499998 0.5846125734375 0.19174890312499998
0 0.58976608125 0.24150219375 0.5919590640625 0.247286184375 0.6020650578125 0.2384594296875 0.5999086250000001 0.2329221484375 0.58976608125 0.24150219375
0 0.5791118421875 0.25106907968750003 0.5814875734375 0.25696271875 0.5915570171875 0.24766995625 0.5892543859375 0.2420230265625 0.5791118421875 0.25106907968750003
0 0.7732821640624999 0.1486842109375 0.7755299703125 0.1545504390625 0.78366228125 0.14772478125 0.7814510234375 0.1421052625 0.7732821640624999 0.1486842109375
0 0.8047331874999999 0.1905153515625 0.8084429828124999 0.187938596875 0.80398391875 0.17390350937500001 0.8002558484375 0.17628837656250002 0.8047331874999999 0.1905153515625
0 0.7353252921875 0.2641447375 0.7369152046874999 0.2697642546875 0.74683845 0.2634046046875 0.7453033625 0.2579495609375 0.7353252921875 0.2641447375
0 0.42931286562500004 0.0053453953125 0.4281981 0.0013157890625 0.42049890312500005 0.0056304828125 0.4216557015625 0.009868420312499999 0.42931286562500004 0.0053453953125
0 0.5423976609375 0.28355263124999996 0.540625 0.27768640312500004 0.5306834796875 0.28404605312500003 0.532401315625 0.29013157968750003 0.5423976609375 0.28355263124999996
0 0.9358369890624999 0.218366228125 0.9376461984375 0.2236842109375 0.945778509375 0.2173793859375 0.9440423984375 0.21225328906250002 0.9358369890624999 0.218366228125
0 0.89921418125 0.25622258750000004 0.8969481 0.2510142546875 0.88980263125 0.257867325 0.8921235375000001 0.26326754375 0.89921418125 0.25622258750000004
0 0.8416666671874999 0.31800986875000004 0.8396564328125 0.3125274125 0.8311038015625 0.31954495625 0.8331323093749999 0.3251370609375 0.8416666671874999 0.31800986875000004
0 0.8547514625 0.3271655703125 0.8579678359375 0.3302083328125 0.862920321875 0.3181469296875 0.8598501468749999 0.315186403125 0.8547514625 0.3271655703125
0 0.7499269 0.361239034375 0.752028509375 0.36699561406250003 0.7619517546875 0.35860745625 0.7598501468750001 0.353125 0.7499269 0.361239034375
1 0.84762426875 0.7989857453125 0.8464254390624999 0.7957291671875 0.8427814328125001 0.7983278515625 0.8439400578124999 0.8017324562500001 0.84762426875 0.7989857453125
1 0.8379331140625 0.8075466015625 0.8338815796875 0.8110745609375 0.83510599375 0.8140899125000001 0.8391209796875 0.8105619515625 0.8379331140625 0.8075466015625
1 0.8357766812499999 0.816702303125 0.8371345031249999 0.819956140625 0.8412828953125 0.81633771875 0.8399616234374999 0.8130564687499999 0.8357766812499999 0.816702303125
1 0.8381761703124999 0.9750274125 0.8419956140625 0.9861019734375001 0.8553545328125001 0.975301534375 0.8513523390625 0.9640350874999999 0.8381761703124999 0.9750274125
0 0.91165935625 0.7473958328125 0.9137244156250001 0.7525767546875 0.9219115499999999 0.7451754390625001 0.919864765625 0.7400219296875 0.91165935625 0.7473958328125
0 0.8993238296875001 0.784846490625 0.9008771937500001 0.7904331140624999 0.908954678125 0.78522478125 0.9073775578125 0.7796354171875 0.8993238296875001 0.784846490625
0 0.904276315625 0.6959429828125 0.9011111109375 0.6980455046875 0.9045321640624999 0.70936129375 0.9077485375000001 0.7072094296875 0.904276315625 0.6959429828125
0 0.8995065796875 0.7007675437499999 0.8959429828125 0.7033717109375 0.900420321875 0.716776315625 0.90391081875 0.7141447375000001 0.8995065796875 0.7007675437499999
0 0.891885965625 0.70849780625 0.88819444375 0.7108552625 0.89148391875 0.7224780703125 0.8951754390625 0.7202302625 0.891885965625 0.70849780625
0 0.887865496875 0.712061403125 0.8842836249999999 0.7145833328125 0.8881761703125 0.7271107453125001 0.891758040625 0.724616228125 0.887865496875 0.712061403125
0 0.882364765625 0.715981359375 0.8788925437499999 0.7177357453125001 0.8813413750000001 0.7286184203125 0.8848684203125 0.7267269734374999 0.882364765625 0.715981359375
0 0.8770833328125001 0.7203399125 0.8741045328125001 0.7217105265625 0.8763157890625 0.7329221484375 0.8793676906250001 0.7314967109375 0.8770833328125001 0.7203399125
0 0.8716191515625 0.7244517546875 0.8686641078124999 0.7271189687499999 0.873099415625 0.7373903515625 0.87597405 0.7347669953125 0.8716191515625 0.7244517546875
0 0.869828215625 0.73053728125 0.8670869890624999 0.73040021875 0.8669846484375 0.7392598687499999 0.8697733921875 0.739364034375 0.869828215625 0.73053728125
0 0.8634137421875 0.7304550437499999 0.8600511703124999 0.7334703953124999 0.865204678125 0.7463541671875 0.8684576015625 0.743366228125 0.8634137421875 0.7304550437499999
0 0.8593384500000001 0.7349506578125 0.855793128125 0.7375548249999999 0.8599963453124999 0.7515899125 0.8635416671874999 0.7489309203125 0.8593384500000001 0.7349506578125
0 0.772331871875 0.8711074562500001 0.774908625 0.8774671046875 0.7846491234374999 0.86800986875 0.78207236875 0.8618695171875 0.772331871875 0.8711074562500001
1 0.7308114031249999 0.9080043859375 0.727010234375 0.8982182015625 0.7076461984375 0.91446271875 0.7114181281249999 0.9246600875000001 0.7308114031249999 0.9080043859375
0 0.68203581875 0.94459978125 0.6797880109375 0.9388157890625 0.6712719296875 0.9466831140625 0.6735562859375 0.95230263125 0.68203581875 0.94459978125
0 0.6421235375000001 0.9805646937500001 0.6396747078125 0.9745339906250001 0.6296418125 0.98366228125 0.63210891875 0.9897203953125 0.6421235375000001 0.9805646937500001
0 0.623026315625 0.9533442984375 0.6185489765625001 0.9553453953125001 0.621491228125 0.9696546046875 0.6260599421874999 0.9674067984375 0.623026315625 0.9533442984375
0 0.623757309375 0.9114035093749999 0.620741959375 0.9155975875 0.626973684375 0.9260690796875 0.630025584375 0.9219572375 0.623757309375 0.9114035093749999
0 0.6776498531249999 0.8454221484375 0.6732821640625 0.8479440796875 0.676864034375 0.8611842109375001 0.6810672515625 0.85855263125 0.6776498531249999 0.8454221484375
0 0.6971308484375001 0.8356907890624999 0.694060671875 0.8290296046875 0.684850146875 0.8390350874999999 0.6878837718749999 0.8455592109375001 0.6971308484375001 0.8356907890624999
0 0.6869517546874999 0.8176535093749999 0.6840149859375 0.8195148031249999 0.6876644734374999 0.83209978125 0.6906670328125 0.8301507671874999 0.6869517546874999 0.8176535093749999
0 0.6903508765625 0.8148574562500001 0.6880847953125 0.8165844296874999 0.691027046875 0.8246162281249999 0.693293128125 0.8227796046875 0.6903508765625 0.8148574562500001
0 0.3381213453125 0.5171875 0.3420869890625 0.514501096875 0.33720760156249996 0.4990679828125 0.333382675 0.5016447375 0.3381213453125 0.5171875
0 0.9251461984375 0.9255756578125001 0.9230994156250001 0.920751096875 0.9145650578125 0.9290296046875 0.9166301171875 0.9339089906250001 0.9251461984375 0.9255756578125001
0 0.9186184203125001 0.9405290562499999 0.9209247078124999 0.94605263125 0.9284904968750001 0.939007675 0.926206140625 0.9334429828124999 0.9186184203125001 0.9405290562499999
0 0.9311586249999999 0.9455592109375001 0.9291520468750001 0.9405729171875 0.9207602343750001 0.9486842109375001 0.9227887421875 0.9536184203125 0.9311586249999999 0.9455592109375001
0 0.9351973687499999 0.9510964906250001 0.9331323093749999 0.9468475875 0.925365496875 0.9556195171875 0.92741228125 0.9598958328125 0.9351973687499999 0.9510964906250001
0 0.899945175 1 0.9015899125000001 0.9976151312500001 0.8981907890624999 0.9949013156250001 0.8938596484374999 1 0.894919590625 1 0.899945175 1
1 0.9290771203125001 0.9809046046875001 0.931688596875 0.9885690796875 0.9452668125000001 0.9776041671875 0.9425986843749999 0.969928728125 0.9290771203125001 0.9809046046875001
0 0.9341922515625001 0.9665570171875 0.9361476609375 0.9724506578125001 0.943804825 0.9663925437499999 0.941831140625 0.960553728125 0.9341922515625001 0.9665570171875
0 0.8719481 0.9334429828124999 0.8737207609375 0.9385690796875 0.8823099421875 0.9313870609375 0.8807200296875 0.9264528515625001 0.8719481 0.9334429828124999
0 0.880043859375 0.9627192984375 0.8824744156250001 0.9673793859375 0.8887426906250001 0.9600054828125 0.886312134375 0.9552905703125001 0.880043859375 0.9627192984375
0 0.8767726609375 0.94915021875 0.8787828953125001 0.9530427625 0.8849049703125 0.9459429828125 0.8830957609375 0.9420504390625 0.8767726609375 0.94915021875
0 0.8738304093749999 0.9422149125000001 0.8755665203125 0.946573465625 0.8817708328125 0.9410745609375001 0.8801918859375 0.9366995609375 0.8738304093749999 0.9422149125000001
1 0.7893640343749999 0.9719298249999999 0.7944261703125 0.9669682015625 0.7837902046874999 0.9423793859374999 0.7786184203125 0.9471217109375001 0.7893640343749999 0.9719298249999999
1 0.7951937140625 0.9669956140625 0.8006213453125 0.96173245625 0.7920321640625 0.9421326750000001 0.7865771203125 0.9470559203125 0.7951937140625 0.9669956140625
1 0.8104166671874999 0.970641446875 0.8159173984375 0.9649671046874999 0.7970577484375 0.9194353062499999 0.791081871875 0.9252741234374999 0.8104166671874999 0.970641446875
1 0.841114765625 1 0.8312134500000001 0.9684758765625 0.8247441515625 0.9733278515625001 0.832616959375 1 0.841114765625 1
1 0.8278691515625001 0.9469846484375 0.831341375 0.9567982453124999 0.8442982453125 0.94605263125 0.8407894734375001 0.936239034375 0.8278691515625001 0.9469846484375
1 0.83055555625 0.9573464906250001 0.83366228125 0.96650219375 0.8509868421875 0.9525219296874999 0.8478435671875 0.943393640625 0.83055555625 0.9573464906250001
1 0.5444078953125 0.2697916671875 0.5424159359375 0.2620065796875 0.5275950296875 0.2692982453125 0.5294956140625 0.2775219296875 0.5444078953125 0.2697916671875
0 0.5468019 0.25899122812500003 0.5455957609375 0.2531524125 0.536330409375 0.2571546046875 0.5375731 0.26324013125 0.5468019 0.25899122812500003
0 0.5381944437499999 0.248793859375 0.5402595031249999 0.255043859375 0.5510051171875 0.247341009375 0.5489766078125 0.24133771875 0.5381944437499999 0.248793859375
0 0.5446454671875001 0.228536184375 0.5427266078125 0.2225328953125 0.5328764625 0.2290844296875 0.534703946875 0.23514254375000002 0.5446454671875001 0.228536184375
0 0.5403691515625 0.2212171046875 0.5383771937499999 0.21570723749999998 0.5290935671875 0.222998903125 0.5310489765625 0.228563596875 0.5403691515625 0.2212171046875
0 0.5261513156250001 0.211348684375 0.528563596875 0.2169682015625 0.53662280625 0.2094846484375 0.5341922515624999 0.20405701718749997 0.5261513156250001 0.211348684375
0 0.5346838453125 0.2035663375 0.532984284375 0.1987417765625 0.5260763890625 0.2042242328125 0.5278125 0.2092132671875 0.5346838453125 0.2035663375
0 0.5334612578125 0.198026315625 0.5309210531249999 0.19144736874999999 0.5204312859375 0.1998629390625 0.5230994156250001 0.20696271875 0.5334612578125 0.198026315625
1 0.4868603796875 0.17417763125000002 0.490277778125 0.170614034375 0.4836988296875 0.156633771875 0.48028143281249996 0.1599232453125 0.4868603796875 0.17417763125000002
0 0.5091008765625 0.14860197343749998 0.5071271937499999 0.1431195171875 0.4989948828125 0.14912280625000002 0.5010416671875 0.1547697375 0.5091008765625 0.14860197343749998
0 0.5018092109375 0.1302083328125 0.4993238296875 0.12475328906250001 0.49133771875 0.1322642546875 0.49384137499999997 0.137828946875 0.5018092109375 0.1302083328125
0 0.48656798281249997 0.1360745609375 0.4900402046875 0.1337719296875 0.4853801171875 0.1187774125 0.4818530703125 0.12108004375 0.48656798281249997 0.1360745609375
0 0.47426900625 0.143311403125 0.4782711984375 0.140570175 0.47344663750000004 0.1243969296875 0.4693530703125 0.126918859375 0.47426900625 0.143311403125
0 0.46997441562500003 0.148026315625 0.473866959375 0.14512061406250001 0.4684685671875 0.129375 0.4645924703125 0.132171053125 0.46997441562500003 0.148026315625
0 0.46279239843750003 0.1458059203125 0.46633771875 0.1431195171875 0.462134503125 0.13078399062499999 0.45853435625000005 0.1333607453125 0.46279239843750003 0.1458059203125
0 0.4034173984375 0.1228344296875 0.40540935625 0.130126096875 0.41383406406249995 0.12478070156250001 0.41180555625000004 0.117653509375 0.4034173984375 0.1228344296875
0 0.3932017546875 0.128591009375 0.3950292390625 0.1359649125 0.4045321640625 0.13048245625 0.402741228125 0.123382675 0.3932017546875 0.128591009375
0 0.40065789531249996 0.078563596875 0.402741228125 0.0853344296875 0.4134868421875 0.0779331140625 0.41138523437499996 0.07146381562500001 0.40065789531249996 0.078563596875
0 0.39824561406250003 0.103070175 0.39418859687499996 0.10570175468750001 0.3986659359375 0.12023026249999999 0.402759503125 0.117626096875 0.39824561406250003 0.103070175
0 0.39305555625 0.10556469375 0.3892361109375 0.10833333281249999 0.3939144734375 0.1213541671875 0.39762426875 0.1185032890625 0.39305555625 0.10556469375
0 0.3889985375 0.1095668859375 0.38523391875 0.1126644734375 0.3900219296875 0.1251096484375 0.39378655 0.1220942984375 0.3889985375 0.1095668859375
0 0.384356725 0.11326754375 0.3805921046875 0.11631030625000001 0.38536184218749997 0.1287554828125 0.3891081875 0.12552083281249998 0.384356725 0.11326754375
0 0.3783534359375 0.10095394687499999 0.375 0.103426534375 0.37914839218749996 0.11510416718750001 0.382401315625 0.11260964843750002 0.3783534359375 0.10095394687499999
0 0.3208698828125 0.1568256578125 0.3189875734375 0.14986293906249998 0.3091557015625 0.1556743421875 0.3111293859375 0.1627741234375 0.3208698828125 0.1568256578125
0 0.33207236875 0.14830043906249998 0.329989034375 0.141831140625 0.31924342031249997 0.1494517546875 0.3213267546875 0.1559758765625 0.33207236875 0.14830043906249998
0 0.33541666718749996 0.1541940796875 0.3334429828125 0.1482182015625 0.3260233921875 0.153536184375 0.3279788015625 0.15956688593749999 0.33541666718749996 0.1541940796875
1 0.3411732453125 0.152028509375 0.343724415625 0.150010965625 0.340990496875 0.14213267499999999 0.33835891875 0.144106359375 0.3411732453125 0.152028509375
0 0.34027777812500004 0.14076206093750002 0.33823099375 0.134676534375 0.33040935625 0.1405153515625 0.332474415625 0.1466282890625 0.34027777812500004 0.14076206093750002
0 0.3392269734375 0.1336211625 0.3368603796875 0.12678179843749998 0.32669956093749997 0.1344024125 0.32900219375 0.1411732453125 0.3392269734375 0.1336211625
0 0.345010965625 0.135608553125 0.3412097953125 0.1376370609375 0.3447368421875 0.15071271875 0.3484466375 0.1486293859375 0.345010965625 0.135608553125
0 0.3495065796875 0.13207236875 0.345668859375 0.134676534375 0.34970760156249997 0.146875 0.353581871875 0.144106359375 0.3495065796875 0.13207236875
0 0.3537280703125 0.126891446875 0.349945175 0.1294682015625 0.3546052625 0.143448465625 0.3583150578125 0.14078947343749998 0.3537280703125 0.126891446875
0 0.3583333328125 0.12316337656250001 0.3544225140625 0.12587719375 0.358991228125 0.1395833328125 0.362953215625 0.1366365125 0.3583333328125 0.12316337656250001
0 0.36854897656249996 0.11907894687500001 0.36471125781249997 0.12168311406250001 0.368658625 0.13352521875 0.3724597953125 0.1310032890625 0.36854897656249996 0.11907894687500001
0 0.3455226609375 0.133936403125 0.349579678125 0.13125 0.345778509375 0.119106359375 0.341831140625 0.121573465625 0.3455226609375 0.133936403125
0 0.339546784375 0.1138157890625 0.335508040625 0.1162280703125 0.3396381578125 0.1306195171875 0.3435489765625 0.12820723750000002 0.339546784375 0.1138157890625
0 0.35073099375 0.11110197343749999 0.34654605312500003 0.11359649062499999 0.3509320171875 0.127741228125 0.355043859375 0.1249177625 0.35073099375 0.11110197343749999
0 0.3563779234375 0.1171052625 0.3587171046875 0.123821271875 0.3690241234375 0.11584429843749999 0.36679459062499997 0.10932017499999999 0.3563779234375 0.1171052625
0 0.35107821562499997 0.11112938593749999 0.353070175 0.11806469374999999 0.36293859687499996 0.11140350937500001 0.36098318749999997 0.1047697375 0.35107821562499997 0.11112938593749999
0 0.34767909375 0.1056469296875 0.349543128125 0.112171053125 0.3591922515625 0.1056469296875 0.35723684218749996 0.0993695171875 0.34767909375 0.1056469296875
0 0.369937865625 0.09605263124999999 0.367543859375 0.0888157890625 0.3569334796875 0.09592653437500001 0.3593019 0.10349232500000001 0.369937865625 0.09605263124999999
0 0.337024853125 0.1243695171875 0.3346308484375 0.11740679843749999 0.3229166671875 0.1259868421875 0.325347221875 0.133223684375 0.337024853125 0.1243695171875
0 0.3349049703125 0.1166666671875 0.3325657890625 0.10978618437500001 0.32096125781249996 0.11803728124999999 0.3233552625 0.1251918859375 0.3349049703125 0.1166666671875
0 0.3313779234375 0.10975877187500001 0.329349415625 0.1037280703125 0.3212171046875 0.109813596875 0.3232273390625 0.11584429843749999 0.3313779234375 0.10975877187500001
0 0.3252741234375 0.09917763125 0.32351973749999996 0.0928179828125 0.3143804828125 0.0981743421875 0.31615314375 0.104671053125 0.3252741234375 0.09917763125
0 0.3219846484375 0.0923245609375 0.3201388890625 0.0862116234375 0.31156798281250003 0.0915844296875 0.3134502921875 0.0978618421875 0.3219846484375 0.0923245609375
0 0.3427083328125 0.0827302625 0.344919590625 0.0896929828125 0.3553362578125 0.0821820171875 0.353106725 0.075328946875 0.3427083328125 0.0827302625
0 0.33982090625 0.07735745625 0.34194078906250003 0.0837719296875 0.35237573125 0.07574013125 0.35029239843750004 0.0696820171875 0.33982090625 0.07735745625
0 0.33508771875 0.0713815796875 0.3372807015625 0.07859100937499999 0.3483369890625 0.07108004375 0.34618055625 0.064117325 0.33508771875 0.0713815796875
0 0.2688961984375 0.0400219296875 0.2654970765625 0.042077851562500004 0.2688231 0.053865131249999997 0.272222221875 0.0516447375 0.2688961984375 0.0400219296875
1 0.3303417390625 0.08545504375 0.3334247078125 0.08352521874999999 0.3310307015625 0.0748629390625 0.327947734375 0.0767653515625 0.3303417390625 0.08545504375
1 0.33346125781249997 0.0817708328125 0.336275584375 0.080043859375 0.334088084375 0.0719407890625 0.33125 0.0736293859375 0.33346125781249997 0.0817708328125
0 0.4119152046875 0.3126370609375 0.4077302625 0.3153508765625 0.41383406406249995 0.3326754390625 0.41785453281249996 0.329632675 0.4119152046875 0.3126370609375
0 0.4068896203125 0.317132675 0.4032346484375 0.319846490625 0.40778508750000003 0.3327850875 0.41134868437499994 0.33007127187499996 0.4068896203125 0.317132675
0 0.49671052656250003 0.34997258750000004 0.4951571640625 0.3444078953125 0.48559941562500003 0.35038377187499997 0.487152778125 0.3560855265625 0.49671052656250003 0.34997258750000004
0 0.47125365468749997 0.4536458328125 0.474579678125 0.45079495625000005 0.4702302625 0.43944627187499996 0.466794590625 0.44237938593750004 0.47125365468749997 0.4536458328125
0 0.3622441515625 0.335992325 0.3661732453125 0.3328125 0.36164108125 0.320614034375 0.3577302625 0.32371162343750004 0.3622441515625 0.335992325
0 0.3384502921875 0.31241776250000003 0.33464912343750003 0.31515899062499997 0.339382309375 0.3294407890625 0.3430921046875 0.32669956093749997 0.3384502921875 0.31241776250000003
0 0.325018275 0.4174342109375 0.326973684375 0.42346491249999996 0.3349597953125 0.417626096875 0.3330774859375 0.41170504374999994 0.325018275 0.4174342109375
1 0.23600146249999998 0.43780153437499997 0.230716375 0.441304825 0.2375 0.4641447375 0.24290935624999999 0.460471490625 0.23600146249999998 0.43780153437499997
0 0.2155025578125 0.36756578906250004 0.21156798281250003 0.36998355312500003 0.2162097953125 0.3861842109375 0.22015716406250002 0.38368969375 0.2155025578125 0.36756578906250004
0 0.21487573124999998 0.3557017546875 0.21132309999999999 0.35163103125 0.2056286546875 0.3623903515625 0.2092105265625 0.3666940796875 0.21487573124999998 0.3557017546875
0 0.1762043125 0.23129111875000002 0.171873171875 0.23375822343750002 0.1760051171875 0.24925986875 0.18027960468749998 0.24672423281250003 0.1762043125 0.23129111875000002
0 0.3042982453125 0.23139254375 0.30235745625 0.22634320156249998 0.291982821875 0.233604715625 0.2937463453125 0.23885416718750002 0.3042982453125 0.23139254375
0 0.29340277812500004 0.23944627187499998 0.2915570171875 0.23393640312500003 0.281195175 0.24087171093749998 0.2830043859375 0.24668311406250001 0.29340277812500004 0.23944627187499998
0 0.2827119890625 0.24695723749999998 0.28116776250000003 0.2419106359375 0.27114400625 0.24871162343750003 0.27271564375 0.25389254375000003 0.2827119890625 0.24695723749999998
0 0.1259502921875 0.1505482453125 0.13050073125 0.1474232453125 0.1251096484375 0.1305921046875 0.120668859375 0.13366228125 0.1259502921875 0.1505482453125
1 0.128927265625 0.126661184375 0.1275402046875 0.12743969375 0.12945906406250002 0.1349232453125 0.13082236875 0.134161184375 0.128927265625 0.126661184375
0 0.1334795328125 0.0873629390625 0.129239765625 0.0845942984375 0.124597953125 0.099945175 0.1287646203125 0.10293311406250001 0.1334795328125 0.0873629390625
0 0.1302814328125 0.0779057015625 0.127474415625 0.0751343203125 0.1224415203125 0.08522478125 0.125310671875 0.08821271875 0.1302814328125 0.0779057015625
0 0.1287280703125 0.0713541671875 0.12587719375 0.06587171093750001 0.118366228125 0.07450657968749999 0.1212171046875 0.080126096875 0.1287280703125 0.0713541671875
0 0.1131213453125 0.033031798437499996 0.11631944375 0.028125 0.108241959375 0.016776315625 0.1049342109375 0.021546053125 0.1131213453125 0.033031798437499996
0 0.11107456093750001 0 0.11513157968750001 0.01326754375 0.118695175 0.010526315625000001 0.114528509375 0 0.11107456093750001 0
0 0.048417398437499995 0.0698903515625 0.050338084375 0.07569353125 0.05944444375 0.0688240125 0.057602339062499994 0.06314144687499999 0.048417398437499995 0.0698903515625
0 0.08415570156249999 0.08632127187500001 0.0858735375 0.09114583281250001 0.091721490625 0.08651315781249999 0.0900219296875 0.08174342031250001 0.08415570156249999 0.08632127187500001
0 0.0046966375 0.1600328953125 0.0005116953125 0.1607730265625 0.0015350875 0.1765899125 0.0059576015625 0.1759594296875 0.0046966375 0.1600328953125
0 0.015168128125 0.22809758750000003 0.017945906249999997 0.22239583281250003 0.0088815796875 0.21252741249999998 0.0060489765625 0.21831140312500003 0.015168128125 0.22809758750000003
0 0 0.2810169953125 0.0040149859375 0.27832236875 0.000829678125 0.2669956140625 0 0.26754934218750004 0 0.2810169953125
0 0.0051352343750000005 0.29923245625 0.0094846484375 0.2968475875 0.0052814328124999995 0.2811403515625 0.0010599421875 0.28358004375 0.0051352343750000005 0.29923245625
0 0.049689328125 0.2899671046875 0.0483004390625 0.2841008765625 0.039546784375 0.288651315625 0.040935671875 0.2946546046875 0.049689328125 0.2899671046875
0 0.0431103796875 0.48333333281249996 0.0454130109375 0.49004934218749996 0.055171784375 0.48237390312499995 0.0529970765625 0.47579495625 0.0431103796875 0.48333333281249996
0 0.04142909375 0.5170230265625 0.038486842187499995 0.5080317984375 0.0243603796875 0.518393640625 0.02732090625 0.5273574562500001 0.04142909375 0.5170230265625
0 0.2251644734375 0.553453946875 0.22991593593749998 0.5519736843749999 0.22721125781249998 0.533936403125 0.2225328953125 0.5353618421874999 0.2251644734375 0.553453946875
0 0.123775584375 0.56491228125 0.121893275 0.5592653515625 0.111239034375 0.5673793859375 0.1131396203125 0.573135965625 0.123775584375 0.56491228125
0 0.14738669531249998 0.5564967109375 0.14523026249999998 0.5504385968750001 0.1349232453125 0.55849780625 0.13700657968750002 0.5646381578125 0.14738669531249998 0.5564967109375
0 0.15052997031249998 0.5666118421874999 0.1484758765625 0.560709978125 0.13849780625000002 0.5682757671875 0.14048976562499998 0.5743887062499999 0.15052997031249998 0.5666118421874999
1 0.1422149125 0.5475603062500001 0.1391264625 0.5396929828125 0.1228070171875 0.55391995625 0.12582236875 0.562033990625 0.1422149125 0.5475603062500001
0 0.19356725156250001 0.6873492328124999 0.19135599375 0.680479715625 0.1799524859375 0.688596490625 0.1822002921875 0.6956962718749999 0.19356725156250001 0.6873492328124999
0 0.1790935671875 0.6985197375000001 0.176955409375 0.6916666671875 0.1653874265625 0.6995065796875 0.167489034375 0.7064692984375001 0.1790935671875 0.6985197375000001
0 0.017489034375 0.8766995609375 0.02266081875 0.8735745609375 0.0176900578125 0.8568530703125001 0.0126461984375 0.8600328953125 0.017489034375 0.8766995609375
0 0.03662280625 0.857373903125 0.033004385937500005 0.8599506578125 0.037448829687500004 0.8737719296875 0.0411366953125 0.87102521875 0.03662280625 0.857373903125
0 0.047277046875 0.8881304828125 0.043804825 0.8920504390625 0.0497807015625 0.9041392546875 0.0532529234375 0.9003837718750001 0.047277046875 0.8881304828125
0 0.131390715625 0.833040021875 0.1330043859375 0.8381304828125 0.1401315796875 0.833168859375 0.138591009375 0.8280674343750001 0.131390715625 0.833040021875
0 0.007291667187500001 0.989133771875 0.0018457609375 0.97431469375 0 0.9760334437499999 0.00003655 0.98053728125 0.0040387421875000004 0.9917845390625001 0.007291667187500001 0.989133771875
0 0.0338815796875 0.95079495625 0.0317434203125 0.9426809203125 0.017653509375 0.9509046046874999 0.0197368421875 0.9591008765625 0.0338815796875 0.95079495625
0 0.0662280703125 0.8942434203125 0.0678545328125 0.9014528515625001 0.0790862578125 0.8957236843749999 0.0775146203125 0.8885964906250001 0.0662280703125 0.8942434203125
0 0.0678179828125 0.923081140625 0.0717105265625 0.9201206140625 0.06642909375 0.905071271875 0.06253655 0.9080866234375 0.0678179828125 0.923081140625
0 0.0628088453125 0.93858004375 0.05763340625 0.94381030625 0.06445358125 0.9592379390625 0.06956323125 0.9542379390625 0.0628088453125 0.93858004375
0 0.211293859375 0.9464089906250001 0.2076023390625 0.9502192984375 0.21350511718749998 0.9619243421875 0.21701388906250002 0.9578399125000001 0.211293859375 0.9464089906250001
0 0.2338815796875 0.9257675437499999 0.23769188593749999 0.9227631578125 0.23285818749999998 0.9097861843749999 0.22920321562499998 0.9126644734375 0.2338815796875 0.9257675437499999
0 0.522277046875 0.553536184375 0.5199013156250001 0.5485471484375 0.51165935625 0.5568256578125 0.5140716375000001 0.5618969296875 0.522277046875 0.553536184375
0 0.3606542390625 0.6095120609375 0.3645833328125 0.6064418859375 0.3587353796875 0.5892817984375001 0.3547880109375 0.5922971484375 0.3606542390625 0.6095120609375
0 0.3286915203125 0.6462445171875 0.32426900625 0.643366228125 0.318768275 0.661403509375 0.3232456140625 0.6643092109375 0.3286915203125 0.6462445171875
0 0.21851242656249997 0.77258771875 0.21657163750000002 0.7667105265624999 0.2068896203125 0.7740131578125 0.2088633046875 0.7798519734375 0.21851242656249997 0.77258771875
0 0.2865497078125 0.5838815796875 0.282401315625 0.58675986875 0.2872258765625 0.6022478062500001 0.29135599375 0.5993969296875 0.2865497078125 0.5838815796875
1 0.312445175 0.496408990625 0.3071454671875 0.4987116234375 0.3126279234375 0.5243695171875 0.31801900625 0.5219572375 0.312445175 0.496408990625
0 0.30919225156249996 0.59923245625 0.312938596875 0.5958881578125 0.30709064375 0.581716009375 0.303435671875 0.5850054828125 0.30919225156249996 0.59923245625
0 0.2983552625 0.5462445171875 0.3001644734375 0.55389254375 0.3122989765625 0.5471491234375 0.3104349421875 0.5395833328124999 0.2983552625 0.5462445171875
0 0.31725146249999997 0.54144736875 0.321399853125 0.5392543859375001 0.31789108125 0.5255482453125 0.3138706140625 0.5276315796875 0.31725146249999997 0.54144736875
0 0.334795321875 0.5306743421875 0.3330774859375 0.5231633765625 0.32176535156249997 0.52891995625 0.3234831875 0.536403509375 0.334795321875 0.5306743421875
0 0.340222953125 0.546820175 0.3381761703125 0.5401041671875 0.3286915203125 0.5461348687500001 0.3306469296875 0.5530153515625 0.340222953125 0.546820175
0 0.31803728124999997 0.5624725875000001 0.316158625 0.5562225875 0.3064510234375 0.5627192984375 0.308296784375 0.569106359375 0.31803728124999997 0.5624725875000001
0 0.322953215625 0.5452028515625 0.3213450296875 0.5408168859375 0.3142543859375 0.5467379390625 0.31597222187499996 0.551233553125 0.322953215625 0.5452028515625
0 0.399597953125 0.976151315625 0.39535818749999996 0.9795504390625001 0.4015168125 0.99602521875 0.40573830468749994 0.9927357453125 0.399597953125 0.976151315625
0 0.33267909375000004 0.9177631578125001 0.33519736875 0.9243695171875 0.34463084843749997 0.91631030625 0.34209064375 0.9099506578125001 0.33267909375000004 0.9177631578125001
0 0.343366228125 0.909375 0.345741959375 0.9161458328125001 0.3561769 0.9078125 0.3537646203125 0.9011787281249999 0.343366228125 0.909375
0 0.34552814375 0.8796052624999999 0.3414345765625 0.8825657890624999 0.3468073828125 0.8986842109375001 0.3510654234375 0.8955866234375 0.34552814375 0.8796052624999999
0 0.35383771875000003 0.7184758765625 0.35146198906250004 0.7120065796875 0.339528509375 0.721546053125 0.34194078906250003 0.7282620609375 0.35383771875000003 0.7184758765625
0 0.365259503125 0.7087445171875 0.362883771875 0.70235745625 0.351900584375 0.711376096875 0.354258040625 0.71790021875 0.365259503125 0.7087445171875
0 0.3455226609375 0.5571820171875 0.34463084843749997 0.5510937499999999 0.33516081875000003 0.5541666671875001 0.3360928359375 0.5603344296875 0.3455226609375 0.5571820171875
0 0.60625 0.504331140625 0.60400219375 0.49862938593750006 0.5943530703125 0.506716009375 0.596509503125 0.5125822375 0.60625 0.504331140625
0 0.6085343562500001 0.5236567984375 0.6063048249999999 0.51800986875 0.598135965625 0.5252741234375 0.600328946875 0.530893640625 0.6085343562500001 0.5236567984375
0 0.570723684375 0.5973958328125 0.5750548249999999 0.5940241234375 0.5694078953124999 0.5782894734374999 0.5652229531249999 0.5813870609375 0.570723684375 0.5973958328125
0 0.967489034375 0.327823465625 0.9696637421875 0.33253837656249996 0.9771747078124999 0.32456140312500004 0.9748720765625001 0.3197094296875 0.967489034375 0.327823465625
0 0.9518092109375 0.4306469296875 0.9539656437499999 0.43612938593750006 0.9616959062499999 0.42889254374999997 0.9596308484374999 0.42362938593750005 0.9518092109375 0.4306469296875
0 0.7942982453125 0.5841282890625 0.7924524859375001 0.578179825 0.7837171046875 0.5841008765625 0.785544590625 0.5900493421874999 0.7942982453125 0.5841282890625
0 0.8346308484374999 0.586293859375 0.8389619890625 0.5838267546875 0.8348866953125 0.568393640625 0.83053728125 0.5706414468750001 0.8346308484374999 0.586293859375
0 0.9741776312500001 0.5811129390625001 0.970741959375 0.5845120609375 0.9760051171875 0.595723684375 0.9794225140625 0.592242325 0.9741776312500001 0.5811129390625001
0 0.9854166671875 0.5774945171875 0.9828216375000001 0.5748903515625 0.9787280703125001 0.5842653515625 0.9813231 0.5869791671875 0.9854166671875 0.5774945171875
0 0.7697733921875 0.7375548249999999 0.7718019 0.743448465625 0.7814510234375 0.7353344296875 0.7794407890625 0.7296600875 0.7697733921875 0.7375548249999999
0 0.6259502921875 0.6919133765625001 0.6243603796875 0.6871162281250001 0.6154239765625 0.69375 0.6170321640624999 0.698793859375 0.6259502921875 0.6919133765625001
0 0.6546783625 0.6767817984375 0.6525219296875 0.671875 0.6436403515625 0.680811403125 0.6458333328125 0.6858552625 0.6546783625 0.6767817984375
0 0.66644736875 0.665953946875 0.6641812859375 0.6610197375 0.6566337718749999 0.6686951750000001 0.6588450296875 0.6736842109375 0.66644736875 0.665953946875
0 0.5576388890625 0.7239309203125 0.553508771875 0.7269462718749999 0.5583333328125 0.742132675 0.56243055625 0.7392543859375 0.5576388890625 0.7239309203125
0 0.5248538015624999 0.8739583328125 0.5282711984375 0.8711074562500001 0.52415935625 0.859758771875 0.520741959375 0.8626370609375 0.5248538015624999 0.8739583328125
0 0.5201388890625 0.861348684375 0.5237755843749999 0.8583607453125 0.519689328125 0.846932565625 0.516045321875 0.8498355265624999 0.5201388890625 0.861348684375
0 0.4602887421875 0.8311677625 0.45928362500000003 0.8245888156250001 0.45003655 0.827686403125 0.4509685671875 0.8342927625 0.4602887421875 0.8311677625
0 0.4552997078125 0.841831140625 0.45349049687500004 0.8348958328125 0.4420687140625 0.8413815796874999 0.44380482499999996 0.8483552624999999 0.4552997078125 0.841831140625
0 0.45593932812500004 0.849643640625 0.45787646249999997 0.8560855265624999 0.46832967812500004 0.8486567984375 0.46633771875 0.8422697375 0.45593932812500004 0.849643640625
0 0.9127558484374999 0.414528509375 0.9093384500000001 0.4173245609375 0.913706140625 0.4291940796875 0.9171600874999999 0.4263706140625 0.9127558484374999 0.414528509375
0 0.6252741234375 0.5006030703125 0.6209795328125 0.5044956140625 0.6272295328124999 0.519051534375 0.631560671875 0.5149396937499999 0.6252741234375 0.5006030703125
0 0.62733918125 0.5203399125 0.6286732453125 0.526260965625 0.638839546875 0.52116228125 0.63757858125 0.515268640625 0.62733918125 0.5203399125
0 0.6374269 0.5006030703125 0.63441155 0.5049616234375 0.6415204671875 0.5158442984375 0.6444060671875 0.5114309203125 0.6374269 0.5006030703125
0 0.6305738296875 0.53196271875 0.6325840640625 0.537938596875 0.6416849421874999 0.530783990625 0.6397295328125 0.5251370609375 0.6305738296875 0.53196271875
0 0.646436403125 0.5395833328124999 0.6443896203125 0.5333059203125 0.6337298984374999 0.541151315625 0.63575840625 0.547428728125 0.646436403125 0.5395833328124999
0 0.6366045328125 0.5519736843749999 0.638596490625 0.5575932015625 0.648026315625 0.5497258765625 0.64610745625 0.544216009375 0.6366045328125 0.5519736843749999
0 0.64058845 0.56006030625 0.642543859375 0.565953946875 0.652777778125 0.5578399125 0.65076754375 0.5520833328125 0.64058845 0.56006030625
0 0.6455774859375001 0.5674067984375 0.6478070171875 0.5731907890625 0.6575420328125 0.564533990625 0.6554641812499999 0.5589364031249999 0.6455774859375001 0.5674067984375
0 0.6457236843749999 0.5779331140624999 0.6484100875000001 0.5853892546874999 0.6631396203125 0.5733826750000001 0.660471490625 0.566091009375 0.6457236843749999 0.5779331140624999
0 0.664473684375 0.58681469375 0.662116228125 0.58040021875 0.652741228125 0.58821271875 0.655098684375 0.594901315625 0.664473684375 0.58681469375
0 0.6541849421875 0.5985745609374999 0.656597221875 0.604385965625 0.66639254375 0.594956140625 0.6640350875000001 0.5893366234374999 0.6541849421875 0.5985745609374999
0 0.6685124265625 0.6056469296875 0.666008771875 0.5999177625 0.657492690625 0.6083607453125001 0.6600328953125 0.6141173249999999 0.6685124265625 0.6056469296875
0 0.6713815796875 0.614528509375 0.669133771875 0.6085773031249999 0.6599049703125 0.6168859656250001 0.662116228125 0.62266995625 0.6713815796875 0.614528509375
0 0.6622441515624999 0.6252741234375 0.664510234375 0.6310581140625 0.6740314328125 0.62256030625 0.671820175 0.6168283984375 0.6622441515624999 0.6252741234375
0 0.67889254375 0.6287554828124999 0.6763523390625 0.622971490625 0.6672989765625 0.6320860749999999 0.6698647656250001 0.637828946875 0.67889254375 0.6287554828124999
0 0.68039108125 0.6400219296875 0.6784630843749999 0.63427905625 0.6697185671875 0.6411184203125 0.6716739765625 0.6468475875 0.68039108125 0.6400219296875
0 0.6716557015625 0.59772478125 0.6676900578125 0.6009320171875 0.6723866953125001 0.6130756578125001 0.676260965625 0.6099780703125 0.6716557015625 0.59772478125
0 0.639382309375 0.7506853062500001 0.64371345 0.7483004390625 0.639937865625 0.733311403125 0.635570175 0.7356030703124999 0.639382309375 0.7506853062500001
0 0.647185671875 0.772286184375 0.6505847953125 0.7692982453125 0.6463267546875 0.7583881578125 0.64300073125 0.7611567984375001 0.647185671875 0.772286184375
0 0.649616228125 0.79772478125 0.652777778125 0.7952302625 0.64762426875 0.7802905703125 0.64444444375 0.7825657890625 0.649616228125 0.79772478125
0 0.71175073125 0.63040021875 0.7139619890625 0.635471490625 0.722258771875 0.6270833328125 0.720010965625 0.6219298249999999 0.71175073125 0.63040021875
0 0.711366959375 0.629331140625 0.708954678125 0.6236019734375 0.69919590625 0.6331962718749999 0.7016447375 0.6390350875 0.711366959375 0.629331140625
0 0.6915570171875001 0.61485745625 0.68746345 0.6172971484375 0.6920321640625 0.6328125 0.6960526312499999 0.6302083328125 0.6915570171875001 0.61485745625
0 0.701206140625 0.6255756578125 0.7053910812499999 0.6231359656250001 0.7015040203125 0.60748629375 0.6972222218749999 0.609841009375 0.701206140625 0.6255756578125
0 0.7060307015625 0.6212171046875 0.7100146203125 0.6188870609375 0.706633771875 0.606606359375 0.702686403125 0.6086896937499999 0.7060307015625 0.6212171046875
0 0.7118055562500001 0.61798245625 0.716063596875 0.6150767546875 0.711293859375 0.599588815625 0.70710891875 0.6021929828125 0.7118055562500001 0.61798245625
0 0.6881944437499999 0.590981359375 0.6842836250000001 0.5936129390625 0.6895102343749999 0.6100603062500001 0.693439328125 0.60712719375 0.6881944437499999 0.590981359375
0 0.6953399124999999 0.6061951750000001 0.69919590625 0.603591009375 0.69446271875 0.5878015343749999 0.6905701750000001 0.5903508765625001 0.6953399124999999 0.6061951750000001
0 0.702028509375 0.58665021875 0.6981907890625 0.5896381578125001 0.7030153515625 0.602823465625 0.7067799703125 0.5997532890625 0.702028509375 0.58665021875
0 0.7071637421875 0.5981907890625 0.7107456140624999 0.5958607453125 0.706633771875 0.5813322375000001 0.7029057015625 0.58352521875 0.7071637421875 0.5981907890625
1 0.7105025578124999 0.586617325 0.70931469375 0.58735745625 0.710650584375 0.5922916671875 0.7118183484375 0.591578946875 0.7105025578124999 0.586617325