0 0 0.3169956140625 0.0038432015625000002 0.3193229171875 0.005025584375 0.313733553125 0 0.3109375 0 0.3169956140625
0 0 0.2806743421875 0.0016977343749999998 0.28127192968750003 0.00277595 0.2751315796875 0 0.274202303125 0 0.2806743421875
0 0.0063231 0.275328946875 0.0052631578125000005 0.281606359375 0.012554825 0.2841447375 0.013669590625 0.27771381562499997 0.0063231 0.275328946875
0 0.0173903515625 0.2796134875 0.016339546875 0.285635965625 0.0234850140625 0.2881578953125 0.02456323125 0.28201754375 0.0173903515625 0.2796134875
0 0.027147295312500003 0.282543859375 0.026096490625000003 0.2885663375 0.033241959375000005 0.2910882671875 0.034320175 0.2849479171875 0.027147295312500003 0.282543859375
0 0.041209795312500005 0.289501096875 0.040158990625 0.295523575 0.047304459375 0.2980455046875 0.048382675 0.291905153125 0.041209795312500005 0.289501096875
1 0.0634576015625 0.300797696875 0.06288377187500001 0.302796053125 0.066966375 0.3049917765625 0.0674597953125 0.30290844375 0.0634576015625 0.300797696875
1 0.028283990624999998 0.2956469296875 0.02707236875 0.29983004375 0.032028509375 0.3024945171875 0.0331469296875 0.29805372812500003 0.028283990624999998 0.2956469296875
1 0.025338084374999997 0.3185855265625 0.0235855265625 0.3265131578125 0.0359082609375 0.33180921093750004 0.037518275000000004 0.3232182015625 0.025338084374999997 0.3185855265625
0 0.0171418125 0.3188322375 0.0157711984375 0.3245065796875 0.0235014625 0.3278508765625 0.0248538015625 0.3220394734375 0.0171418125 0.3188322375
0 0.0545138890625 0.3314967109375 0.053307748437500004 0.33774671093749997 0.06211622812499999 0.34120065781250003 0.06332236875 0.3346628296875 0.0545138890625 0.3314967109375
0 0.04453581875 0.339007675 0.040953946875 0.34446271875 0.04683845 0.3529057015625 0.0502741234375 0.347258771875 0.04453581875 0.339007675
1 0.077189328125 0.326987390625 0.0767543859375 0.32941337656249997 0.0822368421875 0.33166118437500003 0.0826571640625 0.329331140625 0.077189328125 0.326987390625
1 0.083384503125 0.3461293859375 0.0832383046875 0.34818530625 0.08724049687499999 0.3488157890625 0.0873720765625 0.3467379390625 0.083384503125 0.3461293859375
0 0.0922514625 0.3544956140625 0.0906981 0.36008771875 0.0986933484375 0.364501096875 0.10038194375000001 0.359073465625 0.0922514625 0.3544956140625
0 0.090222953125 0.34468201718749997 0.0889254390625 0.350438596875 0.0970595765625 0.35375822343749996 0.0983735375 0.3479440796875 0.090222953125 0.34468201718749997
0 0.10680555625000002 0.34208333281250003 0.1021747078125 0.34599780625 0.105921053125 0.359320175 0.11043494218750001 0.3548519734375 0.10680555625000002 0.34208333281250003
0 0.11951754375000001 0.36452850937500003 0.1181286546875 0.370778509375 0.1275584796875 0.374698465625 0.1290826015625 0.3680427625 0.11951754375000001 0.36452850937500003
0 0.159382309375 0.376266446875 0.1607638890625 0.3702796046875 0.15181652031249998 0.366463815625 0.1503691515625 0.3721546046875 0.159382309375 0.376266446875
0 0.16301169531249998 0.37738486875 0.1586988296875 0.375356359375 0.15555555625 0.389391446875 0.1596673984375 0.39131030624999996 0.16301169531249998 0.37738486875
0 0.167518275 0.37971217031250004 0.16301169531249998 0.37738486875 0.1591758046875 0.3925822375 0.16415021875 0.395227521875 0.167518275 0.37971217031250004
0 0.1640533625 0.39503837656249996 0.1677814328125 0.39698464843750003 0.1712902046875 0.38374451718749997 0.167543859375 0.3817708328125 0.1640533625 0.39503837656249996
1 0.1642708328125 0.3663870609375 0.162823465625 0.37455866250000003 0.176008771875 0.379846490625 0.1776133046875 0.37167763125 0.1642708328125 0.3663870609375
0 0.170741959375 0.398382675 0.1756341375 0.399358553125 0.17724780625 0.38434758750000003 0.172185671875 0.383223684375 0.170741959375 0.398382675
1 0.155162646875 0.3350932015625 0.1544773390625 0.3373081140625 0.15851790937500002 0.339533990625 0.15922880156250002 0.33736293906250003 0.155162646875 0.3350932015625
1 0.1682291671875 0.34453125 0.1673519734375 0.3488404609375 0.1723081140625 0.35150493437499997 0.173426534375 0.34706414531249996 0.1682291671875 0.34453125
1 0.169713084375 0.36525219375 0.1691081875 0.3676507671875 0.17418676875 0.370186403125 0.1748172515625 0.367938596875 0.169713084375 0.36525219375
1 0.17449013124999999 0.3634183109375 0.173885234375 0.3658168859375 0.178963815625 0.368352521875 0.17959429843750002 0.3661019734375 0.17449013124999999 0.3634183109375
0 0.175018275 0.400466009375 0.1791758046875 0.4022094296875 0.181560671875 0.3893092109375 0.177668128125 0.3876644734375 0.175018275 0.400466009375
1 0.1944261703125 0.43538925468749995 0.1954312859375 0.4365405703125 0.19798976562499998 0.43179824531250005 0.19698464843750002 0.43048245625000003 0.1944261703125 0.43538925468749995
1 0.27099780625 0.40709978125 0.27048611093749997 0.40805921093749997 0.273135965625 0.411239034375 0.2736476609375 0.4103344296875 0.27099780625 0.40709978125
0 0.18046418125000002 0.4025767546875 0.1849049703125 0.40397478124999997 0.18746345 0.3877192984375 0.1833698828125 0.3861567984375 0.18046418125000002 0.4025767546875
0 0.18450292343750002 0.40359100937500003 0.1896198828125 0.40449561406249995 0.1916849421875 0.3891447375 0.1864400578125 0.3875822375 0.18450292343750002 0.40359100937500003
0 0.189722221875 0.40353070156250004 0.1938596484375 0.4060307015625 0.1975731 0.3908004390625 0.193757309375 0.3885307015625 0.189722221875 0.40353070156250004
0 0.194919590625 0.40449561406249995 0.199597953125 0.4068804828125 0.202419590625 0.3933004390625 0.19767909374999998 0.39095394687499996 0.194919590625 0.40449561406249995
0 0.20074926875000002 0.40890899062499997 0.205080409375 0.41008771875 0.20730994218749998 0.39462719375 0.2029970765625 0.393448465625 0.20074926875000002 0.40890899062499997
1 0.10262244218750001 0.4017434203125 0.096436403125 0.398848684375 0.0916648390625 0.419364034375 0.09817068749999999 0.4219682015625 0.10262244218750001 0.4017434203125
1 0.087024853125 0.44608004375 0.0924524859375 0.448848684375 0.0971673984375 0.4295230265625 0.0919170328125 0.42667763125 0.087024853125 0.44608004375
1 0.08494152031249999 0.4670778515625 0.09007309999999999 0.4680455046875 0.0920869890625 0.4518092109375 0.087024853125 0.45090460468750004 0.08494152031249999 0.4670778515625
1 0.087883771875 0.4682565796875 0.0932565796875 0.469846490625 0.09605263124999999 0.449616228125 0.09113486875 0.448196271875 0.087883771875 0.4682565796875
0 0.1858004390625 0.44654605312499995 0.1896747078125 0.44920504375 0.19327485312499998 0.4376096484375 0.1893457609375 0.43503289531249995 0.1858004390625 0.44654605312499995
0 0.19808114062499999 0.4373629390625 0.1944499265625 0.43626644687500005 0.1908442984375 0.44976699531250003 0.19458150624999998 0.4514254390625 0.19808114062499999 0.4373629390625
0 0.22644371406250002 0.77727521875 0.2212719296875 0.779358553125 0.2244152046875 0.7986842109375 0.22986659375000001 0.796559759375 0.22644371406250002 0.77727521875
0 0.2313231 0.8134320171875 0.2368969296875 0.8129687499999999 0.23640350937500001 0.7942680921874999 0.230902778125 0.7946546046875 0.2313231 0.8134320171875
0 0.2006030703125 0.8594572375 0.2055409359375 0.85925986875 0.20502558437500001 0.8422149125 0.199945175 0.842489034375 0.2006030703125 0.8594572375
0 0.20091374218750002 0.9275493421875 0.202668128125 0.9336074562500001 0.2124269 0.9275219296874999 0.210687134375 0.9215899125 0.20091374218750002 0.9275493421875
0 0.22167397656249999 0.83639254375 0.217616959375 0.8386293859375 0.22070906406250002 0.8546491234375001 0.2247880109375 0.85241228125 0.22167397656249999 0.83639254375
0 0.2537463453125 0.9007401312500001 0.2576388890625 0.8952302624999999 0.2500127921875 0.8826398031249999 0.2462536546875 0.8881853062499999 0.2537463453125 0.9007401312500001
0 0.2571546046875 0.892445175 0.260617690625 0.8870888156250001 0.2533972953125 0.874018640625 0.2494152046875 0.8795778515625001 0.2571546046875 0.892445175
0 0.259740496875 0.8859100874999999 0.26419956093749997 0.881551534375 0.2579678359375 0.8642489031249999 0.2534173984375 0.868311403125 0.259740496875 0.8859100874999999
0 0.235508040625 0.8529057015625 0.240186403125 0.8514254390625 0.23760964843750002 0.8334429828125 0.23278508750000002 0.8353070171875 0.235508040625 0.8529057015625
0 0.24388523437499998 0.8333580046875 0.2391812859375 0.8348684203125 0.24164839218749998 0.8516995609375 0.2463450296875 0.8499725874999999 0.24388523437499998 0.8333580046875
0 0.2509137421875 0.8516721484374999 0.255116959375 0.8485197375 0.24996345 0.8316337718750001 0.245614034375 0.834813596875 0.2509137421875 0.8516721484374999
0 0.24323830468750002 0.8108552625 0.24725877187499998 0.8074013156250001 0.2425950296875 0.793991228125 0.23855994218749998 0.7975328953124999 0.24323830468750002 0.8108552625
0 0.2548793859375 0.76633771875 0.2509685671875 0.7686951750000001 0.2541301171875 0.781661184375 0.2581560671875 0.7792543859375 0.2548793859375 0.76633771875
0 0.2921381578125 0.77042763125 0.287481725 0.7734100875000001 0.2919042390625 0.7905427625 0.2965862578125 0.78748629375 0.2921381578125 0.77042763125
0 0.24052997031249998 0.6928865125 0.23707967812500003 0.6948190796875 0.239528509375 0.70860745625 0.2431103796875 0.7067434203125 0.24052997031249998 0.6928865125
0 0.2602119890625 0.49938870625 0.25849780624999996 0.49512061406249996 0.25054093593750004 0.5009018640625 0.252028509375 0.505126096875 0.2602119890625 0.49938870625
0 0.27010233906250003 0.479385965625 0.2665204671875 0.48166118437499994 0.2697368421875 0.49547697343749997 0.27350146249999996 0.49309210468750003 0.27010233906250003 0.479385965625
0 0.1896564328125 0.40466008750000004 0.1880116953125 0.4107182015625 0.1963687859375 0.41560581093750004 0.1981725140625 0.4095942984375 0.1896564328125 0.40466008750000004
0 0.2400036546875 0.42924890312499997 0.24417032187499998 0.4313870609375 0.24839181250000003 0.41362390312499997 0.2440058484375 0.41159539531249995 0.2400036546875 0.42924890312499997
1 0.24180738281249997 0.43229440781250006 0.2501041671875 0.43637883750000006 0.25652412343750003 0.40800438593750005 0.248081140625 0.40394736875000004 0.24180738281249997 0.43229440781250006
1 0.24826388906250002 0.4358004390625 0.256560671875 0.43988486875 0.263742690625 0.40748355312499995 0.25553728124999997 0.40339912343749995 0.24826388906250002 0.4358004390625
0 0.2668512421875 0.42516995625 0.262116228125 0.42313596562500005 0.2584429828125 0.4388157890625 0.26330409375 0.4408717109375 0.2668512421875 0.42516995625
0 0.2732108921875 0.4172368421875 0.2685489765625 0.4153508765625 0.265732821875 0.42957236875 0.27030336250000003 0.4313596484375 0.2732108921875 0.4172368421875
0 0.289510234375 0.42683662343749995 0.284393275 0.4265350875 0.2835106 0.443536184375 0.2888157890625 0.4438322375 0.289510234375 0.42683662343749995
0 0.316100146875 0.4440241234375 0.31664839218749996 0.437911184375 0.3065058484375 0.43599232499999996 0.3059941515625 0.44237938593750004 0.316100146875 0.4440241234375
0 0.407346490625 0.47864583281249995 0.401900584375 0.476946271875 0.39954312812500004 0.492653509375 0.40520833281249996 0.4943530703125 0.407346490625 0.47864583281249995
1 0.41261513125000004 0.4833634875 0.40661549687500004 0.48190789531249995 0.4044773390625 0.49909539531249997 0.4106907890625 0.5010416671875 0.41261513125000004 0.4833634875
1 0.409375 0.513223684375 0.4099232453125 0.5079495609375 0.4036915203125 0.506260965625 0.40296052656250003 0.5118530703124999 0.409375 0.513223684375
0 0.4078581875 0.522286184375 0.4080226609375 0.515213815625 0.3955226609375 0.5152412281250001 0.3954312859375 0.5220394734375 0.4078581875 0.522286184375
0 0.42129568749999996 0.5286403515625 0.4260599421875 0.528591009375 0.42626096562500004 0.5123081140625 0.4215826015625 0.5122258765625001 0.42129568749999996 0.5286403515625
0 0.482437865625 0.5208059203125 0.48038194375 0.5273492328125 0.4905391078125 0.5343366234375 0.492653509375 0.5280701750000001 0.482437865625 0.5208059203125
1 0.4408991234375 0.5907072375 0.44703947343749995 0.5852796046875001 0.43536184218749996 0.5564967109375 0.42944992656250003 0.56209155625 0.4408991234375 0.5907072375
1 0.43452119843750003 0.5970942984375001 0.43521564375 0.5859375 0.41290752968750005 0.5828782890624999 0.41209795312499997 0.5944353062500001 0.43452119843750003 0.5970942984375001
1 0.45027412343749995 0.622341009375 0.45566520468749994 0.6162828953124999 0.442445175 0.5892955046874999 0.4367543859375 0.59540844375 0.45027412343749995 0.622341009375
1 0.45583516093750004 0.647398575 0.45855263125 0.6376096484375 0.4419042390625 0.6283991234374999 0.43943530624999994 0.637667215625 0.45583516093750004 0.647398575
1 0.452814328125 0.6601699562500001 0.45539108125 0.6501370609375 0.43930921093749997 0.6412828953124999 0.43665935625 0.6505756578125 0.452814328125 0.6601699562500001
1 0.4459064328125 0.6763432015624999 0.44990862500000006 0.6669682015625 0.4352923984375 0.6534429828125 0.4311915203125 0.6622532890625 0.4459064328125 0.6763432015624999
1 0.450475146875 0.7223958328125 0.45385599374999996 0.7282346484375 0.459294590625 0.7207483546875 0.45608187187500004 0.714690240625 0.450475146875 0.7223958328125
1 0.5164656437499999 0.673108553125 0.512097953125 0.6812225875 0.5300054828125 0.7027357453125 0.5342470765625 0.6945723687500001 0.5164656437499999 0.673108553125
1 0.5111842109375 0.685526315625 0.506633771875 0.6935855265625 0.523768275 0.7159895828125 0.5284466375 0.7079303734375 0.5111842109375 0.685526315625
1 0.5055738296875 0.6987116234374999 0.50085891875 0.7067708328125 0.5177266078125 0.7297149125 0.5224049703125 0.7216557015625 0.5055738296875 0.6987116234374999
1 0.5008315062500001 0.7104824562500001 0.49578764687500004 0.7179934203125 0.5110489765625 0.7413514250000001 0.516091009375 0.7333991234374999 0.5008315062500001 0.7104824562500001
1 0.49457236875 0.720751096875 0.48952850937500003 0.7282620609375 0.5047898390625 0.75162280625 0.509831871875 0.7436677625 0.49457236875 0.720751096875
1 0.609466375 0.9192434203125 0.6036915203125 0.9139254390625 0.5908260234375 0.9466557015625 0.5966191515625 0.951973684375 0.609466375 0.9192434203125
0 0.58673245625 0.45860745625000005 0.5857273390625 0.4654331140625 0.5945741953125 0.468434759375 0.5955774859375 0.46165021875 0.58673245625 0.45860745625000005
0 0.58759685625 0.47242598750000003 0.5862207609375 0.47974232499999997 0.5974963453125001 0.48382675468749997 0.5988340640625001 0.47704495625 0.58759685625 0.47242598750000003
0 0.6059393281250001 0.46546052656250003 0.6047697375000001 0.47264254375 0.6138706140625 0.4756304828125 0.6150219296875 0.4685032890625 0.6059393281250001 0.46546052656250003
0 0.6236842109375 0.469528509375 0.62258771875 0.47722039531249993 0.634974415625 0.48109375 0.6359466375 0.4731633765625 0.6236842109375 0.469528509375
1 0.6218201750000001 0.48218201718750003 0.6216557015624999 0.4841557015625 0.6265350875 0.48506030625 0.6266264625 0.48311403437499995 0.6218201750000001 0.48218201718750003
0 0.553455775 0.568114034375 0.5553179828125 0.57412280625 0.56354349375 0.568991228125 0.5617708328125001 0.5630427625000001 0.553455775 0.568114034375
0 0.555811403125 0.5755482453125 0.5577302625 0.5814692984375001 0.5659758765625 0.5758333328125 0.5640935671875 0.5699122812499999 0.555811403125 0.5755482453125
0 0.5583150578125 0.584758771875 0.5610745609375 0.5903508765625001 0.5688231 0.5819846484375 0.5660380109375 0.5765899125 0.5583150578125 0.584758771875
0 0.5728070171875 0.594188596875 0.5708150578125 0.587033990625 0.558132309375 0.594188596875 0.5601425437499999 0.6017269734374999 0.5728070171875 0.594188596875
1 0.5648940062500001 0.598821271875 0.566045321875 0.6035690796875001 0.572240496875 0.6007483546875 0.5709795328125 0.59602521875 0.5648940062500001 0.598821271875
0 0.5642891078125001 0.606773575 0.5654586984375001 0.6128591015625 0.574267178125 0.6087198468749999 0.5728600140625 0.6029632671875 0.5642891078125001 0.606773575
0 0.564455409375 0.6172971484375 0.565643275 0.6243421046875001 0.5777412281250001 0.619133771875 0.5763523390625 0.6125 0.564455409375 0.6172971484375
0 0.6526023390625 0.79772478125 0.6481542390625 0.7953125 0.6451809203125001 0.8093283984375 0.6496655703124999 0.8114610750000001 0.6526023390625 0.79772478125
0 0.63946271875 0.7855208328125001 0.6346308484375001 0.7851891453125 0.634124634375 0.8001589906250001 0.6389619890625 0.8003837718750001 0.63946271875 0.7855208328125001
0 0.63680555625 0.8053070171875 0.6326388890625 0.803793859375 0.6304459062500001 0.8173245609374999 0.6346125734375 0.81875 0.63680555625 0.8053070171875
0 0.6328399124999999 0.8677330046874999 0.628508771875 0.8636239031249999 0.6220942984375 0.8799890343750001 0.6264802625 0.884018640625 0.6328399124999999 0.8677330046874999
0 0.69915935625 0.9586348687499999 0.6951571640624999 0.9537828953125 0.687649853125 0.9685855265625 0.69144736875 0.9734100874999999 0.69915935625 0.9586348687499999
1 0.68240314375 1 0.6946637421874999 0.9794133765625 0.6891264625 0.9716282890624999 0.6755939328125 0.9945010968749999 0.6796381578124999 1 0.68240314375 1
1 0.692580409375 1 0.6988779234375 0.9878782890625001 0.693455775 0.98097861875 0.682929459375 1 0.692580409375 1
1 0.6748775578124999 1 0.6821966374999999 0.9821792765625 0.677046784375 0.977028509375 0.667580409375 1 0.6748775578124999 1
1 0.6925127921875001 0.9558854171875 0.6869517546874999 0.9509868421875 0.6782894734375 0.974945175 0.683971125 0.9794819078125 0.6925127921875001 0.9558854171875
1 0.6766264625 0.9221491234375 0.680811403125 0.912061403125 0.656454678125 0.8890844296875 0.6524506578125 0.8990213812500001 0.6766264625 0.9221491234375
1 0.6910635968750001 0.9101425437499999 0.693293128125 0.898766446875 0.670466009375 0.8883552625 0.6681889625 0.8994572375000001 0.6910635968750001 0.9101425437499999
1 0.6967470765625 0.9558388156250001 0.70087719375 0.9459703953125 0.6779239765625 0.9239857453125 0.6737207609375 0.9338815796875 0.6967470765625 0.9558388156250001
1 0.70237573125 0.94454495625 0.7064144734375 0.9348410093749999 0.6828581875 0.9138404609374999 0.6791301171875 0.9240405703125001 0.70237573125 0.94454495625
1 0.71319444375 0.9372807015625 0.716812865625 0.9268914468749999 0.693669590625 0.908793859375 0.6900566515625 0.9185581140625001 0.71319444375 0.9372807015625
1 0.7210160812499999 0.9273848687499999 0.72430555625 0.9175164468749999 0.7002394 0.8989967109375 0.6966264625 0.9087609656250001 0.7210160812499999 0.9273848687499999
1 0.727796053125 0.91488486875 0.7302997078125 0.905071271875 0.7154605265625 0.896929825 0.7130482453125 0.9060307015625 0.727796053125 0.91488486875
1 0.6863084796875001 0.8938240125 0.6881761703125 0.8834429828125 0.6657291671875 0.8752439687500001 0.6640533625 0.8854166671874999 0.6863084796875001 0.8938240125
1 0.71800073125 0.8973684203125 0.7192817984375 0.8850082234375 0.6899652781250001 0.877001096875 0.688821271875 0.88865405625 0.71800073125 0.8973684203125
1 0.7165935671875 0.8539199562500001 0.7177814328125 0.8438322375 0.6953764625 0.8369517546875 0.6939327484375 0.8474506578125001 0.7165935671875 0.8539199562500001
1 0.7380482453125 0.8689418859375 0.7384137421875 0.859676534375 0.7156725140625 0.85704495625 0.7153271203125 0.8666995609375 0.7380482453125 0.8689418859375
1 0.7486293859375001 0.859813596875 0.7490661546874999 0.8484649125000001 0.72304641875 0.8454851968750001 0.72269736875 0.8569353062499999 0.7486293859375001 0.859813596875
1 0.7345942984375 0.8454221484375 0.7355628656250001 0.83525219375 0.71242141875 0.829745065625 0.7115314328125 0.8405701750000001 0.7345942984375 0.8454221484375
1 0.739731359375 0.8320257671875 0.740732821875 0.8223711625 0.7162792390625 0.8153645828125 0.71508771875 0.8254468203125 0.739731359375 0.8320257671875
1 0.671606359375 0.7980866234375 0.670614034375 0.807373903125 0.697823465625 0.81578125 0.6990935671875 0.8057127187500001 0.671606359375 0.7980866234375
1 0.6363231 0.823522478125 0.6302540203125 0.820625 0.6250127921875 0.8456606359375 0.631248171875 0.848223684375 0.6363231 0.823522478125
1 0.9075292390625 0.5970120609375 0.9064510234375 0.6077302625 0.9250054828125001 0.6128042765624999 0.9259137421875 0.6017269734374999 0.9075292390625 0.5970120609375
1 0.8930007312500001 0.5752467109375 0.8916301171875001 0.588706140625 0.9333442984375001 0.6021683109375 0.9345942984375 0.5900493421874999 0.8930007312500001 0.5752467109375
0 0.9709795328125 0.5205592109375 0.971527778125 0.5124177624999999 0.9603362578124999 0.5090899125 0.9595760234374999 0.517242325 0.9709795328125 0.5205592109375
1 0.9529057015625 0.5022203953125 0.9533077484374999 0.49692982499999994 0.9443896203125 0.49440789531249996 0.9440058484374999 0.4999725875 0.9529057015625 0.5022203953125
1 0.9121783625000001 0.461647478125 0.9136586250000001 0.461565240625 0.9133845031250001 0.45490405625 0.9119225140625 0.45493146875 0.9121783625000001 0.461647478125
1 0.8952850874999999 0.455893640625 0.8967653515625 0.45581140312499996 0.8964912281249999 0.44915021875 0.8950292390625 0.44917763125 0.8952850874999999 0.455893640625
1 0.8861970031249999 0.4527357453125 0.890296053125 0.45509868437499995 0.8923976609375 0.4447094296875 0.8881889624999999 0.4425383765625 0.8861970031249999 0.4527357453125
1 0.87428728125 0.44424342031249997 0.8780519 0.44621710468750003 0.8802631578125 0.43610197343749996 0.8762792390625 0.434046053125 0.87428728125 0.44424342031249997
1 0.868742690625 0.44380482499999996 0.8728618421875 0.4439692984375 0.8729532156250001 0.43385964843749997 0.8686586249999999 0.43366228125 0.868742690625 0.44380482499999996
1 0.861937134375 0.4419243421875 0.8659904968750001 0.44184484687500003 0.8661476609375001 0.43197642500000005 0.8622258765625 0.43205592031249995 0.861937134375 0.4419243421875
1 0.8626864031249999 0.43101699531250004 0.8603709796875 0.4269133765625 0.8542653515625 0.4333470390625 0.8564766078125 0.4374506578125 0.8626864031249999 0.43101699531250004
1 0.894170321875 0.34454495625 0.8910818718750001 0.357456140625 0.93037280625 0.38280153437500003 0.9339729531250001 0.3708086625 0.894170321875 0.34454495625
1 0.8961257312500001 0.3307017546875 0.8925621343750001 0.3447916671875 0.92891081875 0.3697532890625 0.9325109656249999 0.3577604171875 0.8961257312500001 0.3307017546875
1 0.913760965625 0.3321546046875 0.9107273390625 0.3423519734375 0.9324872078125 0.35952850937499997 0.935301534375 0.3496080046875 0.913760965625 0.3321546046875
1 0.8744152046875 0.33662280624999996 0.8772112578125 0.3224780703125 0.8359831874999999 0.305838815625 0.8336440062499999 0.31957236875 0.8744152046875 0.33662280624999996
1 0.8038194437499999 0.267489034375 0.8115314328125001 0.2701754390625 0.8174543125 0.2319380484375 0.8096673984375 0.2295778515625 0.8038194437499999 0.267489034375
1 0.8251279234375 0.235581140625 0.81789108125 0.23355263124999998 0.8130116953125001 0.2735745609375 0.8207054093749999 0.27623355312500003 0.8251279234375 0.235581140625
1 0.8165387421875 0.230811403125 0.8235014625 0.2326480265625 0.8281030703125 0.19528234687499998 0.821436403125 0.193338815625 0.8165387421875 0.230811403125
1 0.8089747812500001 0.2308196265625 0.8154422515625 0.2328125 0.8193877921875 0.199786184375 0.8131122078124999 0.198012609375 0.8089747812500001 0.2308196265625
1 0.7971491234375 0.26680372812500003 0.804331140625 0.2689418859375 0.8087883765624999 0.23346491249999998 0.8019773390625 0.2314994515625 0.7971491234375 0.26680372812500003
1 0.8016812859375 0.230783990625 0.8087171046874999 0.2329495609375 0.8130171781250001 0.1982319078125 0.8062079671875001 0.1962691890625 0.8016812859375 0.230783990625
1 0.8064692984375 0.1970668859375 0.8136147656249999 0.19915021875 0.817474415625 0.1642708328125 0.8106633765625 0.1623081140625 0.8064692984375 0.1970668859375
1 0.9033991234375 0.1874177625 0.90548245625 0.174533990625 0.8670321640624999 0.15803179843749998 0.86483918125 0.1702850875 0.9033991234375 0.1874177625
1 0.9172697375000001 0.2130208328125 0.9246454671875 0.21438870625 0.926187865625 0.1890131578125 0.9188596484374999 0.187911184375 0.9172697375000001 0.2130208328125
1 0.9245065796875 0.22003837656249997 0.931893275 0.22035361875 0.9322076015625 0.195723684375 0.9248903515625001 0.194983553125 0.9245065796875 0.22003837656249997
0 0.9312134500000001 0.22201206093749998 0.9367507312500001 0.22258771875 0.9367434203125 0.20373629375000002 0.9314875734375001 0.203125 0.9312134500000001 0.22201206093749998
0 0.9293676906250001 0.3185855265625 0.9279239765625 0.32694627187499997 0.9404239765625 0.3323190796875 0.9419407890624999 0.3239857453125 0.9293676906250001 0.3185855265625
0 0.8099232453124999 0.32275219375 0.8094298249999999 0.32971491249999996 0.820025584375 0.33160361875 0.8205043859375 0.3244517546875 0.8099232453124999 0.32275219375
1 0.8326754390625 0.18426535156249998 0.836366959375 0.18100328906250002 0.8313139625 0.1700493421875 0.82777595 0.1737445171875 0.8326754390625 0.18426535156249998
0 0.7999451750000001 0 0.79930555625 0.0032620609374999997 0.80351608125 0.0043804828125 0.8043494156250001 0 0.7999451750000001 0
1 0.8058625734374999 0.00931469375 0.8046783625 0.0088815796875 0.80371345 0.014183114062499998 0.8048976609375 0.014577851562499999 0.8058625734374999 0.00931469375
1 0.8045321640624999 0.036019737499999996 0.8008771937500001 0.034703946875 0.7994152046874999 0.0439418859375 0.8031067249999999 0.0452302625 0.8045321640624999 0.036019737499999996
1 0.79683845 0.09490131562500001 0.8023026312500001 0.096875 0.8052448828125 0.073903509375 0.8000731 0.07214912343749999 0.79683845 0.09490131562500001
0 0.7946637421875 0.11041666718750001 0.7989948828125 0.11225328906250001 0.8011641078125 0.09974506562499999 0.7969481 0.098081140625 0.7946637421875 0.11041666718750001
0 0.79150219375 0.125 0.79601608125 0.1270833328125 0.7984100875 0.11321271875000001 0.7939692984375 0.111293859375 0.79150219375 0.125
0 0.7917361109375001 0.15092105312499998 0.796509503125 0.15167214843750002 0.7974232453125001 0.1354440796875 0.792653509375 0.134813596875 0.7917361109375001 0.15092105312499998
0 0.7873355265625 0.17113486875 0.791849415625 0.1725328953125 0.7935836984375 0.1588322375 0.7890899124999999 0.157346490625 0.7873355265625 0.17113486875
1 0.7841739765625 0.20008223749999998 0.7901315796875 0.2021655703125 0.7935489765625 0.17576754375 0.7879495609375 0.17354989062499998 0.7841739765625 0.20008223749999998
1 0.7592653515625 0.201178728125 0.7652412281250001 0.2041392546875 0.7702119890625 0.179117325 0.7647934937499999 0.17638980312500002 0.7592653515625 0.201178728125
0 0.7821637421875 0.19388706093750002 0.77728435625 0.1923245609375 0.7752010234375 0.20881030625000002 0.780171784375 0.21030701718749997 0.7821637421875 0.19388706093750002
0 0.7818713453125 0.21716008750000002 0.7865862578125 0.218338815625 0.7879934203125 0.205098684375 0.78353435625 0.20370065781250002 0.7818713453125 0.21716008750000002
0 0.7782711984375 0.24375 0.7829130109375 0.24544956093749998 0.7852887421875 0.2282894734375 0.7806469296875 0.226617325 0.7782711984375 0.24375
0 0.7844481 0.27003837656249996 0.7896016078125 0.2704495609375 0.7901900578125 0.25078125 0.78508771875 0.250301534375 0.7844481 0.27003837656249996
0 0.7691885968750001 0.2599533984375 0.7640168125 0.25852521875 0.762024853125 0.2764802625 0.767198465625 0.27766995625 0.7691885968750001 0.2599533984375
0 0.7663194437499999 0.2877192984375 0.76175073125 0.2862116234375 0.7595211984375 0.3017817984375 0.7642909359375001 0.30315241249999997 0.7663194437499999 0.2877192984375
1 0.765606725 0.3177905703125 0.7666118421875 0.318311403125 0.7679970765624999 0.3115871703125 0.767019371875 0.31101699531250004 0.765606725 0.3177905703125
1 0.7706706875 0.300328946875 0.7767726609375 0.3025767546875 0.780007309375 0.276946271875 0.773848684375 0.2747532890625 0.7706706875 0.300328946875
1 0.7605628656250001 0.359429825 0.76648391875 0.36173245625 0.7703581875000001 0.334676534375 0.7647295328125 0.3326480265625 0.7605628656250001 0.359429825
1 0.7490679828125 0.382757675 0.7520102343749999 0.38511513124999996 0.7546052624999999 0.3779605265625 0.7517726609375 0.3756304828125 0.7490679828125 0.382757675
1 0.8918658625000001 0.49106085468750005 0.8917872812500001 0.488336075 0.8869883046875 0.48821271875 0.887043128125 0.491063596875 0.8918658625000001 0.49106085468750005
1 0.8235142546875001 0.46640625 0.823793859375 0.46387061406249996 0.81862573125 0.46255756562499994 0.8183187140625 0.4651233546875 0.8235142546875001 0.46640625
1 0.7936038015625 0.4232182015625 0.7938048249999999 0.420751096875 0.789491959375 0.41998355312499996 0.7893274859375 0.4223958328125 0.7936038015625 0.4232182015625
1 0.7782346484375 0.41883223750000004 0.7782346484375 0.41641995625000006 0.7743603796875 0.416803728125 0.7743421046875001 0.41918859687500004 0.7782346484375 0.41883223750000004
1 0.7611293859375 0.41603618437499995 0.7627010234375 0.41620065781250004 0.76332236875 0.40778508750000003 0.76171418125 0.40770285156249997 0.7611293859375 0.41603618437499995
1 0.7690606718749999 0.39503837656249996 0.770305190625 0.39599780625 0.7727832609374999 0.3892242328125 0.771555190625 0.3883004390625 0.7690606718749999 0.39503837656249996
1 0.7622807015624999 0.3946546046875 0.7638980265625 0.3949945171875 0.7650383765625001 0.38637609687499996 0.7634594296875 0.38608004375 0.7622807015624999 0.3946546046875
1 0.7508607453125 0.398292215625 0.7523574562500001 0.39950657968750003 0.7549159359375001 0.3908991234375 0.753453946875 0.38985745625 0.7508607453125 0.398292215625
0 0.7547514625 0.367571271875 0.75243055625 0.3612116234375 0.7417032156250001 0.3693804828125 0.7440058484375001 0.3756578953125 0.7547514625 0.367571271875
1 0.729367690625 0.3466008765625 0.729385965625 0.34457236875 0.7253654968750001 0.34446271875 0.725383771875 0.346518640625 0.729367690625 0.3466008765625
1 0.7746546046875 0.46063596562500003 0.781597221875 0.45246710468750007 0.7646016078125 0.4225054828125 0.7576937140625 0.4306195171875 0.7746546046875 0.46063596562500003
1 0.740222953125 0.4302467109375 0.7416118421875 0.4315350875 0.7439144734375 0.424928728125 0.742580409375 0.42374999999999996 0.740222953125 0.4302467109375
1 0.7296052625 0.4372807015625 0.7330774859375 0.4405153515625 0.7370851609375 0.43145559218749996 0.73385599375 0.42797697343749996 0.7296052625 0.4372807015625
1 0 0.25352796093749996 0.00398391875 0.255811403125 0.0060672515625 0.2474780703125 0 0.24336622812500003 0 0.25352796093749996
1 0.5874269 0.44021381562500006 0.5858369890625 0.452001096875 0.63196271875 0.46644736875000004 0.6336805562500001 0.45413925468749994 0.5874269 0.44021381562500006
1 0.4703216375 0.40068530625000004 0.472240496875 0.3884594296875 0.4411915203125 0.379331140625 0.43940058437499996 0.39144736875 0.4703216375 0.40068530625000004
1 0.51637426875 0.4139528515625 0.5182931281250001 0.4015899125 0.486597221875 0.3923958328125 0.4850511703125 0.40498903437499995 0.51637426875 0.4139528515625
1 0.522649853125 0.399221490625 0.523903509375 0.39144736875 0.511158625 0.3871491234375 0.50982090625 0.3947149125 0.522649853125 0.399221490625
1 0.511463815625 0.38468749999999996 0.512938596875 0.3744517546875 0.49530153437499996 0.369207784375 0.49391447343749995 0.3791118421875 0.511463815625 0.38468749999999996
1 0.49206871406249997 0.3869133765625 0.4923793859375 0.3849780703125 0.4889619890625 0.3837171046875 0.4887006578125 0.3854934203125 0.49206871406249997 0.3869133765625
1 0.5251644734375 0.382373903125 0.5256195171875 0.379547696875 0.520632309375 0.3776315796875 0.5200475140624999 0.38040021875 0.5251644734375 0.382373903125
0 0.50329495625 0.3937883765625 0.5042763156250001 0.38637609687499996 0.4928344296875 0.3835279609375 0.4919791671875 0.3907291671875 0.50329495625 0.3937883765625
0 0.4873172515625 0.389117325 0.4881761703125 0.38273026250000003 0.47900219374999997 0.380043859375 0.478125 0.38678728125 0.4873172515625 0.389117325
1 0.4849049703125 0.38050986875000004 0.48539839218749997 0.378426534375 0.48073830468749995 0.37606907968750003 0.48022660781250004 0.3781524125 0.4849049703125 0.38050986875000004
0 0.4842105265625 0.37579495625 0.4853801171875 0.36811951718749997 0.473081140625 0.364501096875 0.47192982499999997 0.371875 0.4842105265625 0.37579495625
0 0.3994883046875 0.362883771875 0.4005847953125 0.35597587656249996 0.389418859375 0.35238486875 0.3884685671875 0.35953947343750003 0.3994883046875 0.362883771875
1 0.4204312859375 0.3560307015625 0.421564328125 0.35010964843750003 0.415126096875 0.34741228125 0.41393823125000007 0.353251096875 0.4204312859375 0.3560307015625
0 0.386403509375 0.3459155703125 0.38724415156249997 0.3391721484375 0.3771929828125 0.3365405703125 0.3763888890625 0.34322916718749996 0.386403509375 0.3459155703125
1 0.3451388890625 0.30381030625 0.3467927625 0.30478070156250003 0.3482090640625 0.29841008750000003 0.3465826015625 0.297286184375 0.3451388890625 0.30381030625
1 0.123581871875 0.26714912343749997 0.12305555625 0.26968201718749996 0.1274853796875 0.27198464843750003 0.12805555625 0.26968201718749996 0.123581871875 0.26714912343749997
0 0.33159722187499996 0.27110745625 0.326900584375 0.270751096875 0.3259137421875 0.2844024125 0.3306103796875 0.284676534375 0.33159722187499996 0.27110745625
0 0.338669590625 0.2739857453125 0.334356725 0.27225877187499997 0.33161549687499997 0.28670504375 0.3359100875 0.28832236875 0.338669590625 0.2739857453125
0 0.3436038015625 0.27664473749999996 0.3390899125 0.2755208328125 0.3369517546875 0.2881578953125 0.3415387421875 0.2891721484375 0.3436038015625 0.27664473749999996
0 0.39078947343750003 0.2953947375 0.3888340640625 0.30227521875 0.399625365625 0.3076288375 0.4013523390625 0.30076754375000003 0.39078947343750003 0.2953947375
0 0.4527704671875 0.23429276250000003 0.45263340625000004 0.2280180921875 0.44313413749999997 0.22822094375000002 0.443329678125 0.2346217109375 0.4527704671875 0.23429276250000003
0 0.4559576015625 0.20817708281249997 0.4516447375 0.20868969375000002 0.452510965625 0.223848684375 0.4569261703125 0.2231633765625 0.4559576015625 0.20817708281249997
1 0.47076571562499997 0.2149780703125 0.46539839218749995 0.215016446875 0.46502923906250004 0.23779331093749997 0.47055555625 0.237713815625 0.47076571562499997 0.2149780703125
0 0.47640716406249994 0.21398026250000002 0.47235014687500004 0.21398026250000002 0.4722642546875 0.230498903125 0.476408990625 0.230466009375 0.47640716406249994 0.21398026250000002
1 0.4983369890625 0.28980263125 0.4916849421875 0.28974780624999996 0.4908260234375 0.3166118421875 0.49745979531250006 0.316721490625 0.4983369890625 0.28980263125
1 0.51638340625 0.27472861875 0.510608553125 0.27479714843749997 0.5107894734375 0.30924342031249996 0.516973684375 0.30876370625 0.51638340625 0.27472861875
0 0.5261513156250001 0.21631030624999997 0.5261513156250001 0.22401315781250003 0.537445175 0.2233552625 0.5374086250000001 0.2158991234375 0.5261513156250001 0.21631030624999997
0 0.5246418125 0.2265131578125 0.5242945906250001 0.2327631578125 0.5358260234375 0.234106359375 0.5361549703125 0.22799342031249997 0.5246418125 0.2265131578125
0 0.5370065796875 0.2438322375 0.5372441515624999 0.236376096875 0.5258059203125 0.23565515312500002 0.5254934203125 0.24317434218749998 0.5370065796875 0.2438322375
0 0.5731542390625 0.239007675 0.5736111109375 0.23278508750000002 0.5647295328124999 0.23108552656249998 0.5642909359375 0.23752741249999998 0.5731542390625 0.239007675
0 0.5702375734375 0.1979769734375 0.5702485375 0.1912554828125 0.561293859375 0.191008771875 0.561239034375 0.19756030625 0.5702375734375 0.1979769734375
0 0.5604477343750001 0.19790296093749998 0.5602339187500001 0.20471491249999998 0.5711275578125 0.20540296093750002 0.5712810671875 0.198692434375 0.5604477343750001 0.19790296093749998
1 0.5607894734375 0.2051644734375 0.5607638890625 0.21084978125 0.5678161546875 0.21112664531249997 0.5678947375 0.20555921093750001 0.5607894734375 0.2051644734375
0 0.5608552625 0.215268640625 0.5608918125 0.2232182015625 0.573044590625 0.22330043906250002 0.57293676875 0.21496162343749997 0.5608552625 0.215268640625
0 0.5790570171875 0.2053453953125 0.5745467843750001 0.2057044953125 0.5751608187499999 0.2205729171875 0.5797514625 0.22028508750000003 0.5790570171875 0.2053453953125
0 0.5766812859375 0.1889802625 0.572258771875 0.190241228125 0.573775584375 0.2045778515625 0.5783442984375 0.20339912343750002 0.5766812859375 0.1889802625
0 0.6013888890625 0.2118969296875 0.6001279234375 0.205098684375 0.589546784375 0.2087171046875 0.590606725 0.215625 0.6013888890625 0.2118969296875
0 0.6009685671875 0.203426534375 0.5990314328124999 0.1967927625 0.589892178125 0.2012993421875 0.5916849421875 0.2080592109375 0.6009685671875 0.203426534375
0 0.6001461984375001 0.196573465625 0.6001644734375 0.18991228124999998 0.590168128125 0.18991228124999998 0.590204678125 0.19662828906250002 0.6001461984375001 0.196573465625
0 0.6008333328125001 0.22015899062500002 0.600402046875 0.21387061406250002 0.5912719296875 0.215553728125 0.5917032156250001 0.2217653515625 0.6008333328125001 0.22015899062500002
0 0.6025749265625 0.24014254375 0.6025749265625 0.232658990625 0.5907894734375 0.232456140625 0.59066155 0.2399671046875 0.6025749265625 0.24014254375
0 0.6022203953124999 0.2493256578125 0.60227521875 0.24288377187500002 0.592516446875 0.24203399062500003 0.5924798984375 0.2485307015625 0.6022203953124999 0.2493256578125
0 0.6036732453125 0.272203946875 0.6036732453125 0.26546052656249997 0.594170321875 0.2655153515625 0.594225146875 0.272286184375 0.6036732453125 0.272203946875
0 0.6037828953125 0.2651315796875 0.6037627921875 0.25728344375 0.5921399859375 0.25728344375 0.5922679093750001 0.2652878296875 0.6037828953125 0.2651315796875
0 0.5759521203125 0.24910635937499997 0.5758589187500001 0.24265350937500002 0.56590095 0.24285910156249998 0.565919225 0.24954495625 0.5759521203125 0.24910635937499997
1 0.58349780625 0.2603892546875 0.583150584375 0.250438596875 0.565296053125 0.25243969375 0.565643275 0.2622807015625 0.58349780625 0.2603892546875
0 0.5796052625 0.27102521875 0.5795869890625001 0.26334978124999997 0.56787280625 0.26321271875 0.5678179828125 0.2709429828125 0.5796052625 0.27102521875
0 0.5674177625 0.2765158984375 0.5678179828125 0.2833333328125 0.576445540625 0.2820805921875 0.5759868421875 0.2751096484375 0.5674177625 0.2765158984375
0 0.5812317250000001 0.2907072375 0.5811038015625 0.2834703953125 0.5687189328125 0.28375 0.568731725 0.2908168859375 0.5812317250000001 0.2907072375
1 0.58824926875 0.1898190796875 0.5835197375 0.1898190796875 0.5831980999999999 0.21691337656249998 0.5882035812499999 0.216831140625 0.58824926875 0.1898190796875
0 0.6017269734374999 0.2569133765625 0.6017909359375 0.24967105312500001 0.5923885234374999 0.24951206093749997 0.5924524859375 0.2569078953125 0.6017269734374999 0.2569133765625
0 0.6034722218749999 0.28303179843750004 0.6028326015625 0.276260965625 0.593311403125 0.278563596875 0.594097221875 0.285581140625 0.6034722218749999 0.28303179843750004
1 0.5002923984375001 0.3526041671875 0.5005665203125 0.3505482453125 0.49608918125 0.34890350937500003 0.495778509375 0.3509320171875 0.5002923984375001 0.3526041671875
0 0.5584521203125 0.3132757671875 0.5541392546874999 0.3133305921875 0.554285453125 0.3264336625 0.5586988296875 0.326260965625 0.5584521203125 0.3132757671875
1 0.5681341375 0.3110663375 0.5630847953125 0.31096491249999997 0.563366228125 0.33010690781249996 0.5682748531249999 0.3299616234375 0.5681341375 0.3110663375
1 0.575420321875 0.32458881562499997 0.5810124265625001 0.3244791671875 0.5810124265625001 0.2994791671875 0.5756761703125 0.299588815625 0.575420321875 0.32458881562499997
1 0.5876827484375 0.300356359375 0.58210891875 0.300466009375 0.581633771875 0.327001096875 0.58746345 0.327028509375 0.5876827484375 0.300356359375
0 0.61246345 0.36019736875 0.6122441515625 0.35298793906250003 0.6008954671875 0.35394736875 0.601169590625 0.36132127187499996 0.61246345 0.36019736875
1 0.5990314328124999 0.3176809203125 0.5991045328125 0.32735745625 0.6169773390625 0.326918859375 0.616867690625 0.31751644687499997 0.5990314328124999 0.3176809203125
1 0.6391447375 0.30241228124999997 0.6391264624999999 0.31230811406250003 0.6555921046875001 0.31318530624999996 0.655793128125 0.30339912343750003 0.6391447375 0.30241228124999997
0 0.6336805562500001 0.2978892546875 0.6295321640625 0.2978892546875 0.6293951015625 0.31025493437499996 0.63358918125 0.3103070171875 0.6336805562500001 0.2978892546875
0 0.668329678125 0.34306469375000004 0.6724049703125 0.3432565796875 0.672668128125 0.330383771875 0.6685855265625 0.3301809203125 0.668329678125 0.34306469375000004
1 0.6814692984375 0.3166666671875 0.6794773390625 0.326096490625 0.6970029234374999 0.33415021875 0.6989583328125 0.32456140312500004 0.6814692984375 0.3166666671875
0 0.6680774859375 0.274813596875 0.6638669593750001 0.2746820171875 0.66330409375 0.288706140625 0.667616959375 0.2889528515625 0.6680774859375 0.274813596875
0 0.670116959375 0.253168859375 0.6654422515625 0.252823465625 0.6649488296875 0.269956140625 0.66957236875 0.2702850875 0.670116959375 0.253168859375
1 0.7110014625 0.06779057031249999 0.704294590625 0.071875 0.713971125 0.1017406796875 0.7208698828125 0.09725877187500001 0.7110014625 0.06779057031249999
1 0.6896198828125 0.0982182015625 0.6891812859375 0.1100054828125 0.7113541671875 0.1129468203125 0.711891446875 0.10157894687499999 0.6896198828125 0.0982182015625
1 0.6926918859375 0.10967927656250001 0.692525584375 0.121518640625 0.7147331875 0.12251370624999999 0.715080409375 0.111334978125 0.6926918859375 0.10967927656250001
1 0.71637426875 0.0994243421875 0.7151315796875 0.112856359375 0.7385233921875 0.118804825 0.740001828125 0.1052796046875 0.71637426875 0.0994243421875
1 0.72863486875 0.0871957234375 0.7259137421874999 0.100328946875 0.7482273390625 0.109018640625 0.750462353125 0.0966091015625 0.72863486875 0.0871957234375
1 0.7294279968749999 0.077497259375 0.727198465625 0.089229715625 0.7490716374999999 0.0989144734375 0.7512554828125 0.08691063593750001 0.7294279968749999 0.077497259375
0 0.7413194437499999 0.1082456140625 0.740953946875 0.11474780625 0.7515350875 0.115570175 0.7517178359375001 0.109018640625 0.7413194437499999 0.1082456140625
0 0.6116410812499999 0.13667763125000001 0.6141447375 0.1297971484375 0.603563596875 0.121573465625 0.601169590625 0.1286458328125 0.6116410812499999 0.13667763125000001
0 0.48212719374999996 0.0182017546875 0.48013523437499994 0.024561403125 0.4902302625 0.029366776562500002 0.4920504390625 0.023081140625 0.48212719374999996 0.0182017546875
0 0.23008040937500002 0.1689692984375 0.22852704687499997 0.1748903515625 0.2373062859375 0.178623903125 0.2388231 0.17265350937499999 0.23008040937500002 0.1689692984375
1 0.2530153515625 0 0.25201023437500003 0.0030427625 0.25759137499999996 0.00555646875 0.2594481 0 0.2530153515625 0
1 0.2586385234375 0 0.25625 0.0074561406250000005 0.26222587656249996 0.0102796046875 0.26566155 0 0.2586385234375 0
0 0.2631396203125 0.0106907890625 0.2669407890625 0.013103070312500001 0.2712171046875 0.0020833328125000002 0.267562134375 0 0.2631396203125 0.0106907890625
0 0.246472953125 0.0346217109375 0.25085891875 0.0377741234375 0.2553764625 0.0246875 0.2510124265625 0.0217927625 0.246472953125 0.0346217109375
0 0.2528326015625 0.0440241234375 0.25694444375000003 0.0459703953125 0.26004385937499996 0.0318558109375 0.25593932812500003 0.029660087499999998 0.2528326015625 0.0440241234375
0 0.250383771875 0.054139254687500006 0.24515716406250002 0.0506304828125 0.23979532187500002 0.06289747812499999 0.24532163749999997 0.0670230265625 0.250383771875 0.054139254687500006
1 0.2364583328125 0.0302357453125 0.24283625781249998 0.03511513125 0.2502375734375 0.0162554828125 0.2436038015625 0.011239034375 0.2364583328125 0.0302357453125
1 0.22401315781250003 0.028481359374999998 0.23108552656249998 0.032236842187499996 0.23846856718749998 0.011403509374999999 0.23205409375000002 0.008278509375 0.22401315781250003 0.028481359374999998
1 0.22149122812500002 0.019956140625 0.21875 0.0111567984375 0.206688596875 0.019956140625 0.20977704687499998 0.02891995625 0.22149122812500002 0.019956140625
0 0.2020650578125 0.0442982453125 0.206231725 0.0489857453125 0.21361476562499998 0.0343475875 0.20922880156249998 0.029769737499999997 0.2020650578125 0.0442982453125
1 0.19111842031249998 0.0606633765625 0.197240496875 0.066831140625 0.20588815781249997 0.049698465625 0.19967470781250002 0.043859648437499996 0.19111842031249998 0.0606633765625
1 0.1782346484375 0.08854166718749999 0.184429825 0.09449013125 0.19378655 0.076123903125 0.1875731 0.070282346875 0.1782346484375 0.08854166718749999
0 0.1349780703125 0.0889528515625 0.13037280625 0.0849780703125 0.12425073125 0.098108553125 0.128742690625 0.10237390312500001 0.1349780703125 0.0889528515625
0 0.14983552656250002 0.12735745625 0.15381944375 0.13050986874999998 0.1578581875 0.12108004375 0.15396564375 0.11776315781249999 0.14983552656250002 0.12735745625
1 0.156560671875 0.15068530625 0.16202485312499998 0.1561677625 0.1697021203125 0.137985196875 0.1640899125 0.1330592109375 0.156560671875 0.15068530625
0 0.1484100875 0.15803179843749998 0.1528874265625 0.16192434218750001 0.1588633046875 0.14890350937500002 0.1546052625 0.14487390312499998 0.1484100875 0.15803179843749998
1 0.158260234375 0.1646929828125 0.1513888890625 0.1592379390625 0.132328215625 0.203481359375 0.1388706140625 0.20934758750000002 0.158260234375 0.1646929828125
1 0.1458881578125 0.2264254390625 0.145614034375 0.2361293859375 0.1577850875 0.23571820156249998 0.158187134375 0.2255482453125 0.1458881578125 0.2264254390625
0 0.129367690625 0.2235745609375 0.13358918125000002 0.226864034375 0.1376644734375 0.2169682015625 0.13364400625 0.21332236875000002 0.129367690625 0.2235745609375
0 0.11955409374999999 0.2032620609375 0.1189692984375 0.20962171093749998 0.12571271875 0.21019736875 0.1263340640625 0.20397478125 0.11955409374999999 0.2032620609375
1 0.1127741234375 0.23588267499999999 0.11297514687500002 0.23031798281250002 0.1068713453125 0.22982456093749998 0.10668859687500001 0.23541666718749998 0.1127741234375 0.23588267499999999
0 0.08313413750000001 0.20711348749999997 0.0800822375 0.20467379375 0.076471125 0.214073465625 0.0794791671875 0.21632401250000002 0.08313413750000001 0.20711348749999997
0 0.0801809203125 0.20414199531250002 0.07712902031249999 0.20170230312499998 0.073517909375 0.21110471562500002 0.07652595 0.213352521875 0.0801809203125 0.20414199531250002
0 0.078033625 0.2021107453125 0.074981725 0.199671053125 0.0713706140625 0.2090707234375 0.0743786546875 0.211321271875 0.078033625 0.2021107453125
0 0.076224415625 0.1986567984375 0.07298976562500001 0.1962445171875 0.06824013125 0.2079440796875 0.071730628125 0.2106304828125 0.076224415625 0.1986567984375
0 0.0733918125 0.198026315625 0.0701206140625 0.19544956093750002 0.06558844999999999 0.20644188593749999 0.069078946875 0.2091282890625 0.0733918125 0.198026315625
0 0.08572733906249999 0.139676534375 0.0888687859375 0.141773575 0.0920942984375 0.13097861875 0.0889784359375 0.1290542765625 0.08572733906249999 0.139676534375
0 0.0811769 0.15240405625 0.0843165203125 0.154501096875 0.087543859375 0.143706140625 0.0844261703125 0.1417817984375 0.0811769 0.15240405625
0 0.07655701718749999 0.16527138125000002 0.079698465625 0.16736842031250002 0.0829239765625 0.15657346562500002 0.0798081140625 0.15464912343749998 0.07655701718749999 0.16527138125000002
0 0.0727357453125 0.177042215625 0.07587719375 0.1791392546875 0.0791027046875 0.16834703906249998 0.0759868421875 0.16641995625 0.0727357453125 0.177042215625
1 0.0661549703125 0.192516446875 0.06324926875 0.1919407890625 0.062445175 0.198739034375 0.06538742656249999 0.19923245625 0.0661549703125 0.192516446875
0 0.0843969296875 0.1972395828125 0.087658990625 0.1994517546875 0.09108004374999999 0.186858553125 0.0878965640625 0.1846875 0.0843969296875 0.1972395828125
0 0.0784100875 0.19234374999999998 0.0816739765625 0.19455317968750002 0.0850950296875 0.18196271875 0.08191155 0.1797916671875 0.0784100875 0.19234374999999998
0 0.07191155 0.192598684375 0.0756213453125 0.19375 0.07816155 0.1825932015625 0.074524853125 0.18125 0.07191155 0.192598684375
0 0.06803728125 0.188623903125 0.0716008765625 0.19133771875 0.075475146875 0.18037280625000002 0.07198464843749999 0.1778508765625 0.06803728125 0.188623903125
0 0.061896929687500005 0.194956140625 0.0588815796875 0.1921600875 0.055296053125 0.20023574531250002 0.0582638890625 0.203127740625 0.061896929687500005 0.194956140625
0 0.0302357453125 0.19189144687499998 0.0263157890625 0.1889802625 0.022525584374999998 0.199602521875 0.026379751562499998 0.20246436406249999 0.0302357453125 0.19189144687499998
0 0.0123062859375 0.1767516453125 0.015705409375 0.1793832234375 0.0197807015625 0.1680071265625 0.0166008765625 0.1652933109375 0.0123062859375 0.1767516453125
0 0.008296784375000001 0.17612390312499998 0.01169590625 0.1787554828125 0.0157711984375 0.16737938593749999 0.012591374999999998 0.1646655703125 0.008296784375000001 0.17612390312499998
1 0.47915752968750003 0.7003865125 0.4744334796875 0.69150219375 0.45562865468749997 0.713678728125 0.46012426875 0.7220120609375 0.47915752968750003 0.7003865125
0 0.43420869843750004 0.7022341015625 0.43607456093749997 0.7088267546875 0.4474707609375 0.7011430921875 0.44548245625 0.6944654609375001 0.43420869843750004 0.7022341015625
0 0.48912646249999997 0.7766995609375 0.49230628593750003 0.7702302624999999 0.480793128125 0.7581414468750001 0.47763157968750003 0.764528509375 0.48912646249999997 0.7766995609375
0 0.48730811406249996 0.7875520828125 0.49018640312499995 0.781304825 0.479367690625 0.770614034375 0.47655336249999997 0.7768092109375 0.48730811406249996 0.7875520828125
0 0.4623720765625 0.8036732453125 0.4674342109375 0.8048245609375 0.4692434203125 0.78511513125 0.4640899125 0.784046053125 0.4623720765625 0.8036732453125
1 0.43623903437499995 0.688678728125 0.43609283593750003 0.677001096875 0.3924524859375 0.680893640625 0.39274488281250003 0.6928453953125 0.43623903437499995 0.688678728125
0 0.584080775 0.5513596484375001 0.57991228125 0.5541447374999999 0.5848008046875 0.5695476968750001 0.5889254390625001 0.56647478125 0.584080775 0.5513596484375001
0 0.6128435671875 0.5487253296875 0.6100328953124999 0.55553728125 0.62105263125 0.5642543859375 0.6237701015625 0.5573958328125 0.6128435671875 0.5487253296875
0 0.60603435625 0.5923355265625 0.6038523390625 0.5988843203124999 0.6136293859374999 0.6060471484375001 0.6159027781249999 0.5994983546875 0.60603435625 0.5923355265625
1 0.65232090625 0.5766447375 0.6485014625 0.575328946875 0.646661184375 0.5861567984375 0.6505555562499999 0.587341009375 0.65232090625 0.5766447375
1 0.6360562859375001 0.5584429828124999 0.634393275 0.5579221484375 0.6333442984375 0.5663322375 0.63510599375 0.566803728125 0.6360562859375001 0.5584429828124999
1 0.648866959375 0.5589364031249999 0.6472953218749999 0.55863486875 0.646820175 0.5661184203125 0.6484502921875 0.566280153125 0.648866959375 0.5589364031249999
1 0.6525767546875 0.5599506578125 0.6510233921874999 0.5595120609374999 0.6500731 0.56662280625 0.6516739765625 0.5670504390625 0.6525767546875 0.5599506578125
1 0.71489400625 0.5637883765625 0.7146198828125 0.5661458328125 0.7198976609375001 0.56764254375 0.7202302625 0.565186403125 0.71489400625 0.5637883765625
1 0.6651991953125 0.57983004375 0.6634082609374999 0.5788706140625 0.6618548984375 0.5855043859375 0.6635928359375 0.5864994515624999 0.6651991953125 0.57983004375
1 0.668357090625 0.571304825 0.6665661546874999 0.5703453953125 0.6650127921875 0.5769791671875 0.66675073125 0.5779742328124999 0.668357090625 0.571304825
1 0.671418128125 0.574643640625 0.66962719375 0.5736842109375 0.6680738296875 0.5803179828125 0.66981176875 0.58131030625 0.671418128125 0.574643640625
0 0.6814510234375 0.627658990625 0.6869883046874999 0.629385965625 0.6895467843749999 0.6108442984375 0.6840826015625 0.6090734656250001 0.6814510234375 0.627658990625
1 0.6843603796875 0.6673547156249999 0.683848684375 0.6695504390625 0.6891301171875 0.672483553125 0.6896655703125 0.6702905703125001 0.6843603796875 0.6673547156249999
1 0.6843347953125 0.6715378296875001 0.6838212718750001 0.673733553125 0.6891027046875 0.6766666671875 0.6896399859375 0.674476425 0.6843347953125 0.6715378296875001
1 0.6833351609375 0.6788898031249999 0.6828216375 0.6810855265625 0.6881030703125 0.684018640625 0.6886403515625 0.6818283984375 0.6833351609375 0.6788898031249999
0 0.67554641875 0.6623766453125 0.6800566515625001 0.6647642546875 0.6833918125 0.64907620625 0.6789583328125001 0.646858553125 0.67554641875 0.6623766453125
0 0.6607035812500001 0.6581058109375 0.6603344296875 0.650764803125 0.64915021875 0.651987390625 0.6494919593749999 0.6593695171875 0.6607035812500001 0.6581058109375
0 0.64923245625 0.673108553125 0.6509064328124999 0.680438596875 0.662814328125 0.6750109656250001 0.661275584375 0.66792763125 0.64923245625 0.673108553125
0 0.5794956140624999 0.7114309203125 0.575 0.7071820171875001 0.5680299703125 0.7237554828125 0.572686403125 0.7285307015625 0.5794956140624999 0.7114309203125
0 0.6481359656250001 0.73212719375 0.6494883046875 0.7264254390625 0.6405519 0.7219298249999999 0.639418859375 0.727741228125 0.6481359656250001 0.73212719375
0 0.648296784375 0.7368969296875 0.64303728125 0.7348958328124999 0.6403764625 0.751959978125 0.64545504375 0.7539501093750001 0.648296784375 0.7368969296875
0 0.634320175 0.7810032890625 0.6397295328125 0.783936403125 0.6439327484375 0.7635142546875 0.638687865625 0.7607730265625 0.634320175 0.7810032890625
0 0.7445540937499999 0.5140350875 0.7431103796875 0.5218475875 0.7569809937499999 0.5276315796875 0.7583881578125 0.5198739031249999 0.7445540937499999 0.5140350875
0 0.7462536546874999 0.5269736843749999 0.7447733921874999 0.533991228125 0.7550621343749999 0.5387883765625 0.7566301171875 0.5320860749999999 0.7462536546874999 0.5269736843749999
0 0.7639491953124999 0.5230016453124999 0.7622916671875 0.5305893640625 0.77446271875 0.53623629375 0.77616228125 0.528862390625 0.7639491953124999 0.5230016453124999
0 0.758748171875 0.5327631578124999 0.75709064375 0.5403508765625 0.7692616953125 0.54599780625 0.7709612578125 0.538623903125 0.758748171875 0.5327631578124999
0 0.7759502921875 0.5412280703125 0.7743238296875 0.548382675 0.7861842109375 0.5533717109375 0.7876096484375 0.546518640625 0.7759502921875 0.5412280703125
0 0.7828691515624999 0.5321820171875 0.781341375 0.538623903125 0.791703215625 0.5440241234375 0.7932200296875 0.5373081140625 0.7828691515624999 0.5321820171875
0 0.80618055625 0.5419188593750001 0.8046052625 0.548876096875 0.8155884500000001 0.5541666671875001 0.8170741953125 0.547129934375 0.80618055625 0.5419188593750001
0 0.7989327484375 0.5517214906250001 0.797295321875 0.5588541671875 0.8073976609375 0.56451754375 0.809283625 0.5574013156250001 0.7989327484375 0.5517214906250001
0 0.8134046046875 0.5593475875 0.8118603796875 0.5658717109375 0.8221418125 0.5712280703125 0.8234046046874999 0.5644380484375 0.8134046046875 0.5593475875
0 0.8377503656249999 0.5713870609375 0.8361293859375 0.5779331140624999 0.8459923249999999 0.58306469375 0.8476790937500001 0.5763432015625 0.8377503656249999 0.5713870609375
1 0.7937682749999999 0.5721217109375 0.793731725 0.57318530625 0.79691155 0.5737061406249999 0.796966375 0.5727192984375 0.7937682749999999 0.5721217109375
0 0.8671052625 0.57741228125 0.8650036546875001 0.5837993421875 0.8763888890624999 0.5916666671875 0.8783991234374999 0.58506030625 0.8671052625 0.57741228125
1 0.88039108125 0.582456140625 0.8797331875 0.5841008765625 0.88366228125 0.587445175 0.8843019 0.5857456140624999 0.88039108125 0.582456140625
1 0.8872441515625 0.5959703953125 0.8868969296874999 0.5983004390625 0.8914656437499999 0.6 0.891803728125 0.597757675 0.8872441515625 0.5959703953125
1 0.9158790203124999 0.5972834437500001 0.9157200296875001 0.5995093203125 0.9205519000000001 0.6006469296875 0.920741959375 0.5984210531249999 0.9158790203124999 0.5972834437500001
1 0.932589546875 0.603407346875 0.9321472953125 0.605540021875 0.9372642546875 0.6081441890625 0.9377375734375001 0.6061567984375 0.932589546875 0.603407346875
0 0.940990496875 0.595778509375 0.9398574562500001 0.6033717109375 0.9502741234375 0.60696271875 0.9511878656249999 0.5993695171875 0.940990496875 0.595778509375
0 0.961293859375 0.599588815625 0.9604166671875 0.6073190796875 0.9717470765625 0.6108552625 0.9725146203125 0.6030975875 0.961293859375 0.599588815625
0 0.9376279234375 0.796518640625 0.9369334796875 0.8015625 0.9434850140625001 0.8035169953124999 0.944097221875 0.798793859375 0.9376279234375 0.796518640625
0 0.9492196640625 0.96802905625 0.9481962718749999 0.9761567984375 0.9605500734374999 0.9797944078124999 0.96164108125 0.9716557015625 0.9492196640625 0.96802905625
0 0.9591922515625001 1 0.9610654234375 0.9897203953125 0.9559576015625 0.9876096484374999 0.9538157890625 1 0.9591922515625001 1
0 0.9679331140625 1 0.9708168859375 0.9889583328124999 0.9663322375 0.9862582234374999 0.9630171781250001 0.999758771875 0.9635873531250001 1 0.9679331140625 1
0 0.993251096875 1 0.9942160093749999 0.9949287281249999 0.9889437140625 0.9923218203124999 0.9874543125 1 0.993251096875 1
1 0.6591136703125 0.8861184203124999 0.6599963453125001 0.8765625 0.6458150578125 0.8734100874999999 0.644846490625 0.8830043859375 0.6591136703125 0.8861184203124999
0 0.6586988296875 0.791885965625 0.6632309937499999 0.7938870609374999 0.666017909375 0.7798766453125 0.6615716375 0.7777850875000001 0.6586988296875 0.791885965625
0 0.8380116953125001 0.20874451718749998 0.8414290937500001 0.2046875 0.83662280625 0.19457785156250001 0.8330866234375 0.1982730265625 0.8380116953125001 0.20874451718749998
1 0.12112573125 0.329632675 0.1199141078125 0.3338157890625 0.12487024843750001 0.33648026249999996 0.1259886703125 0.3320394734375 0.12112573125 0.329632675
1 0.26330409375 0.1881578953125 0.2641081875 0.17955043906249998 0.2520065796875 0.1780208328125 0.251242690625 0.18665021875 0.26330409375 0.1881578953125
1 0.658132309375 0.5627467109375 0.65855263125 0.5609649125 0.655135234375 0.5593475875 0.654676534375 0.560995065625 0.658132309375 0.5627467109375