0 0.14069261718749998 0.6885690796875 0.1430738296875 0.6946546046875001 0.15008771875 0.6869572374999999 0.147313596875 0.6809895828125 0.14069261718749998 0.6885690796875
0 0.149652778125 0.6774945171875 0.14669225156250001 0.6721217109375 0.1361842109375 0.684758771875 0.1391812859375 0.690158990625 0.149652778125 0.6774945171875
1 0.1787828953125 0.4966008765625 0.180025584375 0.498903509375 0.18419225156250002 0.49369517500000004 0.1829495609375 0.49147478125 0.1787828953125 0.4966008765625
1 0.17099780625 0.5087171046875001 0.1721125734375 0.5109100875 0.176882309375 0.5055921046875 0.17569444375 0.5033717109375 0.17099780625 0.5087171046875001
1 0.17203947343749998 0.4922971484375 0.1732638890625 0.49523026249999996 0.17828947343749998 0.49018640312499995 0.17691885937500001 0.4873903515625 0.17203947343749998 0.4922971484375
1 0.1233918125 0.564391446875 0.124597953125 0.56650219375 0.12896564375 0.5611842109375 0.127796053125 0.5589638156250001 0.1233918125 0.564391446875
0 0.036312134375 0.6398848687500001 0.0317616953125 0.641063596875 0.0327119890625 0.6540844296875 0.0373903515625 0.6528508765625001 0.036312134375 0.6398848687500001
0 0.75553728125 0.6849506578125 0.7596673984375 0.6813322375 0.7541118421874999 0.666885965625 0.7499269 0.670668859375 0.75553728125 0.6849506578125
0 0.76637426875 0.6759594296875 0.7704312859375 0.671929825 0.7640533625 0.6576206140624999 0.7600146203125 0.661376096875 0.76637426875 0.6759594296875
0 0.3104349421875 0.3900767546875 0.307437865625 0.3844846484375 0.2993603796875 0.39454495624999997 0.30230263125 0.40030153437499993 0.3104349421875 0.3900767546875
0 0.13837719375 0.72584978125 0.13519736875 0.719983553125 0.12556652031249999 0.7308388156250001 0.12861842031249998 0.737143640625 0.13837719375 0.72584978125
0 0.1053179828125 0.7251096484375 0.1087902046875 0.7310581140625 0.11686769062499999 0.7200657890625 0.1130847953125 0.7140625 0.1053179828125 0.7251096484375
0 0.0947916671875 0.7162828953125 0.09820906406249999 0.7217105265625 0.1055921046875 0.709841009375 0.1021016078125 0.7048793859375 0.0947916671875 0.7162828953125
1 0.10851608125000001 0.7051809203125 0.1127558484375 0.714418859375 0.12945906406250002 0.6923519734375 0.12516447343749998 0.68355263125 0.10851608125000001 0.7051809203125
0 0.099652778125 0.6947368421875 0.1025950296875 0.7000548249999999 0.1099963453125 0.6903782890625 0.10710891874999999 0.68511513125 0.099652778125 0.6947368421875
1 0.1354166671875 0.6716557015625 0.1310124265625 0.662938596875 0.11324926875 0.6860197375 0.1171966375 0.6945723687500001 0.1354166671875 0.6716557015625
1 0.13130482500000001 0.6610471484375 0.1259320171875 0.6530701750000001 0.10986842031249999 0.6783442984375 0.1150767546875 0.6860197375 0.13130482500000001 0.6610471484375
0 0.094992690625 0.682483553125 0.098117690625 0.6877741234375 0.1040570171875 0.6790021937499999 0.10076754375000001 0.6739583328125 0.094992690625 0.682483553125
1 0.11019736875 0.66334978125 0.106341375 0.655153509375 0.0881396203125 0.676233553125 0.0920869890625 0.6845668859375 0.11019736875 0.66334978125
0 0.10857090625000002 0.6578125 0.11145833281249999 0.662938596875 0.11832967812499999 0.6537280703125 0.115533625 0.6489309203125 0.10857090625000002 0.6578125
0 0.116721490625 0.6474232453125001 0.11924342031249999 0.6541392546875 0.1287280703125 0.645010965625 0.126133040625 0.638596490625 0.116721490625 0.6474232453125001
0 0.12847222187500001 0.645614034375 0.13196271875 0.6514802625 0.1401315796875 0.6391721484375 0.1365862578125 0.6338815796875 0.12847222187500001 0.645614034375
0 0.12116228124999999 0.6349232453125 0.1239766078125 0.6411184203125 0.1329312859375 0.6302631578125 0.130007309375 0.6245065796875 0.12116228124999999 0.6349232453125
0 0.6072551171875 0.048026315624999996 0.6102704671875 0.053865131249999997 0.6202850875 0.04303728125 0.6172514625 0.037554825 0.6072551171875 0.048026315624999996
1 0.6505665203125 0 0.6491228062500001 0.0026041671875 0.6510051171875 0.0046052625 0.653600146875 0 0.6505665203125 0
1 0.6248720765625 0.0234375 0.626169590625 0.025466009374999998 0.6294773390625 0.020778509375 0.6281981 0.018695175 0.6248720765625 0.0234375
1 0.6244152046875 0.031441885937500004 0.625456871875 0.0345120609375 0.6296418125 0.03125 0.6286366953125 0.0282072375 0.6244152046875 0.031441885937500004
1 0.614491959375 0.0314144734375 0.6158442984375 0.0341008765625 0.61957236875 0.029851973437500002 0.618347953125 0.0271381578125 0.614491959375 0.0314144734375
1 0.5791666671875 0.070010965625 0.5808479531249999 0.07228618437499999 0.5844846484375 0.0662554828125 0.5827668125 0.0640625 0.5791666671875 0.070010965625
1 0.5754934203125 0.0764254390625 0.5771564328125 0.0787280703125 0.5803362578125 0.0736293859375 0.5787828953124999 0.07132675468750001 0.5754934203125 0.0764254390625
1 0.5294590640625 0.128591009375 0.5310307015625 0.13086622812499998 0.5346308484375 0.1252192984375 0.533132309375 0.1228892546875 0.5294590640625 0.128591009375
1 0.5111111109375 0.15383771875000002 0.5125182749999999 0.155921053125 0.515716375 0.1509594296875 0.5143457609375 0.1490131578125 0.5111111109375 0.15383771875000002
1 0.48318713437499994 0.18514254375 0.4846673984375 0.187856359375 0.4888888890625 0.18289473750000002 0.4874269 0.180098684375 0.48318713437499994 0.18514254375
1 0.41748903437499996 0.2685032890625 0.41695906406249994 0.2654879390625 0.4118603796875 0.26757127187499996 0.4123720765625 0.270614034375 0.41748903437499996 0.2685032890625
0 0.26644736875 0.27683662343750004 0.26946271875 0.2822094296875 0.2765350875 0.2739857453125 0.2733918125 0.2684758765625 0.26644736875 0.27683662343750004
0 0.34961622812500004 0.437088815625 0.3532894734375 0.43352521875 0.3481542390625 0.42036732499999996 0.3443713453125 0.4240405703125 0.34961622812500004 0.437088815625
0 0.7796235375 0.1140625 0.7832967843749999 0.11907894687500001 0.7895833328124999 0.1087719296875 0.7861659359375001 0.10408442968750001 0.7796235375 0.1140625
0 0.8492507312500001 0.6236842109375 0.844133771875 0.6240679828125 0.8448099421874999 0.6412554828125 0.8502375734375001 0.6408442984375 0.8492507312500001 0.6236842109375
0 0.10084064374999999 0.58988486875 0.09775219375000001 0.5841557015625 0.09102704687499999 0.5922149125 0.0939692984375 0.5982456140625 0.10084064374999999 0.58988486875
0 0.014912281250000001 0.6935581140625 0.017635234375 0.6998355265625 0.025073099999999997 0.6910361843749999 0.022277046875 0.68508771875 0.014912281250000001 0.6935581140625
0 0.183223684375 0.399533990625 0.17986111093749999 0.40446820156249996 0.186403509375 0.415268640625 0.18991228124999998 0.4104440796875 0.183223684375 0.399533990625
0 0.10381944375 0.4298793859375 0.1014985375 0.42365679843750004 0.09139254375 0.432428728125 0.093768275 0.438706140625 0.10381944375 0.4298793859375
0 0.10031067187500001 0.41592653437499993 0.09610745625 0.4109375 0.088669590625 0.4232182015625 0.0923793859375 0.42861842031249997 0.10031067187500001 0.41592653437499993
0 0.0959612578125 0.41175986875000004 0.0919407890625 0.40693530625 0.084283625 0.41954495625000005 0.08835891875 0.4250822375 0.0959612578125 0.41175986875000004
0 0.08044590625 0.3934758765625 0.0759868421875 0.394846490625 0.0767361109375 0.4096217109375 0.0811403515625 0.40868969374999997 0.08044590625 0.3934758765625
0 0.1548062859375 0.2513706140625 0.1516081875 0.255126096875 0.157474415625 0.2662280703125 0.160635965625 0.2622532890625 0.1548062859375 0.2513706140625
0 0.16359649062499998 0.2661184203125 0.1681469296875 0.2622807015625 0.162189328125 0.2462993421875 0.1577850875 0.2500274125 0.16359649062499998 0.2661184203125
0 0.1923611109375 0.2899671046875 0.189437134375 0.2861019734375 0.1833150578125 0.29542214843750003 0.186366959375 0.299561403125 0.1923611109375 0.2899671046875
0 0.21604532187499997 0.24668311406250001 0.21918859687499997 0.25142543906250003 0.22730263125 0.239364034375 0.22410453281249998 0.2349232453125 0.21604532187499997 0.24668311406250001
0 0.234831871875 0.21803728125 0.238651315625 0.223382675 0.24691155 0.2094490125 0.24303728125 0.20471491249999998 0.234831871875 0.21803728125
0 0.3766630109375 0.2697094296875 0.379239765625 0.2764802625 0.3891264625 0.2678179828125 0.3865131578125 0.261266446875 0.3766630109375 0.2697094296875
0 0.4762792390625 0.187938596875 0.4735928359375 0.18204495625 0.465241228125 0.1893092109375 0.46794590625000004 0.195614034375 0.4762792390625 0.187938596875
0 0.48912646249999997 0.17445175468750002 0.4861476609375 0.16825657968750002 0.4750731 0.179276315625 0.4779970765625 0.185608553125 0.48912646249999997 0.17445175468750002
0 0.48697002968750003 0.1674342109375 0.4900950296875 0.17423245625 0.500310671875 0.1640899125 0.497258771875 0.15764802656250002 0.48697002968750003 0.1674342109375
0 0.309064328125 0.047286184375 0.3122258765625 0.053618420312500005 0.321472953125 0.044133771875 0.318293128125 0.0380482453125 0.309064328125 0.047286184375
0 0.10484283593749999 0.8876918859374999 0.109722221875 0.890268640625 0.112956871875 0.8726425437499999 0.10785818750000001 0.8702576750000001 0.10484283593749999 0.8876918859374999
0 0.198062865625 0.9036732453124999 0.20239400624999998 0.9015350874999999 0.1990679828125 0.8859649125000001 0.1947368421875 0.8880482453124999 0.198062865625 0.9036732453124999
0 0.2509685671875 0.874616228125 0.2525219296875 0.8810032890624999 0.2615314328125 0.8755482453125 0.2599780703125 0.8694901312500001 0.2509685671875 0.874616228125
0 0.3555738296875 0.790186403125 0.36023391875 0.792489034375 0.364400584375 0.776178728125 0.3599415203125 0.7737116234375 0.3555738296875 0.790186403125
0 0.7207967843749999 0.9203947375 0.7190241234375 0.927686403125 0.7306103796875 0.9333059203125 0.73205409375 0.9258771937500001 0.7207967843749999 0.9203947375
0 0.7095577484375 0.7380756578125001 0.7077119890625 0.7313322375 0.696893275 0.7380208328125 0.6985562859375001 0.744928728125 0.7095577484375 0.7380756578125001
0 0.744170321875 0.8845668859375 0.74917763125 0.8880756578125 0.7546600875 0.8719572375 0.7496710531249999 0.868393640625 0.744170321875 0.8845668859375
1 0.771546053125 0.9287554828125 0.7774488296875 0.9312774125000001 0.7845211984375 0.9044682015625 0.7785270468750001 0.9016173249999999 0.771546053125 0.9287554828125
0 0.7500731 0.6896929828125 0.7542397656250001 0.6864309203125 0.750310671875 0.6731633765625 0.74614400625 0.6756304828124999 0.7500731 0.6896929828125
0 0.7821637421875 0.6805921046875001 0.7856542390625 0.6768092109375 0.78053728125 0.6657346484375 0.776955409375 0.6689967109375 0.7821637421875 0.6805921046875001
0 0.9154605265625 0.7747258765625 0.91335891875 0.7813870609375 0.9233369890625 0.7891995609375 0.9252558484375 0.7829221484375 0.9154605265625 0.7747258765625
0 0.669992690625 0.5013980265625 0.6748538015625 0.5000822375 0.6728435671875 0.48283991249999997 0.66805555625 0.48363486875 0.669992690625 0.5013980265625
1 0.6497624265625 0.54928728125 0.6545504390625 0.54772478125 0.651078215625 0.5253015343749999 0.6462353796875 0.5267817984375001 0.6497624265625 0.54928728125
0 0.940716375 0.27664473749999996 0.9417214906250001 0.26716008750000003 0.9264254390625 0.259046053125 0.9250731 0.2689692984375 0.940716375 0.27664473749999996
0 0.8549707609375 0.046299342187499995 0.8524853796875 0.04133771875 0.8442068718750001 0.0500822375 0.8466922515625 0.055235745312499994 0.8549707609375 0.046299342187499995
0 0.7896381578125 0.07568530625 0.7865679828125 0.0712719296875 0.7795321640624999 0.08163377187500001 0.7827850875 0.0864309203125 0.7896381578125 0.07568530625
0 0.8372441515625001 0.129385965625 0.8398574562500001 0.1232182015625 0.8314692984375001 0.114391446875 0.8286915203125 0.12050438593749999 0.8372441515625001 0.129385965625
0 0.73364400625 0.20910087656249998 0.73055555625 0.2044956140625 0.723117690625 0.21529605312500003 0.7264437140625 0.22006578906250002 0.73364400625 0.20910087656249998
0 0.70855263125 0.0453399125 0.7047697375 0.05024671093750001 0.7126827484375 0.0625 0.71642909375 0.057017543749999997 0.70855263125 0.0453399125
0 0.545705409375 0.6970120609375 0.541703215625 0.6969024125 0.5416849421875 0.7099232453125001 0.5455774859375 0.7100328953124999 0.545705409375 0.6970120609375
0 0.47693713437499996 0.6586074562500001 0.476882309375 0.6516447375000001 0.46202485312499997 0.6517817984375001 0.46202485312499997 0.6588267546875 0.47693713437499996 0.6586074562500001
0 0.4530519 0.6250274124999999 0.45171783593750003 0.6319078953124999 0.4622989765625 0.6361293859375 0.4634137421875 0.6291392546875 0.4530519 0.6250274124999999
0 0.41319444375 0.6947916671875001 0.41290204687500004 0.687088815625 0.401078215625 0.687966009375 0.40122441562500005 0.6956962718749999 0.41319444375 0.6947916671875001
0 0.3984283625 0.6976699562500001 0.398099415625 0.6903782890625 0.387408625 0.6913925437499999 0.3876279234375 0.698766446875 0.3984283625 0.6976699562500001
0 0.388687865625 0.7036458328124999 0.3837902046875 0.7015350875 0.3807017546875 0.7185032890625 0.3856542390625 0.7203125 0.388687865625 0.7036458328124999
0 0.2861659359375 0.7141721484375 0.28108552656249997 0.7147203953125 0.2814510234375 0.732867325 0.28673245625 0.732428728125 0.2861659359375 0.7141721484375
0 0.3700292390625 0.57113486875 0.366721490625 0.5662554828124999 0.3587171046875 0.5776041671875001 0.3622441515625 0.5827850875 0.3700292390625 0.57113486875
0 0.3338157890625 0.5538541671874999 0.33110380156249997 0.548848684375 0.3234100875 0.5583607453125 0.3260416671875 0.56321271875 0.3338157890625 0.5538541671874999
0 0.40729166718750004 0.43182565781250004 0.4038011703125 0.42604166718750003 0.3947185671875 0.43815789531249993 0.3984649125 0.4440241234375 0.40729166718750004 0.43182565781250004
0 0.3974232453125 0.4458333328125 0.3942434203125 0.4405153515625 0.3849415203125 0.45257675468749997 0.3880482453125 0.458168859375 0.3974232453125 0.4458333328125
0 0.383114034375 0.46990131562500004 0.386366959375 0.4641447375 0.37733918125 0.4529605265625 0.37423245625 0.4583333328125 0.383114034375 0.46990131562500004
0 0.3743603796875 0.47371162343749995 0.378216375 0.468283990625 0.369828215625 0.45496162343749996 0.366100146875 0.4599780703125 0.3743603796875 0.47371162343749995
1 0.368841375 0.488706140625 0.37341008750000004 0.48311403437499995 0.3626644734375 0.46288377187499996 0.358260234375 0.4681469296875 0.368841375 0.488706140625
0 0.3638157890625 0.4948190796875 0.367635234375 0.49037828906250003 0.36178728125 0.47894736875 0.3580774859375 0.4830592109375 0.3638157890625 0.4948190796875
0 0.34086257343750004 0.5044682015624999 0.344206871875 0.51025219375 0.35263157968750003 0.49920504374999997 0.34921418125 0.4936677625 0.34086257343750004 0.5044682015624999
0 0.3290935671875 0.484731359375 0.3326571640625 0.49040570156249996 0.33972953281249996 0.47998903437499996 0.336312134375 0.474643640625 0.3290935671875 0.484731359375
0 0.33227339218749996 0.49092653437499995 0.335635965625 0.49758771875 0.34576023437500003 0.48503289531249993 0.342580409375 0.47891995625000006 0.33227339218749996 0.49092653437499995
0 0.34232456093749997 0.47834429843750004 0.345687134375 0.48366228125 0.35391081875 0.4713541671875 0.350402046875 0.4662280703125 0.34232456093749997 0.47834429843750004
0 0.3497258765625 0.4650219296875 0.3462536546875 0.45989583281249996 0.33797514687499997 0.4717653515625 0.34150219375 0.4775493421875 0.3497258765625 0.4650219296875
0 0.34272660781250003 0.4537554828125 0.34610745625 0.4577028515625 0.351991959375 0.44616228125 0.3486842109375 0.4424342109375 0.34272660781250003 0.4537554828125
0 0.358187134375 0.414007675 0.35476973749999996 0.4185581140625 0.3610745609375 0.4294956140625 0.364510234375 0.424698465625 0.358187134375 0.414007675
1 0.41067251406249994 0.43914473750000005 0.4064692984375 0.433168859375 0.3943347953125 0.4516447375 0.3984466375 0.45775767500000003 0.41067251406249994 0.43914473750000005
0 0.33327850937500003 0.35696271875 0.3358187140625 0.36293859687499996 0.3436403515625 0.3552631578125 0.34093567187499996 0.34931469375 0.33327850937500003 0.35696271875
0 0.1645650578125 0.788623903125 0.161348684375 0.793421053125 0.1672514625 0.802796053125 0.170614034375 0.7977796046875001 0.1645650578125 0.788623903125
1 0.11575292343750002 0.8173519734375001 0.109027778125 0.8275493421875 0.11990131562499999 0.843283990625 0.1265350875 0.8329221484374999 0.11575292343750002 0.8173519734375001
1 0.08088450312499999 0.8174067984375 0.0739766078125 0.8268914468749999 0.0838815796875 0.8443804828125 0.0908442984375 0.8347039468749999 0.08088450312499999 0.8174067984375
1 0.07008406406249999 0.8000548249999999 0.0631396203125 0.8102796046874999 0.0743603796875 0.8272478062499999 0.08134137500000001 0.8170230265624999 0.07008406406249999 0.8000548249999999
1 0.064418859375 0.8013706140625001 0.0559576015625 0.8091008765625001 0.063614765625 0.82883771875 0.07183845 0.8217379390625 0.064418859375 0.8013706140625001
1 0.05941155 0.810526315625 0.051900584375 0.819928728125 0.06246345 0.8380482453125 0.0697002921875 0.8287280703125001 0.05941155 0.810526315625
1 0.049652778125000005 0.7766447375000001 0.0416118421875 0.7850054828124999 0.0509320171875 0.8044682015625 0.059173976562499994 0.795668859375 0.049652778125000005 0.7766447375000001
1 0.048501462499999995 0.7304550437499999 0.051955409375 0.7400493421875 0.06617324531249999 0.7272478062500001 0.062207601562500006 0.7174616234375 0.048501462499999995 0.7304550437499999
1 0.074689328125 0.858251096875 0.0826937140625 0.8491776312500001 0.073062865625 0.8292214906250001 0.065168128125 0.8378837718750001 0.074689328125 0.858251096875
1 0.027686403124999998 0.765213815625 0.0223866953125 0.7727796046875001 0.03196271875 0.78834978125 0.0372441515625 0.780893640625 0.027686403124999998 0.765213815625
0 0.028600146875 0.2932565796875 0.03053728125 0.287938596875 0.023135965624999998 0.28218201718749997 0.0212902046875 0.28752741249999997 0.028600146875 0.2932565796875
0 0.1336988296875 0.1020833328125 0.130793128125 0.1072642546875 0.1384502921875 0.11609100937500001 0.14137426875 0.11077302656250002 0.1336988296875 0.1020833328125