1 0.549409721875 0.3651946265625 0.5477741234375 0.355101425 0.5168512421875 0.36621984687500003 0.518260234375 0.3762445171875 0.549409721875 0.3651946265625
0 0.9151096484375 0.2936842109375 0.9131396203125 0.3010416671875 0.9243329671874999 0.3080071265625 0.9264601609374999 0.30080592031250003 0.9151096484375 0.2936842109375
0 0.9821838453125 0.9115624999999999 0.9869133765625 0.9130619515625 0.98927814375 0.8969654609375001 0.9845029234375 0.8956003296875 0.9821838453125 0.9115624999999999
0 0.98443530625 0.89347861875 0.9888888890624999 0.8951754390625 0.9913011703124999 0.8783991234374999 0.9867543859374999 0.8767680921875 0.98443530625 0.89347861875
0 0.5736842109375 0.89446271875 0.57262426875 0.8855263156250001 0.559051534375 0.88855263125 0.55988486875 0.8980455046875001 0.5736842109375 0.89446271875
0 0.19928362500000002 0.7377631578125 0.203894371875 0.7332182015625001 0.19773391875 0.7171052625 0.19293859687499998 0.7212746703125 0.19928362500000002 0.7377631578125
0 0.9676535093749999 0.003125 0.96365314375 0.002823465625 0.9627613296875 0.017313596875 0.9668128656249999 0.0177631578125 0.9676535093749999 0.003125
0 0.9881578953125001 0.0391721484375 0.9896016078125 0.032510965625 0.9803636703124999 0.027299890625 0.9787646203125 0.034265351562500004 0.9881578953125001 0.0391721484375
0 0.9860307015625001 0.1213596484375 0.9895650578125 0.12472861875 0.9945942984375 0.11261513125 0.9912171046875 0.1091694078125 0.9860307015625001 0.1213596484375
0 0.9303545328125 0.2013706140625 0.9262609656249999 0.20021929843750003 0.9240862578125 0.21600877187499998 0.9283442984375 0.21724232500000001 0.9303545328125 0.2013706140625
0 0.9679641812499999 0.28056469375000004 0.9693896203125 0.2739309203125 0.9611111109375001 0.2700932015625 0.9596527781249999 0.2765871703125 0.9679641812499999 0.28056469375000004
0 1 0.434133771875 0.994225146875 0.43226425468749996 0.9934009500000001 0.43928453906250003 1 0.44097861875 1 0.434133771875
0 0.978053728125 0.5484155703125 0.9837152781249999 0.54915021875 0.9845760234375 0.530043859375 0.9790204671874999 0.5291940796875 0.978053728125 0.5484155703125
0 0.9839674703125001 0.5477823468749999 0.9896290203125 0.5485169953125 0.990489765625 0.5294106359375 0.9849342109375 0.5285608546875 0.9839674703125001 0.5477823468749999
0 0.912203946875 0.26441611875 0.9155482453125 0.2679934203125 0.9205939328125 0.2564281796875 0.917189328125 0.2531770828125 0.912203946875 0.26441611875
0 0.9005336249999999 0 0.8990314328125001 0.00235745625 0.90234831875 0.006940789062499999 0.9068896203125 0 0.9005336249999999 0
0 0.9335709062499999 0.7172149125 0.934064328125 0.7101973687500001 0.9248720765625 0.7087171046875 0.9243238296875 0.7158168859375 0.9335709062499999 0.7172149125
0 0.9682200296874999 0.837911184375 0.966849415625 0.8442242328124999 0.9768092109375001 0.8487390343750001 0.9780573828125 0.8425082234374999 0.9682200296874999 0.837911184375
0 0.951427265625 0.8664939687500001 0.9500566515625 0.872809759375 0.960016446875 0.8773218203125 0.9612627921874999 0.871091009375 0.951427265625 0.8664939687500001
0 0.9305062140624999 0.8699095390625 0.9291301171875 0.8774945171875 0.9388888890624999 0.8814692984375 0.9403435671875 0.8745065796875 0.9305062140624999 0.8699095390625
1 0.9214729531250001 0.9094572375000001 0.91641081875 0.9087993421875 0.9146747078124999 0.93045504375 0.919883040625 0.9306469296875 0.9214729531250001 0.9094572375000001
0 0.9336878656250001 0.7304824562500001 0.934356725 0.7240679828125 0.924989034375 0.7219846484375 0.9244883046875 0.7286184203125 0.9336878656250001 0.7304824562500001
0 0.8455975875 0.8562390343749999 0.8461403515624999 0.8500082234375 0.83664108125 0.8481085531250001 0.836078215625 0.8544188593750001 0.8455975875 0.8562390343749999
0 0.824634503125 0.8564418859374999 0.8239766078124999 0.849698465625 0.8131761703124999 0.8526589906250001 0.8139071640625 0.859676534375 0.824634503125 0.8564418859374999
0 0.810526315625 0.8588815796875 0.8102704671875 0.85230263125 0.79764254375 0.8539473687499999 0.798044590625 0.860581140625 0.810526315625 0.8588815796875
0 0.77892909375 0.8969024125 0.7831140343749999 0.8968338812500001 0.7834320171875 0.8823053734374999 0.7790752921874999 0.8822368421875 0.77892909375 0.8969024125
0 0.7793859656250001 0.881036184375 0.78368055625 0.8808442984375 0.784027778125 0.8668722593749999 0.779795321875 0.866776315625 0.7793859656250001 0.881036184375
0 0.7525950296875 0.89920504375 0.7575840640625 0.8990131578125 0.757492690625 0.8810581140625 0.7525584796875 0.8811677625 0.7525950296875 0.89920504375
0 0.752242325 0.8801425437500001 0.757231359375 0.8799506578124999 0.7571399859375 0.8619956140625 0.752205775 0.8621052625000001 0.752242325 0.8801425437500001
0 0.7237207609375 0.921573465625 0.7287280703125 0.9202850874999999 0.7275292390625 0.9041091015625 0.7224597953125 0.9052083328125 0.7237207609375 0.921573465625
1 0.7226699562500001 0.9036979171875 0.72889254375 0.9027960531250001 0.727525584375 0.8808607453124999 0.7214144734375 0.8819270828124999 0.7226699562500001 0.9036979171875
0 0.7218457609375 0.88113486875 0.7265533625 0.8800164468749999 0.7248976609375 0.8631743421875001 0.7201388890625 0.8643640343750001 0.7218457609375 0.88113486875
0 0.7009320171875 0.8692160093749999 0.7006030703125 0.8627192984375001 0.6897660812499999 0.8639254390625 0.6900584796875 0.8704769734375001 0.7009320171875 0.8692160093749999
0 0.6739583328125 0.8697094296874999 0.674652778125 0.8777412281249999 0.68766081875 0.8746491234375 0.6868274859375 0.8670833328124999 0.6739583328125 0.8697094296874999
0 0.674524853125 0.8774451750000001 0.6737353796875001 0.87037280625 0.6617397656249999 0.8739583328125 0.6626827484375 0.8813596484374999 0.674524853125 0.8774451750000001
0 0.48480263125 1 0.4822076015625 0.9841036187500001 0.4769024125 0.9860361843750001 0.47927448906250003 1 0.48480263125 1
0 0.526955409375 0.930016446875 0.52578581875 0.9233278515625001 0.5160087718749999 0.92735745625 0.5171783624999999 0.9341831140625001 0.526955409375 0.930016446875
0 0.8100511703125 0.8398300437499999 0.8102704671875 0.8328399125000001 0.8016630109375 0.8321546046874999 0.8013706140625001 0.8390625 0.8100511703125 0.8398300437499999
0 0.794974415625 0.8435032890624999 0.794883040625 0.836293859375 0.7855482453125 0.8371546046875 0.7856524125 0.8442187499999999 0.794974415625 0.8435032890624999
0 0.7614583328125 0.8432017546875 0.761831140625 0.8505126093750001 0.7729166671875001 0.8492050437499999 0.7725511703125 0.8416666671874999 0.7614583328125 0.8432017546875
0 0.7563395468749999 0.7698656796875001 0.75087719375 0.7698739031249999 0.75027595 0.7895339906250001 0.755732821875 0.7896463812500001 0.7563395468749999 0.7698656796875001
0 0.820010965625 0.6884046046875001 0.8181743421875 0.695186403125 0.8267525578124999 0.7 0.828848684375 0.6937143640625 0.820010965625 0.6884046046875001
0 0.8195705406249999 0.6791008765625001 0.8193421046875 0.6854440796875 0.8287097953125 0.685852521875 0.8289820906250001 0.6794407890625 0.8195705406249999 0.6791008765625001
0 0.8204696640625 0.6691968203124999 0.8197185671874999 0.6751096484375 0.829018640625 0.6770394734375 0.8296564328124999 0.6709703953124999 0.8204696640625 0.6691968203124999
0 0.718347953125 0.5980263156250001 0.7182565796875 0.5913925437499999 0.708251096875 0.5912006578125 0.708150584375 0.598108553125 0.718347953125 0.5980263156250001
0 0.5935672515625 0.8792763156250001 0.59375 0.8864583328125001 0.6036494890624999 0.8852768640625 0.6033863296875001 0.8782510968749999 0.5935672515625 0.8792763156250001
0 0.58834064375 0.888623903125 0.587518275 0.8815789468749999 0.57735745625 0.8842927625 0.578143275 0.89147478125 0.58834064375 0.888623903125
1 0.5998099421875 0.8530043859375 0.5991959062500001 0.8454057015625001 0.5873355265625 0.8475328953125001 0.5880116953125001 0.8551425437500001 0.5998099421875 0.8530043859375
0 0.5669170328125 0.7714583328125 0.5674177625 0.7794380484375 0.5793329671875 0.7784155703125 0.5789692984375 0.77063870625 0.5669170328125 0.7714583328125
0 0.56364400625 0.777823465625 0.5588267546875 0.7782346484375 0.5596655703125 0.7923190796874999 0.5642543859375 0.7916392546875 0.56364400625 0.777823465625
0 0.5602668125 0.7573492328125 0.5559466375000001 0.7579742328125 0.556670321875 0.7723684203125 0.5609502921875 0.77178728125 0.5602668125 0.7573492328125
0 0.5669590640625 0.8578399125 0.56792763125 0.8642543859374999 0.5771016078125 0.8611567984375 0.5761147656250001 0.8546875 0.5669590640625 0.8578399125
0 0.55210891875 0.8143969296875 0.54762426875 0.8160910093749999 0.5498026312500001 0.8306441890625 0.554382309375 0.8288432015625 0.55210891875 0.8143969296875
0 0.5562298984375 0.8354331140625 0.551588084375 0.83704495625 0.5541118421875 0.8553728062499999 0.55878655 0.8535745609375001 0.5562298984375 0.8354331140625
1 0.546187865625 0.884602521875 0.5456871343749999 0.8789199562500001 0.5393037281249999 0.880479715625 0.5398720765625 0.8861184203124999 0.546187865625 0.884602521875
1 0.5222532890625 0.9018859656249999 0.5220559203125 0.9001096484375 0.51792763125 0.901123903125 0.51808845 0.9028070171874999 0.5222532890625 0.9018859656249999
0 0.53516081875 0.898492325 0.5369883046874999 0.9059758765625 0.5488450296875 0.8998793859375 0.5470760234375 0.8927357453125 0.53516081875 0.898492325
0 0.525054825 0.8790570171875001 0.5291666671875 0.87741228125 0.5265533625 0.8624725874999999 0.522331871875 0.864418859375 0.525054825 0.8790570171875001
0 0.505135234375 0.8859649125000001 0.50621345 0.8929385968749999 0.5173793859375 0.8893092109375 0.51639254375 0.8822094296874999 0.505135234375 0.8859649125000001
0 0.497989765625 0.8795778515625001 0.49375 0.8812225874999999 0.49600146250000005 0.8944078953125001 0.500365496875 0.8927631578125 0.497989765625 0.8795778515625001
0 0.49334795312499996 0.8842927625 0.4891721484375 0.8856907890624999 0.49128289531249997 0.8993146937500001 0.4954861109375 0.8979166671875 0.49334795312499996 0.8842927625
0 0.4885106 0.8851864031250001 0.48340643281249995 0.8859375 0.48477339218750004 0.9035416671875 0.48982090625 0.9028782890624999 0.4885106 0.8851864031250001
0 0.4809576015625 0.8847916671875 0.47587902031249996 0.8866858546874999 0.47903691562499995 0.9045641453125001 0.48395467812500004 0.9025219296874999 0.4809576015625 0.8847916671875
0 0.4752997078125 0.8876343203125 0.47088815781250004 0.8889802625 0.4731158625 0.90650219375 0.47743238281249994 0.9049232453125 0.4752997078125 0.8876343203125
0 0.46368786562500003 0.912061403125 0.462408625 0.9052631578125 0.4500054828125 0.9107456140625001 0.45129934218749995 0.917258771875 0.46368786562500003 0.912061403125
0 0.46282894687500004 0.90391995625 0.461403509375 0.8956962718750001 0.44816520468750004 0.9012609656249999 0.4496564328125 0.9093859656250001 0.46282894687500004 0.90391995625
0 0.6338084796875 0.644051534375 0.634283625 0.651178728125 0.6459795328125 0.649616228125 0.6455957609375 0.6424616234375 0.6338084796875 0.644051534375
1 0.6732273390625 0.5455043859375001 0.668384503125 0.5481907890625 0.6732821640625 0.566885965625 0.6778965640625 0.5641557015625 0.6732273390625 0.5455043859375001
0 0.5533442984375 0.4934758765625 0.5487207609375 0.4938870609375 0.5496454671875 0.5108552625 0.5541849421875 0.5103892546875 0.5533442984375 0.4934758765625
0 0.52544590625 0.7717982453125 0.5266282890625 0.7786869515625 0.53672331875 0.7745257671875 0.5354897656250001 0.7677631578125 0.52544590625 0.7717982453125
0 0.3989985375 0.647571271875 0.39505117031250003 0.6493695171875 0.3977668125 0.6621600875 0.4015899125 0.66011513125 0.3989985375 0.647571271875
0 0.523757309375 0.671929825 0.5189510234375 0.673903509375 0.5227887421874999 0.6923793859375 0.5275767546875 0.6899671046875 0.523757309375 0.671929825
0 0.4915935671875 0.662033990625 0.49336622812500003 0.6685855265625 0.5038011703125 0.6622532890625 0.5021198828125 0.6556195171875 0.4915935671875 0.662033990625
0 0.32576754375 0.5719572375 0.330489765625 0.5703399124999999 0.32834064375 0.556491228125 0.3238888890625 0.557741228125 0.32576754375 0.5719572375
0 0.3172149125 0.5759320171875 0.32183845 0.57415021875 0.31928728125 0.5584429828124999 0.31483918125 0.55990405625 0.3172149125 0.5759320171875
0 0.351617325 0.5940158984374999 0.3540168125 0.58899396875 0.3464053359375 0.581036184375 0.343784721875 0.586151315625 0.351617325 0.5940158984374999
0 0.3857456140625 0.7400493421875 0.38095760156249997 0.7385416671875 0.378375365625 0.7589144734375 0.3831761703125 0.7602905703125 0.3857456140625 0.7400493421875
0 0.40105994218749996 0.9149396937500001 0.3989400578125 0.9072094296875 0.38662097968750003 0.9143009875000001 0.38868603749999997 0.9221683109375001 0.40105994218749996 0.9149396937500001
0 0.36019736875 0.9146381578125 0.3583150578125 0.92102521875 0.3673245609375 0.927001096875 0.3692434203125 0.920723684375 0.36019736875 0.9146381578125
0 0.3592653515625 0.8952576750000001 0.3542196640625 0.8978179828125 0.3585763890625 0.9162445171875 0.36334064375 0.9141995609375 0.3592653515625 0.8952576750000001
0 0.3273720765625 0.74613486875 0.331670321875 0.7439967109375 0.328070175 0.727796053125 0.323739034375 0.7301096484375 0.3273720765625 0.74613486875
0 0.2144243421875 0.5250274125 0.21215095 0.5191666671874999 0.20226608124999998 0.5275219296875 0.204510234375 0.53368969375 0.2144243421875 0.5250274125
0 0.20425073125 0.619717653125 0.2080774859375 0.615926534375 0.20093384531249997 0.5998711625 0.19733369843749998 0.603895284375 0.20425073125 0.619717653125
0 0.2303801171875 0.6158004390625 0.22799707656249998 0.609320175 0.21691520468749997 0.61849780625 0.2193896203125 0.6252467109375 0.2303801171875 0.6158004390625
0 0.2439144734375 0.605071271875 0.241867690625 0.599533990625 0.23303362500000002 0.60662280625 0.23500730937499997 0.612346490625 0.2439144734375 0.605071271875
0 0.21902412343750002 0.7360745609375 0.223081140625 0.73207236875 0.217543859375 0.719161184375 0.21351608125000002 0.722938596875 0.21902412343750002 0.7360745609375
0 0.276900584375 0.91491228125 0.27216739843750004 0.9189418859374999 0.27827119843750003 0.935498903125 0.28285818749999997 0.931578946875 0.276900584375 0.91491228125
0 0.27892909375 0.960635965625 0.27463450312500004 0.9633223687499999 0.279060671875 0.977823465625 0.2833150578125 0.9748903515625 0.27892909375 0.960635965625
0 0.16496344999999998 0.9344517546875 0.1623538015625 0.9282620609375 0.152222221875 0.9372807015625 0.1547880109375 0.9436403515625 0.16496344999999998 0.9344517546875
0 0.14547331875 0.922856359375 0.1432565796875 0.9182291671874999 0.13591557031249998 0.9254331140625001 0.138126828125 0.930257675 0.14547331875 0.922856359375
0 0.175796784375 0.65451754375 0.180135234375 0.651864034375 0.176133040625 0.6361567984375001 0.17147660781250001 0.638695175 0.175796784375 0.65451754375
0 0.08764802656250001 0.67954495625 0.0853983921875 0.6732456140624999 0.0748903515625 0.6820449562500001 0.0771929828125 0.6884046046875001 0.08764802656250001 0.67954495625
0 0.0778399125 0.6929961625 0.079989034375 0.6988760968750001 0.0900292390625 0.68977521875 0.08766081875000001 0.683807565625 0.0778399125 0.6929961625
0 0.0033808484375000003 0.748793859375 0.0057200296875 0.75542763125 0.015716374999999998 0.7462171046875 0.013157895312500001 0.73974780625 0.0033808484375000003 0.748793859375
0 0.037481725 0.9582785093749999 0.0349707609375 0.9521052624999999 0.0247441515625 0.9615405703125001 0.02743969375 0.9675767546875 0.037481725 0.9582785093749999
0 0.0285142546875 0.953963815625 0.0260032890625 0.9477933109375 0.01577668125 0.9572258765624999 0.01847405 0.9632620609375 0.0285142546875 0.953963815625
0 0.0187883765625 0.9647669953125 0.016277412499999998 0.958596490625 0.0060508046874999995 0.96802905625 0.008748171875 0.974065240625 0.0187883765625 0.9647669953125
0 0 0.860553728125 0.004320175 0.8563048249999999 0.0022459796875 0.85082236875 0 0.85241228125 0 0.860553728125
0 0.1071454671875 0.912171053125 0.10255847968750001 0.91491228125 0.106544225 0.927754934375 0.11103801093750001 0.9248629390625001 0.1071454671875 0.912171053125
0 0.10127192968750001 0.8945010968749999 0.096875 0.8966282890624999 0.10054824531249999 0.912171053125 0.1048976609375 0.9100328953125001 0.10127192968750001 0.8945010968749999
0 0.104524853125 0.8682017546875 0.101096490625 0.8713815796875 0.1057383046875 0.882867325 0.10917397656250001 0.8796052624999999 0.104524853125 0.8682017546875
0 0.0889071640625 0.8669682015625 0.084740496875 0.8706962718750001 0.08940058437500001 0.883196271875 0.0936220765625 0.8792763156250001 0.0889071640625 0.8669682015625
0 0.09805738281250001 0.8465158984375 0.0936038015625 0.8497258765625 0.0984649125 0.86493969375 0.102805190625 0.86157620625 0.09805738281250001 0.8465158984375
0 0.084283625 0.8685855265625 0.087902046875 0.8650767546875 0.082346490625 0.8521655703125001 0.0786732453125 0.8560032890624999 0.084283625 0.8685855265625
0 0.09099049687500001 0.83826754375 0.0948629390625 0.8347066890624999 0.0899671046875 0.821875 0.08583698906250001 0.8253837718750001 0.09099049687500001 0.83826754375
0 0.09148391875 0.541803728125 0.085453215625 0.5459155703125 0.0907547515625 0.5633004390624999 0.09670504375 0.5593804828125 0.09148391875 0.541803728125
1 0.034777046875 0.556195175 0.0315113296875 0.54493146875 0.0175950296875 0.5539336625 0.02100694375 0.5653919953125001 0.034777046875 0.556195175
1 0.03177814375 0.5445120609375 0.028510600000000004 0.5332456140625 0.014596124999999998 0.5422505484375 0.0180062140625 0.5537088812500001 0.03177814375 0.5445120609375
0 0.0265533625 0.5327850875 0.0240497078125 0.5228892546874999 0.0111476609375 0.5312774124999999 0.013633040625 0.5408991234375 0.0265533625 0.5327850875
1 0.024735014062499998 0.5222368421875 0.022240496874999998 0.5109100875 0.0033260234375 0.52272478125 0.0063231 0.533908990625 0.024735014062499998 0.5222368421875
1 0.022043128125 0.5085471484374999 0.018768275 0.4987116234375 0.0009247078125000001 0.512557565625 0.0041447375000000005 0.5222971484375 0.022043128125 0.5085471484374999
1 0 0.5120504390625 0.0177978796875 0.49837719375 0.014521198437499999 0.48854166718750003 0 0.4998108546875 0 0.5120504390625
0 0.023008040625 0.487883771875 0.0193165203125 0.4920778515625 0.0252192984375 0.5055921046875 0.028929093750000003 0.5014802625 0.023008040625 0.487883771875
1 0.028801170312500003 0.501973684375 0.035544590625 0.49457236875 0.023908990625 0.4679769734375 0.0175054828125 0.4750822375 0.028801170312500003 0.501973684375
1 0.0338815796875 0.48969298281249996 0.038852339062500005 0.4842653515625 0.029367690624999998 0.46280153437499993 0.0244133765625 0.46813322343749997 0.0338815796875 0.48969298281249996
0 0.055043859375000004 0.44290021875 0.050995979687500005 0.44582785156250004 0.05454312812499999 0.45953673281249996 0.05868055625 0.4563322375 0.055043859375000004 0.44290021875
1 0.037097953125 0.4212445171875 0.029239765625000004 0.42697368437499994 0.0359649125 0.448848684375 0.04368055625 0.44283717031250003 0.037097953125 0.4212445171875
1 0.0321454671875 0.429276315625 0.0251644734375 0.4346217109375 0.031688596875 0.45537280625000004 0.03849780625 0.45050438593750003 0.0321454671875 0.429276315625
0 0.028801170312500003 0.4423245609375 0.024524853125000003 0.44561403437499997 0.0283625734375 0.45838815781250003 0.032693714062500004 0.45496162343749996 0.028801170312500003 0.4423245609375
0 0.023940057812500002 0.444846490625 0.01955409375 0.4490131578125 0.024543128125 0.46318530625000004 0.028855993749999996 0.4588815796875 0.023940057812500002 0.444846490625
0 0.019755117187499997 0.4498629390625 0.0151133046875 0.4528782890625 0.0193713453125 0.4686403515625 0.02417763125 0.4651315796875 0.019755117187499997 0.4498629390625
0 0.015222953124999999 0.4533991234375 0.0103801171875 0.45701754375 0.0149597953125 0.472815240625 0.0196673984375 0.4684594296875 0.015222953124999999 0.4533991234375
0 0.010153509375 0.457088815625 0.005310671875 0.46070723750000003 0.01006944375 0.4771929828125 0.0150219296875 0.472998903125 0.010153509375 0.457088815625
0 0.005921053125 0.4622807015625 0.001242690625 0.4655975875 0.005476973437499999 0.48161732500000004 0.0100146203125 0.4779413375 0.005921053125 0.4622807015625
1 0.039581506249999995 0.4029029609375 0.0322551171875 0.40814144687500004 0.04430555625 0.44690789531249997 0.05148391875 0.4406880484375 0.039581506249999995 0.4029029609375
1 0.0467105265625 0.39915021875 0.0397002921875 0.40478892499999997 0.051067251562500006 0.4416803734375 0.05816885937500001 0.43569078906250003 0.0467105265625 0.39915021875
0 0 0.44806743437499996 0.0079970765625 0.4411321265625 0.00551900625 0.43352521875 0 0.4380756578125 0 0.44806743437499996
0 0 0.43819353124999993 0.0076754390625 0.43215460468750005 0.00542763125 0.4251370609375 0 0.4291118421875 0 0.43819353124999993
0 0 0.42853618437499996 0.0041081875 0.4255455046875 0.001991959375 0.419106359375 0 0.42064144687500005 0 0.42853618437499996
0 0.0143073828125 0.4181907890625 0.012426900000000001 0.41178728124999997 0.0016630109375 0.4186403515625 0.0034155703125 0.4252905703125 0.0143073828125 0.4181907890625
0 0 0.4141803734375 0.0087353796875 0.406304825 0.0063961984375 0.39915021875 0 0.4049067984375 0 0.4141803734375
0 0.0141264625 0.3795504390625 0.016569809375 0.38538103125 0.024391446875 0.378366228125 0.021856725 0.3723684203125 0.0141264625 0.3795504390625
0 0.0010782156249999999 0.39043311406250003 0.003435671875 0.3969572375 0.012554825 0.388338815625 0.01014254375 0.38199013125 0.0010782156249999999 0.39043311406250003
0 0.0045248531250000005 0.370825109375 0.0068823093749999995 0.3773492328125 0.0160014625 0.3687280703125 0.013589181249999999 0.3623821265625 0.0045248531250000005 0.370825109375
1 0.02516081875 0.33224780625 0.02448099375 0.3301096484375 0.0200731 0.3338596484375 0.020796784375 0.3359649125 0.02516081875 0.33224780625
0 0.06380299687499999 0.2783717109375 0.06175073125 0.2717927625 0.0513888890625 0.2796875 0.053527046875 0.28626644687499997 0.06380299687499999 0.2783717109375
1 0.149561403125 0.4697368421875 0.156560671875 0.46474780625 0.1494243421875 0.43930646875 0.1426023390625 0.44387609687499996 0.149561403125 0.4697368421875
0 0.11807200312499999 0.472258771875 0.12249269062499998 0.4686595390625 0.11769188593749999 0.451987390625 0.1132711984375 0.45549067968749996 0.11807200312499999 0.472258771875
0 0.11083698906249999 0.4689144734375 0.11550438593750001 0.464989034375 0.11032529218750001 0.448977521875 0.1055573828125 0.452626096875 0.11083698906249999 0.4689144734375
0 0.11800073124999999 0.43092105312499995 0.1134868421875 0.434731359375 0.118642178125 0.45026041718750004 0.1231542390625 0.44632675468749994 0.11800073124999999 0.43092105312499995
0 0.12235014687500001 0.41633771875000003 0.11902412343749999 0.4212719296875 0.12516447343749998 0.43075657968750003 0.128419225 0.4254769734375 0.12235014687500001 0.41633771875000003
0 0.1650292390625 0.4134649125 0.1661366953125 0.41938048281249996 0.1759429828125 0.413977521875 0.174616228125 0.40811403437499993 0.1650292390625 0.4134649125
0 0.18819444375 0.39950657968750003 0.186366959375 0.3928453953125 0.1767909359375 0.3983004390625 0.17841739843749999 0.40556469375 0.18819444375 0.39950657968750003
0 0.17590095 0.40222861875 0.1736842109375 0.39602521875 0.1650274125 0.40368146875 0.16716557031249998 0.41004111875 0.17590095 0.40222861875
0 0.17541849375000002 0.39433936406250003 0.1732456140625 0.387801534375 0.16231725156250001 0.3966008765625 0.16436586250000002 0.40324287343750004 0.17541849375000002 0.39433936406250003
0 0.18146929843749998 0.3783168859375 0.1798428359375 0.3724780703125 0.1700292390625 0.3783470390625 0.1715296046875 0.384385965625 0.18146929843749998 0.3783168859375
0 0.24281798281250003 0.4198190796875 0.244974415625 0.426206140625 0.255793128125 0.41720120625 0.253528875 0.4110444078125 0.24281798281250003 0.4198190796875
0 0.25544590624999997 0.41099232499999994 0.257383040625 0.41677631562500006 0.2653874265625 0.41008771875 0.26335891875 0.40452302656250005 0.25544590624999997 0.41099232499999994
1 0.2758954671875 0.422203946875 0.273081140625 0.41173245625000005 0.2537463453125 0.42351973750000005 0.25661549687499996 0.4345394734375 0.2758954671875 0.422203946875
1 0.3083241953125 0.44983826718750003 0.31275584843750004 0.44717653437499993 0.30794590624999996 0.43 0.3038157890625 0.432842653125 0.3083241953125 0.44983826718750003
0 0.2993238296875 0.44761513124999996 0.303472221875 0.444188596875 0.2985745609375 0.4296875 0.2944261703125 0.43297697343749997 0.2993238296875 0.44761513124999996
1 0.272185671875 0.3470394734375 0.265533625 0.3515625 0.2756213453125 0.3850328953125 0.282492690625 0.3794682015625 0.272185671875 0.3470394734375
1 0.362616959375 0.343453946875 0.3692105265625 0.339018640625 0.362010234375 0.314690240625 0.3556469296875 0.31902412343750003 0.362616959375 0.343453946875
1 0.378125 0.3053179828125 0.372258771875 0.3088541671875 0.37725694375 0.3277330046875 0.38320540937500003 0.32412280625 0.378125 0.3053179828125
0 0.352507309375 0.3209649125 0.3565204671875 0.3178399125 0.3510599421875 0.3011293859375 0.34709064375 0.304385965625 0.352507309375 0.3209649125
0 0.4049342109375 0.3490953953125 0.40932017500000006 0.3458059203125 0.40400219374999996 0.3294682015625 0.39972587656249997 0.33237390312500004 0.4049342109375 0.3490953953125
1 0.41475328906250003 0.3454906796875 0.4202119890625 0.33832236875 0.3999067984375 0.30434484687499996 0.394813596875 0.3114391453125 0.41475328906250003 0.3454906796875
0 0.3814692984375 0.247998903125 0.3842105265625 0.25707236875 0.39616228124999997 0.24936951718749997 0.393658625 0.240570175 0.3814692984375 0.247998903125
1 0.3711988296875 0.2361019734375 0.37415204687500003 0.24936129375 0.3938961984375 0.239364034375 0.3908442984375 0.2259594296875 0.3711988296875 0.2361019734375
1 0.3626224421875 0.20004385937500002 0.36558845 0.2108278515625 0.38475877187499996 0.198492325 0.38174342031249997 0.187828946875 0.3626224421875 0.20004385937500002
1 0.36021564375000004 0.18889802656250002 0.3631396203125 0.19950657968750002 0.3795321640625 0.18944627187500002 0.37655336250000004 0.1791118421875 0.36021564375000004 0.18889802656250002
1 0.36225511718750003 0.21248629375 0.3554788015625 0.2167817984375 0.3740131578125 0.27415021875 0.38103070156249996 0.2686129390625 0.36225511718750003 0.21248629375
0 0.3209320171875 0.24152138124999997 0.32419407968749997 0.2367434203125 0.3159320171875 0.2237171046875 0.312695540625 0.2281770828125 0.3209320171875 0.24152138124999997
1 0.312626096875 0.2067982453125 0.3185124265625 0.201891446875 0.308150584375 0.1740679828125 0.30215643281250004 0.179303728125 0.312626096875 0.2067982453125
1 0.3203033625 0.20467653437500002 0.32640716406250003 0.2001370609375 0.31954495625 0.180992325 0.31386147656249996 0.18558662343750001 0.3203033625 0.20467653437500002
1 0.3372441515625 0.210553728125 0.343366228125 0.20424890312500002 0.3225328953125 0.155071271875 0.3166849421875 0.1604166671875 0.3372441515625 0.210553728125
1 0.3359338453125 0.17601699531249998 0.341081871875 0.172938596875 0.3358077484375 0.15228618437500002 0.33081871406249996 0.1552220390625 0.3359338453125 0.17601699531249998
0 0.556615496875 0.379742325 0.5560855265625 0.37118969375 0.5434941515625 0.37264254375 0.54378655 0.3811403515625 0.556615496875 0.379742325
0 0.5314692984375 0.3755756578125 0.5314327484375 0.3829495609375 0.5428362578125 0.3825932015625 0.542525584375 0.37519188593749997 0.5314692984375 0.3755756578125
1 0.5107638890625 0.37658991249999996 0.5111111109375 0.38678728125 0.530007309375 0.38349780624999996 0.529294590625 0.373793859375 0.5107638890625 0.37658991249999996
0 0.5259685671875001 0.3618421046875 0.525310671875 0.3544956140625 0.513742690625 0.3572094296875 0.5144005843749999 0.36463815781250003 0.5259685671875001 0.3618421046875
1 0.528508771875 0.3435032890625 0.529349415625 0.3536458328125 0.54146564375 0.3509046046875 0.54058845 0.3411732453125 0.528508771875 0.3435032890625
1 0.50866228125 0.344846490625 0.509276315625 0.354163925 0.5271929828124999 0.35123355312500004 0.5263706140625 0.34196820156249996 0.50866228125 0.344846490625
1 0.508945540625 0.37292763125 0.5139071640624999 0.3654879390625 0.498044590625 0.342132675 0.4929349421875 0.349575109375 0.508945540625 0.37292763125
1 0.4794407890625 0.30874451718749996 0.47320906406249996 0.312966009375 0.482447003125 0.3470559203125 0.4888706140625 0.342543859375 0.4794407890625 0.30874451718749996
1 0.4650767546875 0.2884594296875 0.45882675468749995 0.2921052625 0.473099415625 0.346573465625 0.4795504390625 0.34290021875 0.4650767546875 0.2884594296875
1 0.45818713437499997 0.29292763125 0.45239400625000004 0.2966282890625 0.466721490625 0.3505208328125 0.47282529218749997 0.3466831140625 0.45818713437499997 0.29292763125
0 0.44769736875 0.288678728125 0.4498903515625 0.294846490625 0.46023391875 0.285882675 0.45793128593750004 0.27982456093749997 0.44769736875 0.288678728125
0 0.44071271875000007 0.26388706093750003 0.4423976609375 0.2702028515625 0.45104166718750005 0.2645833328125 0.4493603796875 0.25866228125 0.44071271875000007 0.26388706093750003
0 0.4416301171875 0.273081140625 0.4431469296875 0.279742325 0.45476973750000005 0.27264254375 0.45299707656250005 0.266206140625 0.4416301171875 0.273081140625
1 0.42639802656250003 0.2288733546875 0.42810855312499996 0.23376644687499998 0.43421418125000005 0.228122259375 0.43234649062499997 0.22330043906250002 0.42639802656250003 0.2288733546875
1 0.487116228125 0.2485745609375 0.48923611093749997 0.2571820171875 0.5043366234375 0.2488596484375 0.501955409375 0.240953946875 0.487116228125 0.2485745609375
0 0.494097221875 0.2358004390625 0.4956451015625 0.24276041718750002 0.5054239765624999 0.237612390625 0.50392909375 0.230838815625 0.494097221875 0.2358004390625
1 0.48664108125 0.2251096484375 0.4892726609375 0.234942434375 0.5014254390625 0.2272395828125 0.49873903437499995 0.21757127187499997 0.48664108125 0.2251096484375
0 0.49484649062499997 0.2191694078125 0.49301900625000006 0.21192434218749998 0.480884503125 0.220668859375 0.483017178125 0.2277604171875 0.49484649062499997 0.2191694078125
0 0.48918128593750004 0.2122505484375 0.48722587656250005 0.2052357453125 0.47540204687500004 0.21321271875 0.47722953281249997 0.22033991249999998 0.48918128593750004 0.2122505484375
0 0.473830409375 0.20446820156249998 0.47589546718750003 0.210992325 0.48481176875000004 0.204216009375 0.4827119890625 0.1975328953125 0.473830409375 0.20446820156249998
0 0.48044590625000005 0.189473684375 0.4782711984375 0.183168859375 0.46816520468749995 0.1908717109375 0.47043128593750005 0.19756030625 0.48044590625000005 0.189473684375
0 0.42295321562500005 0.22042214843750002 0.42487207656250003 0.226617325 0.43516081875 0.218804825 0.43302266093749997 0.21313048281250002 0.42295321562500005 0.22042214843750002
0 0.4184576015625 0.203536184375 0.420705409375 0.2099780703125 0.4295504390625 0.2026315796875 0.4272295328125 0.196491228125 0.4184576015625 0.203536184375
0 0.4154788015625 0.1955866234375 0.417598684375 0.20233004375000002 0.4251133046875 0.196891446875 0.4232273390625 0.1904605265625 0.4154788015625 0.1955866234375
0 0.4127192984375 0.18506030625 0.414473684375 0.1923519734375 0.42554459062500005 0.185370065625 0.42368421093749997 0.178563596875 0.4127192984375 0.18506030625
1 0.46383771874999996 0 0.4607638890625 0.0021655703124999997 0.461366959375 0.0045504390625 0.4654057015625 0.0014528515625 0.46490862499999996 0 0.46383771874999996 0
0 0.44696637499999997 0.0412828953125 0.44881213437499995 0.0471217109375 0.4577119890625 0.040268640625000005 0.45581140312499996 0.0345668859375 0.44696637499999997 0.0412828953125
0 0.3868603796875 0 0.3910836984375 0.011288376562499999 0.3949689328125 0.0082565796875 0.3921911546875 0 0.3868603796875 0
0 0.40740131562500004 0.026754385937500003 0.40522660781250003 0.020422148437500003 0.3950840640625 0.0274945171875 0.39725877187499997 0.0344846484375 0.40740131562500004 0.026754385937500003
0 0.3693530703125 0.0572642546875 0.3715826015625 0.0642543859375 0.38006761718750004 0.0578755484375 0.3778326015625 0.0509046046875 0.3693530703125 0.0572642546875
0 0.31589912343750004 0.07209429843750001 0.318402778125 0.079385965625 0.326955409375 0.07258771875 0.324689328125 0.0655153515625 0.31589912343750004 0.07209429843750001
1 0.26282894687499997 0.07735745625 0.2594481 0.07850877187500001 0.2606542390625 0.08782894687500001 0.2641081875 0.0866282890625 0.26282894687499997 0.07735745625
0 0.26288742656249997 0.11100328906250001 0.2609831875 0.1041666671875 0.25032894687499996 0.11077302656250002 0.25231725156249996 0.11781250000000001 0.26288742656249997 0.11100328906250001
0 0.25645285156250003 0.13424616250000002 0.2546600875 0.12667214843750002 0.24404239843750003 0.133168859375 0.2463633046875 0.14147478125 0.25645285156250003 0.13424616250000002
0 0.207456140625 0.117626096875 0.2033168859375 0.1210444078125 0.20776864062499997 0.1349917765625 0.21167763125 0.131606359375 0.207456140625 0.117626096875
1 0.19445358125 0.1708634875 0.1939784359375 0.1682182015625 0.1893457609375 0.170257675 0.18982090625 0.17295504374999998 0.19445358125 0.1708634875
0 0.09460891875 0.21548793906250002 0.090149853125 0.21795504375000002 0.09289656406249999 0.23136787343749998 0.0974415203125 0.22886513125 0.09460891875 0.21548793906250002
0 0.167644371875 0.14750000000000002 0.1635051171875 0.15091831093750002 0.16790935625 0.1651315796875 0.1720029234375 0.16181469375 0.167644371875 0.14750000000000002
0 0.1743421046875 0.1435032890625 0.1701480265625 0.1462308109375 0.1739766078125 0.1611842109375 0.1782346484375 0.15863486875 0.1743421046875 0.1435032890625
0 0.211239034375 0.046929824999999994 0.2067616953125 0.049835526562499996 0.2110380109375 0.0662554828125 0.215570175 0.06302083281250001 0.211239034375 0.046929824999999994
1 0.2203947375 0.06641995625 0.21792763124999998 0.0610471484375 0.20895650625 0.06991228125 0.21110380156250003 0.07545504374999999 0.2203947375 0.06641995625
0 0.20066520468750002 0.07286732500000001 0.19618786562499999 0.0757730265625 0.2001827484375 0.09185855312499999 0.20483187187500002 0.0887116234375 0.20066520468750002 0.07286732500000001
0 0.17730263125 0.013349781250000001 0.1811038015625 0.010060306250000001 0.177686403125 0.00016721562500000001 0.17386695937500002 0.0028508765625 0.17730263125 0.013349781250000001
0 0.05886330468749999 0.08950109687499999 0.0626279234375 0.08645833281250001 0.058534356249999996 0.073848684375 0.054879385937500004 0.0767817984375 0.05886330468749999 0.08950109687499999
0 0.061758040624999996 0.098168859375 0.0650950296875 0.09539473750000001 0.06251644687499999 0.0869133765625 0.059258040624999994 0.08935855312499999 0.061758040624999996 0.098168859375
0 0.006432748437499999 0.080071271875 0.008187134375 0.0868969296875 0.01796418125 0.0794682015625 0.0159173984375 0.073026315625 0.006432748437499999 0.080071271875
0 0 0.0789254390625 0.0082821640625 0.0746929828125 0.00705409375 0.0676809203125 0 0.0714418859375 0 0.0789254390625