0 0.754367690625 0.60542763125 0.7489948828124999 0.6057565796875 0.7497423249999999 0.6252878296875 0.7552631578125 0.624945175 0.754367690625 0.60542763125
0 0.70392909375 0.5060307015625 0.70394736875 0.5140350875 0.7149488296875 0.5146381578125 0.7149488296875 0.506688596875 0.70392909375 0.5060307015625
0 0.9705592109375001 0.8134018640624999 0.97385599375 0.8072039468750001 0.966739765625 0.7955317984375 0.9635270468750001 0.801663925 0.9705592109375001 0.8134018640624999
0 0.915783990625 0.8202467109375 0.9099232453124999 0.819188596875 0.9088084796875 0.834046053125 0.9148209062499999 0.8353344296874999 0.915783990625 0.8202467109375
0 0.8515369156249999 0.7952302625 0.8563413750000001 0.7959155703125 0.8573629390624999 0.7799369515625 0.8527613296875 0.779092653125 0.8515369156249999 0.7952302625
0 0.7435398390625 0.724846490625 0.738742690625 0.7230263156250001 0.737171053125 0.7405427625 0.7419590640625 0.741776315625 0.7435398390625 0.724846490625
0 0.7892543859375001 0.6959868421875 0.7896198828125 0.6888157890625 0.77894736875 0.6873629390625 0.778600146875 0.6946546046875001 0.7892543859375001 0.6959868421875
1 0.78913194375 0.6860197375 0.7896198828125 0.6767817984375 0.7735928359375001 0.674643640625 0.7731907890625 0.684018640625 0.78913194375 0.6860197375
0 0.793143275 0.681885965625 0.7921235375 0.6900767546875 0.8037646203125 0.694078946875 0.8046966375 0.6858580046875 0.793143275 0.681885965625
0 0.770010965625 0.61337719375 0.7689510234375 0.6199095390625 0.778563596875 0.625 0.7794956140625 0.6185307015625 0.770010965625 0.61337719375
0 0.646509503125 0.7141995609375 0.6412097953125 0.7131578953125 0.640149853125 0.7325109656250001 0.6455592109375 0.7333607453125001 0.646509503125 0.7141995609375
0 0.6057200296875 0.78829495625 0.610635965625 0.7890899124999999 0.6113231 0.7732593203125 0.606560671875 0.7724780703125 0.6057200296875 0.78829495625
0 0.524908625 0.678508771875 0.52887426875 0.6793037281250001 0.53006030625 0.662543859375 0.5262463453125 0.6615296046875 0.524908625 0.678508771875
0 0.535471490625 0.6639254390625 0.531560671875 0.6626644734375 0.5302814328125 0.6798793859375001 0.5345760234375 0.6809758765625 0.535471490625 0.6639254390625
0 0.5284064328125 0.6233854171875 0.52766995625 0.6302933109375 0.540010965625 0.6333333328124999 0.54056469375 0.6259128296875 0.5284064328125 0.6233854171875
0 0.2900402046875 0.7278508765625 0.29526681250000003 0.72894736875 0.2963084796875 0.7096217109375 0.2912646203125 0.7088541671875 0.2900402046875 0.7278508765625
1 0.27266812812499996 0.9754413375000001 0.2719572375 0.980030153125 0.2780482453125 0.9828399125 0.2787353796875 0.9780509875 0.27266812812499996 0.9754413375000001
0 0.2552796046875 0.9952768640625 0.25729166718749996 0.9752741234375 0.2513687859375 0.9727741234374999 0.249203215625 0.992598684375 0.2552796046875 0.9952768640625
1 0.4391739765625 0.7918366234375 0.43414108125000006 0.789703946875 0.4304221484375 0.8133278515625 0.43540021875 0.8155427625 0.4391739765625 0.7918366234375
1 0.42068713437499994 0.8111019734375 0.42576754375 0.8142269734375001 0.43108004375000003 0.790770284375 0.4259868421875 0.787911184375 0.42068713437499994 0.8111019734375
0 0.51759685625 0.76021655625 0.5218932749999999 0.7612116234374999 0.5229258046874999 0.7416611843750001 0.51865314375 0.7410279609375 0.51759685625 0.76021655625
0 0.0888340640625 0.07817982500000001 0.09334795312500001 0.0797149125 0.09525402031249999 0.06725603125 0.0908260234375 0.0658991234375 0.0888340640625 0.07817982500000001
1 0.197277046875 0.20707236875 0.19459064375 0.215926534375 0.21516812812500002 0.22930372812500002 0.21762061406250002 0.21979440781249998 0.197277046875 0.20707236875
0 0.220153509375 0.091304825 0.22593201718749997 0.09141995625 0.22592653437500002 0.0730756578125 0.22030519062499998 0.07290570156250001 0.220153509375 0.091304825
1 0.0721673984375 0.1568256578125 0.0822368421875 0.159046053125 0.08746345 0.11641995624999998 0.077814328125 0.1145833328125 0.0721673984375 0.1568256578125
0 0.71960891875 0.34928728124999997 0.7247076015625 0.3513432015625 0.7263340640625 0.331633771875 0.7213267546875 0.32990679843750004 0.71960891875 0.34928728124999997
0 0.0588815796875 0.28889802656249997 0.06414473750000001 0.290268640625 0.065625 0.2756030703125 0.060508040625 0.2740679828125 0.0588815796875 0.28889802656249997
1 0.238614765625 0.3330866234375 0.23866959062499998 0.3272203953125 0.23165387499999998 0.3262445171875 0.2314948828125 0.332143640625 0.238614765625 0.3330866234375
0 0.9324926906250001 0.812116228125 0.9322551171875 0.8208059203125 0.9436403515625 0.821518640625 0.9438413750000001 0.8131030703125001 0.9324926906250001 0.812116228125
0 0.76539108125 0.7236348687499999 0.760617690625 0.723094846875 0.7601078218749999 0.7409731359375 0.7650036546875 0.7414884875000001 0.76539108125 0.7236348687499999
0 0.8301059937499999 0.3297094296875 0.8316885968750001 0.32110745625 0.8202832609374999 0.314320175 0.818591009375 0.3225054828125 0.8301059937499999 0.3297094296875
1 0.863274853125 0.4423218203125 0.8603198093750001 0.44334429843749995 0.8605847953125 0.44448190781249997 0.8635032890625001 0.4435718203125 0.863274853125 0.4423218203125
0 0.0672514625 0.15057565781249999 0.072295321875 0.15422149062499999 0.07585891875 0.1350054828125 0.0709064328125 0.13212719374999998 0.0672514625 0.15057565781249999
1 0.07996345 0.038804825 0.08072185625 0.036721490625 0.0774689328125 0.0332154609375 0.07680555624999999 0.0352055921875 0.07996345 0.038804825
1 0.0669517546875 0.189133771875 0.06580774843750001 0.1885142546875 0.06483004375 0.1946546046875 0.0659667390625 0.1952796046875 0.0669517546875 0.189133771875
1 0.21419956093749998 0.189391446875 0.21332236875000002 0.1966557015625 0.2247441515625 0.2001096484375 0.225456871875 0.1924479171875 0.21419956093749998 0.189391446875
1 0.036670321875 0.34232182031249997 0.0357638890625 0.3407620609375 0.03257858125 0.3458004390625 0.0334868421875 0.34757401250000003 0.036670321875 0.34232182031249997
1 0.05207236875 0.3312171046875 0.0556195171875 0.331491228125 0.055983187499999996 0.32166666718750003 0.0525274125 0.321463815625 0.05207236875 0.3312171046875
1 0.041027046875 0.3363569078125 0.042240496875 0.33749725937499997 0.0445138890625 0.33095668906250003 0.043338815625 0.3300520828125 0.041027046875 0.3363569078125
1 0.055752923437500004 0.36451754375 0.0561038015625 0.3619791671875 0.0513322375 0.360411184375 0.0509649125 0.3628591015625 0.055752923437500004 0.36451754375
1 0.0814528515625 0.3262171046875 0.085158990625 0.3281907890625 0.0854440796875 0.326578946875 0.08175986874999999 0.3247697375 0.0814528515625 0.3262171046875
1 0.08002923906250001 0.31953125 0.080402046875 0.321110196875 0.083472221875 0.31808388125 0.083033625 0.316702303125 0.08002923906250001 0.31953125
1 0.0866045328125 0.3223958328125 0.086642909375 0.3206633765625 0.08230080468749999 0.3203453953125 0.0821966375 0.32204495624999996 0.0866045328125 0.3223958328125
1 0.0728874265625 0.3358744515625 0.0774671046875 0.3381030703125 0.0778453953125 0.3360169953125 0.07332967812499999 0.33379111875 0.0728874265625 0.3358744515625
1 0.0820211984375 0.3312582234375 0.0818713453125 0.3329057015625 0.08603801093749999 0.3338267546875 0.086114765625 0.33222313593749997 0.0820211984375 0.3312582234375
1 0.1099597953125 0.337489034375 0.1099597953125 0.3397807015625 0.114142909375 0.3395833328125 0.114064328125 0.3373711625 0.1099597953125 0.337489034375
1 0.1478088453125 0.3165542765625 0.1453033625 0.31016995625 0.13966191562500002 0.3165542765625 0.1421235375 0.3233278515625 0.1478088453125 0.3165542765625
1 0.1338541671875 0.32856085468749996 0.1350383765625 0.32856085468749996 0.13516995625 0.3227055921875 0.134007675 0.3227384875 0.1338541671875 0.32856085468749996
1 0.12120979531250001 0.3323081140625 0.12120979531250001 0.33444078906249997 0.12566155 0.334629934375 0.12569444375 0.332497259375 0.12120979531250001 0.3323081140625
1 0.148890715625 0.3562006578125 0.148885234375 0.3541392546875 0.1439437140625 0.35363486875 0.1439163015625 0.35576754374999997 0.148890715625 0.3562006578125
1 0.1541849421875 0.3271655703125 0.15396564375 0.3283717109375 0.1564510234375 0.32955043906250003 0.156652046875 0.32828947343750003 0.1541849421875 0.3271655703125
1 0.15204678437500002 0.3258744515625 0.15579312812499999 0.3267269734375 0.156518640625 0.316091009375 0.1526918859375 0.31524396875 0.15204678437500002 0.3258744515625
1 0.163563596875 0.316091009375 0.159703946875 0.3138706140625 0.1573866953125 0.3238788375 0.161403509375 0.3264254390625 0.163563596875 0.316091009375
1 0.21955774843750003 0.35743146875 0.21959064375 0.355438596875 0.215186403125 0.3548793859375 0.21519005781249997 0.3569106359375 0.21955774843750003 0.35743146875
1 0.2219481 0.3654331140625 0.221982821875 0.36288103125000004 0.216348684375 0.36231359687500003 0.21628655000000002 0.364969846875 0.2219481 0.3654331140625
1 0.280043859375 0.38086622812500004 0.2801370609375 0.3751315796875 0.27260599375 0.374418859375 0.2724159359375 0.38011513125 0.280043859375 0.38086622812500004
1 0.294828215625 0.36943530625 0.29483918125 0.3673958328125 0.290328946875 0.36700109687500004 0.290301534375 0.3690570171875 0.294828215625 0.36943530625
1 0.2885032890625 0.3371628296875 0.288346125 0.338582784375 0.2910562859375 0.33949013125 0.291187865625 0.33807017500000003 0.2885032890625 0.3371628296875
1 0.3150566515625 0.33724780625 0.314740496875 0.33876370625 0.31792763125 0.341036184375 0.31830957656250003 0.3395230265625 0.3150566515625 0.33724780625
1 0.37542032187499996 0.36365131562499997 0.372024853125 0.3631716015625 0.3720577484375 0.36491228124999997 0.37542032187499996 0.3654605265625 0.37542032187499996 0.36365131562499997
1 0.36582785156250003 0.39149396875 0.36582602343750004 0.38917214843750003 0.3601571640625 0.388407346875 0.3601297515625 0.39078124999999997 0.36582785156250003 0.39149396875
1 0.5684758765625 0.41565241249999996 0.568421053125 0.41019736875 0.561239034375 0.4098684203125 0.5612171046875 0.41515350937499995 0.5684758765625 0.41565241249999996
1 0.5582456140625001 0.412143640625 0.558205409375 0.4098684203125 0.552653509375 0.4097697375 0.5526772656250001 0.4121052625 0.5582456140625001 0.412143640625
1 0.5481578953125 0.35791392499999997 0.5470211984375 0.3580317984375 0.5470504390625 0.3644024125 0.5481816515625 0.3644024125 0.5481578953125 0.35791392499999997
1 0.554804459375 0.37104714843750003 0.5560307015625 0.37124451718749996 0.55628655 0.3630208328125 0.555080409375 0.36277412343750004 0.554804459375 0.37104714843750003
1 0.5885051171875 0.36948739062499997 0.5896454671875 0.3686321265625 0.5877850875 0.3612828953125 0.586454678125 0.3620230265625 0.5885051171875 0.36948739062499997
1 0.5823538015625 0.35763706093750003 0.5810233921875 0.3575794953125 0.5815186406249999 0.36498629375 0.5828856 0.36487116249999996 0.5823538015625 0.35763706093750003
1 0.6578965640625001 0.41077850937499993 0.65862573125 0.40550986875 0.6516301171875 0.403182565625 0.6508717109375 0.40859375 0.6578965640625001 0.41077850937499993
1 0.869188596875 0.4723684203125 0.8688559937500001 0.47026864062499996 0.8622733921875 0.4721655703125 0.8625274125000001 0.474207784375 0.869188596875 0.4723684203125
0 0.8353070171875 0.2829221484375 0.830793128125 0.2822368421875 0.8302905703125001 0.3007483546875 0.8349616234375 0.3014336625 0.8353070171875 0.2829221484375
0 0.0674323828125 0.210383771875 0.07267909375 0.21244517499999999 0.07523757343750001 0.195723684375 0.07021198906250001 0.1941803734375 0.0674323828125 0.210383771875
0 0.0715423984375 0.1862719296875 0.077046784375 0.1880482453125 0.08004934218750001 0.17009320156250002 0.074466375 0.1690104171875 0.0715423984375 0.1862719296875
1 0.05868055625 0.11636513125 0.06737938593750001 0.12003837656250001 0.0716922515625 0.09618969375 0.0635416671875 0.093311403125 0.05868055625 0.11636513125
1 0.5837719296875 0.41299342031249997 0.584758771875 0.4033717109375 0.568439328125 0.40030153437499993 0.56736659375 0.4093530703125 0.5837719296875 0.41299342031249997
1 0.20268640312500003 0.42382127187499996 0.201882309375 0.4342379390625 0.23441155 0.43925438593750005 0.23508771875 0.4291940796875 0.20268640312500003 0.42382127187499996
1 0.41668494218749996 0.388706140625 0.4173062859375 0.379989034375 0.4010416671875 0.37765899062499997 0.4003965640625 0.386137609375 0.41668494218749996 0.388706140625
1 0.10586257343750001 0.36487664531249997 0.10586622812499999 0.357373903125 0.0941209796875 0.358182565625 0.0939619890625 0.365682565625 0.10586257343750001 0.36487664531249997
1 0 0.258209978125 0.00644736875 0.259989034375 0.007510965625 0.2517269734375 0 0.2491940796875 0 0.258209978125
1 0.024216009375 0.3004194078125 0.025054824999999996 0.29147478125 0.0124049703125 0.2893667765625 0.0115314328125 0.297911184375 0.024216009375 0.3004194078125
1 0.0579861109375 0.27108004375 0.06527777812499999 0.273135965625 0.06865314375 0.246395284375 0.0615497078125 0.2446820171875 0.0579861109375 0.27108004375
1 0.0623355265625 0.2401041671875 0.06871345 0.2422971484375 0.0723684203125 0.218366228125 0.065990496875 0.2166666671875 0.0623355265625 0.2401041671875
1 0.089731359375 0.0594407890625 0.0964309203125 0.061354167187499996 0.10025584843749999 0.0364583328125 0.09360562812499999 0.0345559203125 0.089731359375 0.0594407890625
1 0.0955226609375 0.0197642546875 0.103527046875 0.0227796046875 0.107408625 0.000013706250000000001 0.0993804828125 0 0.0955226609375 0.0197642546875
1 0.10042032187500001 0.10035635937500001 0.11078216406250001 0.10386513125 0.1154312859375 0.06941337656249999 0.1053179828125 0.06674890312500001 0.10042032187500001 0.10035635937500001
1 0.09384685625 0.1364418859375 0.1032346484375 0.13972313593750002 0.10915935624999999 0.1036293859375 0.100043859375 0.10096217031250002 0.09384685625 0.1364418859375
1 0.1006834796875 0.1339802625 0.109873903125 0.137456140625 0.1149671046875 0.10359100937500001 0.10612938593750001 0.10072094375 0.1006834796875 0.1339802625
1 0.0899488296875 0.169901315625 0.098775584375 0.17275219375 0.10328947343749999 0.1396655703125 0.095091375 0.136735196875 0.0899488296875 0.169901315625
1 0.0958607453125 0.16928453906250002 0.1052266078125 0.173053728125 0.11108369843749999 0.13600603125 0.10209612500000001 0.13282620625 0.0958607453125 0.16928453906250002
1 0.10816885937500001 0.12957785156249998 0.11734283593749999 0.1334155703125 0.123026315625 0.096408990625 0.1138523390625 0.0936129390625 0.10816885937500001 0.12957785156249998
1 0.11834064375 0.136844846875 0.10829678437500001 0.1337993421875 0.103508771875 0.1719846484375 0.113742690625 0.1751370609375 0.11834064375 0.136844846875
1 0.159064328125 0.2194078953125 0.1599963453125 0.20718201718749998 0.12324561406250001 0.201123903125 0.121929825 0.212938596875 0.159064328125 0.2194078953125
1 0.1951206140625 0.0646381578125 0.1962902046875 0.051973684374999995 0.16081871406249998 0.0463541671875 0.158954678125 0.0580043859375 0.1951206140625 0.0646381578125
1 0.20599415156249998 0.0857730265625 0.21357821562499998 0.08714364062499999 0.21578581875 0.0617955046875 0.20864400624999999 0.0603344296875 0.20599415156249998 0.0857730265625
1 0.213033625 0.0903591015625 0.2203252921875 0.0907017546875 0.22128289531249998 0.0661595390625 0.21435489843750002 0.0662966015625 0.213033625 0.0903591015625
1 0.2103856 0.129671053125 0.21726973749999998 0.1341831140625 0.2232913015625 0.11129660156250001 0.21629203281249998 0.107686403125 0.2103856 0.129671053125
1 0.17798245625 0.210479715625 0.1755482453125 0.22179276250000002 0.21191155 0.238141446875 0.2136184203125 0.2274095390625 0.17798245625 0.210479715625
1 0.1766630109375 0.2242406796875 0.1745065796875 0.2345668859375 0.211840278125 0.25032894687499996 0.2139400578125 0.23969572343749998 0.1766630109375 0.2242406796875
0 0.496509503125 0.4095942984375 0.496875 0.4021929828125 0.4864948828125 0.40076754374999995 0.48596491249999996 0.4079221484375 0.496509503125 0.4095942984375
0 0.0360014625 0.3028508765625 0.0365222953125 0.2961567984375 0.0282072375 0.29489309218750004 0.0275858921875 0.3014884875 0.0360014625 0.3028508765625
0 0.0395650578125 0.290268640625 0.0395833328125 0.28319627187499996 0.030838815624999998 0.28352521875000003 0.030617690625 0.2904495609375 0.0395650578125 0.290268640625
0 0.0411732453125 0.3131304828125 0.0435307015625 0.3075657890625 0.037766812500000004 0.2997341015625 0.0352887421875 0.3048245609375 0.0411732453125 0.3131304828125
0 0.1025402046875 0.22250548281250002 0.1024671046875 0.229276315625 0.1118603796875 0.22935855312500003 0.1118786546875 0.22269736875 0.1025402046875 0.22250548281250002
0 0.13125 0.1153782890625 0.127759503125 0.114391446875 0.1259685671875 0.1283442984375 0.1295321640625 0.1295504390625 0.13125 0.1153782890625
0 0.083347953125 0.1039007671875 0.0884685671875 0.105811403125 0.090847953125 0.091082784375 0.0856889625 0.0894216015625 0.083347953125 0.1039007671875
0 0.0666483921875 0.14550438593749998 0.06164108124999999 0.1435855265625 0.058296784375 0.16044407968750002 0.0634868421875 0.162445175 0.0666483921875 0.14550438593749998
0 0.0592105265625 0.03670504375 0.058766446875 0.0303070171875 0.048954678125 0.031546053125 0.0493658625 0.0379029609375 0.0592105265625 0.03670504375
1 0.0389345765625 0.0050520828125 0.0371107453125 0.0154413375 0.05693530625 0.0205016453125 0.0585763890625 0.009495614062500001 0.0389345765625 0.0050520828125
1 0.037445175000000004 0.014501096875 0.03525219375 0.025575657812500003 0.05603435624999999 0.03058388125 0.0578947375 0.01943530625 0.037445175000000004 0.014501096875
1 0.0262975140625 0.0290570171875 0.0258077484375 0.0409429828125 0.0471308484375 0.042105262500000004 0.04767909375 0.029797148437499997 0.0262975140625 0.0290570171875
1 0.02177814375 0 0.017415935937499998 0.0033442984374999997 0.026461989062500003 0.03251370625 0.03196271875 0.027165570312499998 0.0231377921875 0 0.02177814375 0
1 0.0247076015625 0.043448465625 0.024597953125 0.032428728125 0.0029861109375 0.034092653125 0.0028326015625 0.044928728125 0.0247076015625 0.043448465625
1 0.027302631249999997 0.053125 0.0266081875 0.0411732453125 0.005062134375 0.04451754375 0.0057200296875 0.0567434203125 0.027302631249999997 0.053125
1 0.8194700296875 0.8149945171875 0.821820175 0.8192708328125 0.8259685671874999 0.8111293859375 0.8235380109375001 0.8072368421875 0.8194700296875 0.8149945171875
1 0.8171911546875 0.8152220390625 0.8200292390625 0.8175712718750001 0.822203946875 0.8089638156250001 0.8194992687499999 0.806688596875 0.8171911546875 0.8152220390625
1 0.5401133046875 0.751918859375 0.537079678125 0.7515350875 0.53676900625 0.7609375 0.5398940062500001 0.761266446875 0.5401133046875 0.751918859375
0 0.49444444374999996 0.75386513125 0.4964528515625 0.7426425437499999 0.48414290937500004 0.734643640625 0.48190789531249995 0.7452302625 0.49444444374999996 0.75386513125
1 0.446712353125 0.80214638125 0.44561403437499997 0.8013980265624999 0.4441812859375 0.80907620625 0.445257675 0.8096929828125001 0.446712353125 0.80214638125
0 0.44554093593750005 0.8120394734374999 0.45003655 0.8141721484375 0.45231542343750003 0.8014035093749999 0.4476297515625 0.7992680921875001 0.44554093593750005 0.8120394734374999
1 0.36297331875 0.8492680921875 0.3640478796875 0.85016995625 0.365948465625 0.8436650218749999 0.3648720765625 0.8427631578125 0.36297331875 0.8492680921875
1 0.36313048281250004 0.847557565625 0.3620230265625 0.8469407890625 0.360535453125 0.8534457234374999 0.3616118421875 0.8542516453125 0.36313048281250004 0.847557565625
1 0.3147112578125 0.97399396875 0.31579312812500004 0.97399396875 0.3154495609375 0.9668722593749999 0.3143421046875 0.96699013125 0.3147112578125 0.97399396875
0 0.230232090625 0.946729715625 0.22506761718749999 0.9454194078124999 0.2233972953125 0.9658141453125 0.228600146875 0.9674643640625 0.230232090625 0.946729715625
0 0.2376827484375 0.946820175 0.2326571640625 0.944873903125 0.2303070171875 0.9612417765625001 0.23521564375 0.9634868421875 0.2376827484375 0.946820175
0 0.2372624265625 0.963623903125 0.24223318749999997 0.9657620609374999 0.2442288015625 0.948336075 0.23925438593749998 0.946518640625 0.2372624265625 0.963623903125
0 0.24526315781250002 0.9667132671875001 0.2498903515625 0.96951754375 0.252543859375 0.9518530703125 0.24789108125 0.949575109375 0.24526315781250002 0.9667132671875001
0 0.2550767546875 1 0.255034721875 0.9969846484374999 0.2505738296875 0.9968201750000001 0.25059576093749997 1 0.2550767546875 1
0 0.24927631562500002 1 0.24928728125 0.99758771875 0.2451937140625 0.9974780703125001 0.2451388890625 1 0.24927631562500002 1
1 0.2751096484375 1 0.2764254390625 0.9961896937500001 0.271454678125 0.99150219375 0.26998720781249996 0.9954961625 0.2751096484375 1
1 0.27214912343750003 0.9848684203125 0.2707821640625 0.9893859656249999 0.2763523390625 0.9946546046875 0.27771381562499997 0.990145284375 0.27214912343750003 0.9848684203125
1 0.2826991953125 0.9915268640624999 0.2834612578125 0.987143640625 0.2775822375 0.9840899125 0.2768969296875 0.9883607453125001 0.2826991953125 0.9915268640624999
0 0.27732090625 0.9578947375 0.2765350875 0.9662554828125 0.2872277046875 0.9695833328125 0.287828946875 0.9608004390625 0.27732090625 0.9578947375
0 0.2726845765625 0.9391282890625 0.271867690625 0.9468804828125 0.2842105265625 0.95115405625 0.2847898390625 0.9430043859374999 0.2726845765625 0.9391282890625
0 0.2789619890625 0.9203070171875 0.2783991234375 0.927001096875 0.287554825 0.9288103062499999 0.287975146875 0.9220120609375 0.2789619890625 0.9203070171875
0 0.2904788015625 0.91875 0.2909046046875 0.9110553734375 0.2799707609375 0.9084703953125001 0.27947185625 0.915953946875 0.2904788015625 0.91875
0 0.30449561406250003 0.8858552625 0.2997076015625 0.8841557015625 0.29733918125000003 0.9020010968750001 0.30221125781249997 0.9038925437499999 0.30449561406250003 0.8858552625
0 0.2989583328125 0.8793037281249999 0.29455409375 0.8774945171875 0.2919225140625 0.8957785093749999 0.296491228125 0.898108553125 0.2989583328125 0.8793037281249999
1 0.3165387421875 0.8588267546875 0.3088084796875 0.8561951750000001 0.3025584796875 0.90548245625 0.31017909375 0.9088267546875001 0.3165387421875 0.8588267546875
0 0.305953946875 0.8361979171874999 0.3013706140625 0.834731359375 0.29905519062499997 0.8526178734375 0.303991228125 0.85433388125 0.305953946875 0.8361979171874999
0 0.29212719374999996 0.8324890343750001 0.287445175 0.8309758765625 0.28544590625 0.8498190796875 0.2901918859375 0.851151315625 0.29212719374999996 0.8324890343750001
0 0.26290204687499996 0.842242325 0.267525584375 0.8436403515625001 0.2686293859375 0.8284512062499999 0.2642616953125 0.8276918859375 0.26290204687499996 0.842242325
0 0.25393092031250003 0.84602521875 0.2592105265625 0.8468475874999999 0.25976608125 0.8301644734375 0.254616228125 0.82961896875 0.25393092031250003 0.84602521875
0 0.24628289531249997 0.8138952843749999 0.24571271874999998 0.8204468203124999 0.2591557015625 0.8229166671874999 0.2595394734375 0.8157072375000001 0.24628289531249997 0.8138952843749999
1 0.2248720765625 0.6519380484374999 0.22454312812500002 0.6565515343749999 0.2305738296875 0.6578399125 0.23088450312500003 0.653125 0.2248720765625 0.6519380484374999
1 0.30566155 0.5533004390625 0.3053983921875 0.554799890625 0.308766446875 0.556063596875 0.30897660781249997 0.5546436406249999 0.30566155 0.5533004390625
1 0.309713084375 0.6149232453125 0.3108552625 0.6153508765625 0.31160818749999997 0.6078645828125 0.310535453125 0.6075794953125 0.309713084375 0.6149232453125
0 0.3946911546875 0.6558086624999999 0.389455409375 0.655126096875 0.38802266093750004 0.6750219296875 0.393251096875 0.6759292765625 0.3946911546875 0.6558086624999999
0 0.4521929828125 0.6670504390625001 0.44762426875 0.6662554828125 0.4461915203125 0.685241228125 0.45091374218749997 0.6860745609375 0.4521929828125 0.6670504390625001
1 0.526239034375 0.6080455046875 0.5282291671875 0.610457784375 0.5285946640625 0.6096628296875 0.5266045328125 0.607360196875 0.526239034375 0.6080455046875
1 0.5278563593750001 0.63457236875 0.527242325 0.64144736875 0.5404221484375 0.6454934203125 0.5410142546875 0.637828946875 0.5278563593750001 0.63457236875
1 0.5248538015624999 0.6435581140625 0.52414108125 0.6514254390625001 0.542616959375 0.6556743421875 0.5431688593749999 0.647741228125 0.5248538015624999 0.6435581140625
1 0.5234429828125 0.6521107453125 0.5226973687500001 0.66022478125 0.541224415625 0.6641145828125 0.5419206875 0.6559731359375001 0.5234429828125 0.6521107453125
0 0.488605628125 0.6642324562499999 0.4839437140625 0.663903509375 0.4830957609375 0.6829495609375 0.487722953125 0.6836403515625 0.488605628125 0.6642324562499999
1 0.5077540203125 0.667033990625 0.5013523390625 0.6635142546874999 0.49355811406249994 0.699331140625 0.5005665203125 0.7037280703125 0.5077540203125 0.667033990625
0 0.512975146875 0.6717653515625 0.5086988296875 0.669846490625 0.5061184203125 0.6833717109374999 0.510508040625 0.6856907890625 0.512975146875 0.6717653515625
1 0.5105628656250001 0.6881578953124999 0.5054459062500001 0.685581140625 0.5018274859375 0.705071271875 0.50696271875 0.7075932015624999 0.5105628656250001 0.6881578953124999
1 0.5132913015625 0.6964309203125 0.5103983921874999 0.694873903125 0.5082346484375 0.70425986875 0.5112207609375 0.7060581140625 0.5132913015625 0.6964309203125
0 0.5171966375 0.6771107453125 0.5124451750000001 0.67582236875 0.5103691515625 0.6950000000000001 0.515259503125 0.696875 0.5171966375 0.6771107453125
0 0.5449652781250001 0.706192434375 0.5443165203125 0.6998903515625 0.5361366953125 0.701123903125 0.5365972218749999 0.7075027406250001 0.5449652781250001 0.706192434375
1 0.5286549703125 0.7112390343749999 0.5295869890625 0.704742325 0.520760234375 0.7009594296875 0.5197916671875 0.7073218203125 0.5286549703125 0.7112390343749999
0 0.544919590625 0.69608004375 0.54915935625 0.69756030625 0.550882675 0.6820230265625 0.54677814375 0.6808333328125 0.544919590625 0.69608004375
1 0.5728636703125 0.6502850875 0.567671784375 0.64915021875 0.5658077484375 0.6765981359375 0.5711988296875 0.6778234656250001 0.5728636703125 0.6502850875
0 0.6580774859375 0.7138157890625 0.6533808484375 0.7122532890625 0.651661184375 0.7298410093750001 0.6563961984375 0.7314418859375 0.6580774859375 0.7138157890625
0 0.663731725 0.7174479171875 0.6591557015625 0.7158991234375 0.6574744156250001 0.7287280703125 0.6622076015625 0.7305071265625 0.663731725 0.7174479171875
0 0.6706871343749999 0.7106907890625 0.6662463453125 0.71008771875 0.6655847953125 0.7256907890625001 0.67008771875 0.7263843203125 0.6706871343749999 0.7106907890625
0 0.68674159375 0.7157319078125 0.68207236875 0.7141995609375 0.6806469296875 0.72881030625 0.6853618421875 0.7302083328125 0.68674159375 0.7157319078125
0 0.8445906437499999 0.6307565796875 0.8505665203125 0.6323190796875 0.851973684375 0.61491228125 0.8462171046875 0.613678728125 0.8445906437499999 0.6307565796875
0 0.83297331875 0.6187006578124999 0.8284356718750001 0.6177083328124999 0.8268092109375 0.6356907890625 0.8314510234375 0.63678728125 0.83297331875 0.6187006578124999
0 0.82415935625 0.625054825 0.8194992687499999 0.623766446875 0.818311403125 0.6392543859375001 0.8231359656249999 0.6404605265625001 0.82415935625 0.625054825
1 0.7553271203125 0.6044846484375 0.7562225875 0.6038294953125 0.7545906437500001 0.5989336625 0.7537408625 0.5997615125 0.7553271203125 0.6044846484375
1 0.7475328953125 0.5960471484375 0.7466374265625 0.5961156796875 0.7467836250000001 0.6016995609375 0.7476480265625 0.601702303125 0.7475328953125 0.5960471484375
1 0.7517964187499999 0.596206140625 0.751078215625 0.5961074562500001 0.7509685671875 0.6006195171875001 0.7517269734375 0.6006524125 0.7517964187499999 0.596206140625
1 0.750875365625 0.5961705046875 0.750025584375 0.596137609375 0.7499798984375 0.6008607453125 0.75085891875 0.6009594296875 0.750875365625 0.5961705046875
1 0.7497258765625 0.59616228125 0.7488523390624999 0.5961705046875 0.748739034375 0.6013432015625 0.7496125734375 0.601307565625 0.7497258765625 0.59616228125
1 0.7670869890625001 0.5980263156250001 0.7659886703125001 0.5976178734375 0.7650694437500001 0.6043421046875 0.7661549703125 0.6047971484375 0.7670869890625001 0.5980263156250001
1 0.766100146875 0.59758771875 0.7648629390624999 0.5970339906250001 0.7639418859375 0.6038267546875 0.765186403125 0.6044133765625 0.766100146875 0.59758771875
1 0.7648446640625 0.5971381578125 0.7636312140625 0.5966008765625 0.762721125 0.6033854171875 0.7639345765625001 0.604007675 0.7648446640625 0.5971381578125
1 0.7636147656250001 0.5964638156250001 0.7623538015625 0.5958607453125 0.761330409375 0.6025767546874999 0.7625767546875 0.6032620609375 0.7636147656250001 0.5964638156250001
1 0.7680921046875 0.606578946875 0.7668073828125 0.6061266453124999 0.76570358125 0.61319353125 0.76699013125 0.613780153125 0.7680921046875 0.606578946875
1 0.7658662281249999 0.6073190796875 0.7648391812499999 0.6067434203125 0.763821271875 0.6136979171875 0.7648099421875 0.6141118421875 0.7658662281249999 0.6073190796875
1 0.764705775 0.6072258765625 0.763633040625 0.6064967109375 0.7627558484375 0.6126644734375 0.76385599375 0.6133991234375 0.764705775 0.6072258765625
1 0.7476297515625 0.654703946875 0.747498171875 0.6572368421875 0.75233918125 0.658223684375 0.7524963453125 0.655696271875 0.7476297515625 0.654703946875
1 0.7484576015625 0.6441282890625 0.7482638890625 0.646518640625 0.754018640625 0.6478508765625001 0.754221490625 0.6453673249999999 0.7484576015625 0.6441282890625
1 0.7624616234375 0.60525219375 0.7613596484375 0.6055975874999999 0.7622094296874999 0.612700109375 0.7632894734375 0.612288925 0.7624616234375 0.60525219375
1 0.753517909375 0.6543256578125 0.7539875734375 0.6476644734375 0.748830409375 0.6463541671875 0.7482821640624999 0.6528508765625001 0.753517909375 0.6543256578125
1 0.754367690625 0.6407346484375 0.748302265625 0.6397834437500001 0.7482730265625 0.64243146875 0.7543421046875001 0.6430921046875 0.754367690625 0.6407346484375
1 0.75511513125 0.6389555921875 0.7495157156250001 0.636266446875 0.749018640625 0.638623903125 0.7547021203125001 0.6414364031249999 0.75511513125 0.6389555921875
1 0.750177265625 0.6329961625 0.7499561406249999 0.6359758765625 0.75608004375 0.6379194078125 0.7563779234375 0.6349506578125 0.750177265625 0.6329961625
0 0.759044225 0.609945175 0.7545504390625 0.6109375 0.7561312140625 0.6273245609375 0.7604678359375 0.62603344375 0.759044225 0.609945175
0 0.7966191515625 0.60553728125 0.7927686406250001 0.6052987937500001 0.792562134375 0.6199013156250001 0.7964619890625 0.620016446875 0.7966191515625 0.60553728125
0 0.80229349375 0.6046628296875001 0.79760599375 0.6045504390625001 0.797805190625 0.6218804828125 0.80241228125 0.6216447375 0.80229349375 0.6046628296875001
0 0.7853709796875 0.60209978125 0.7804385968750001 0.601702303125 0.7797441515625 0.6183881578125 0.784841009375 0.618834978125 0.7853709796875 0.60209978125
1 0.7775219296875 0.6005208328125 0.7733552625 0.5993695171875 0.7721966375 0.6097478062499999 0.7764035093749999 0.611137609375 0.7775219296875 0.6005208328125
0 0.7751827484375 0.63662280625 0.7763139625 0.6290679828125 0.7648611109375001 0.624051534375 0.763669590625 0.6314007671875 0.7751827484375 0.63662280625
1 0.7796582609375 0.6257894734375 0.7759137421875 0.626233553125 0.7764071640625 0.6367050437499999 0.780153509375 0.6363185312499999 0.7796582609375 0.6257894734375
0 0.7903691515625 0.6629934203125 0.7908260234375 0.6557565796875 0.7788797515625 0.6535663375 0.7783077484375001 0.6609100875 0.7903691515625 0.6629934203125
0 0.8144371343750001 0.69459978125 0.8146747078125 0.68829495625 0.8054349421874999 0.6869161187499999 0.805098684375 0.6932291671875 0.8144371343750001 0.69459978125
0 0.8022478062499999 0.6747258765625 0.8012792390625 0.681633771875 0.8126041671875001 0.6847505484374999 0.8135051171875001 0.677686403125 0.8022478062499999 0.6747258765625
0 0.7997277046875 0.6808799343749999 0.8008095765625001 0.6741557015625 0.791885965625 0.670257675 0.7908095765625001 0.67701754375 0.7997277046875 0.6808799343749999
0 0.79109831875 0.690723684375 0.7903033625 0.6980729171875 0.8020888156250001 0.7017955046875 0.8028691515625 0.69446271875 0.79109831875 0.690723684375
0 0.783357090625 0.70086896875 0.783274853125 0.70860745625 0.7946399859375 0.7082757671875 0.7945851609375 0.700995065625 0.783357090625 0.70086896875
0 0.795632309375 0.7020559203125 0.7956889625 0.70910361875 0.8074396937499999 0.7091447375000001 0.8075840640624999 0.702028509375 0.795632309375 0.7020559203125
0 0.8858187140625 0.7365405703125 0.88819444375 0.730921053125 0.8817251468749999 0.7223135968750001 0.8794389625000001 0.7278947375 0.8858187140625 0.7365405703125
0 0.8592726609374999 0.73066611875 0.8641081875 0.73209978125 0.865696271875 0.71477521875 0.8609612578125001 0.713536184375 0.8592726609374999 0.73066611875
0 0.853481359375 0.7298711625000001 0.858346125 0.731063596875 0.8599031437500001 0.7149753296875 0.85506944375 0.7140323468750001 0.853481359375 0.7298711625000001
0 0.8465350875000001 0.7286842109375 0.8510416671875 0.7292763156250001 0.8521016078124999 0.71016995625 0.84758771875 0.709676534375 0.8465350875000001 0.7286842109375
0 0.7951388890625 0.7219846484375 0.795723684375 0.7292763156250001 0.8079861109375001 0.7260142546874999 0.8073647656249999 0.7187225875000001 0.7951388890625 0.7219846484375
1 0.8215460531250001 0.620696271875 0.8280153515625001 0.622231359375 0.830277778125 0.5963980265625 0.8235508046875 0.595057565625 0.8215460531250001 0.620696271875
1 0.7814144734374999 0.7138432015625 0.7816483921875 0.722653509375 0.7996838453125 0.71991228125 0.7993658625 0.7114501093750001 0.7814144734374999 0.7138432015625
1 0.7774269 0.73805646875 0.7784283624999999 0.7466365125000001 0.7965899125 0.7421299343750001 0.7953965640625 0.73347861875 0.7774269 0.73805646875
0 0.7598172515625 0.7238678734375 0.755043859375 0.7233278515625 0.7545339906249999 0.741206140625 0.759429825 0.741721490625 0.7598172515625 0.7238678734375
0 0.753426534375 0.73504111875 0.7488578218749999 0.73394736875 0.7471308484375 0.7516721484375 0.7518640343749999 0.7531524125 0.753426534375 0.73504111875
0 0.7513157890625 0.776864034375 0.7515350875 0.768226425 0.7375 0.7662280703125 0.737052265625 0.774846490625 0.7513157890625 0.776864034375
0 0.7677997078125001 0.7774205046875 0.769115496875 0.7707236843749999 0.7596491234375 0.764117325 0.7583333328124999 0.7707182015625 0.7677997078125001 0.7774205046875
0 0.84038194375 0.820594846875 0.8349963453125 0.8187774125 0.8328801171875 0.8378070171875001 0.83850694375 0.8398766453125001 0.84038194375 0.820594846875
0 0.8506524125 0.778936403125 0.844937865625 0.7780701750000001 0.8437408625 0.795145284375 0.849579678125 0.79610745625 0.8506524125 0.778936403125
0 0.8998940062499999 0.8182209437499999 0.89465095 0.81774396875 0.8936567984374999 0.837645284375 0.8989400578125 0.8388432015625 0.8998940062499999 0.8182209437499999
0 0.9079184937500001 0.8236430921875 0.9018092109375001 0.82264254375 0.9008863296875 0.8416968203125 0.9071637421875 0.842828946875 0.9079184937500001 0.8236430921875
0 0.9748062859375001 0.790852521875 0.980168128125 0.7912993421875 0.9812280703124999 0.7747642546875 0.9761293859375 0.774514803125 0.9748062859375001 0.790852521875
0 0.941812865625 0.7915844296875 0.9415021937500001 0.7990131578125 0.9528874265624999 0.7999177625 0.9530884500000001 0.792516446875 0.941812865625 0.7915844296875
0 0.953033625 0.7885690796875 0.9533991234375 0.781195175 0.9424159359375001 0.7802083328125 0.9420138890624999 0.7875822375 0.953033625 0.7885690796875
1 0.9181652046875 0.72285361875 0.9179385968749999 0.7320833328125 0.9403143281249999 0.7338541671875001 0.9405336249999999 0.72423245625 0.9181652046875 0.72285361875
1 0.0464948828125 0.469092653125 0.0466264625 0.47114857499999996 0.0509320171875 0.47020285156249997 0.050793128124999996 0.4681441890625 0.0464948828125 0.469092653125
1 0.034082601562499995 0.468467653125 0.034303728125 0.47028234687500003 0.039418859375 0.4686403515625 0.0391940796875 0.46692982499999997 0.034082601562499995 0.468467653125
1 0.1297386703125 0.4913788375 0.130213815625 0.486395284375 0.125751096875 0.485158990625 0.12527595 0.49009594375 0.1297386703125 0.4913788375
1 0.1065405703125 0.48048245625 0.105741959375 0.48680646875000005 0.1118183484375 0.4884594296875 0.112653509375 0.48219298281249995 0.1065405703125 0.48048245625
1 0.5160489765625 0.5388157890625 0.5161915203125 0.53681469375 0.5107638890625 0.5363157890625 0.5106103796875 0.5383552625 0.5160489765625 0.5388157890625
1 0.5453764624999999 0.53358004375 0.5453691515625 0.5351891453125 0.54897478125 0.5351507671875 0.549000365625 0.5335718203125001 0.5453764624999999 0.53358004375
1 0.6306158625 0.544533990625 0.6306469296875 0.5424479171875001 0.6254678359375 0.5424479171875001 0.6254678359375 0.544533990625 0.6306158625 0.544533990625
1 0.6684283625 0.5368503296875 0.6684283625 0.5351918859375 0.6643274859375 0.5352796046875 0.6643238296875 0.5369928734375 0.6684283625 0.5368503296875
1 0.789429825 0.555479715625 0.7894042390625 0.5573355265625 0.7936403515625 0.5576891453124999 0.7937189328125 0.55579495625 0.789429825 0.555479715625
1 0.7354788015625 0.525139803125 0.7354130109375 0.5275740124999999 0.7413779234375 0.5281003296875 0.7414217843750001 0.525567434375 0.7354788015625 0.525139803125
1 0.73138340625 0.520627740625 0.731330409375 0.5232730265625001 0.7363852343749999 0.5235197375 0.7364345765625 0.5209046046875 0.73138340625 0.520627740625
1 0.7055190062500001 0.5150493421875 0.7055336249999999 0.517510965625 0.7103362578125 0.517741228125 0.7103801171875 0.5152083328125 0.7055190062500001 0.5150493421875
1 0.8604897656249999 0.5431195171875001 0.8600328953125 0.5514528515625 0.8737518281250001 0.5538596484375 0.87417763125 0.545367325 0.8604897656249999 0.5431195171875001
0 0.8526133046875 0.5309210531249999 0.8521235375 0.5376754390625 0.86165935625 0.539901315625 0.8620394734374999 0.5328892546875 0.8526133046875 0.5309210531249999
0 0.7453947375000001 0.5115131578125001 0.744919590625 0.5182565796875 0.7552266078125001 0.520641446875 0.7556834796875 0.513623903125 0.7453947375000001 0.5115131578125001
0 0.6922331875000001 0.5190158984375 0.6920869890625 0.52584978125 0.704705775 0.5265953953125 0.704705775 0.5197258765625 0.6922331875000001 0.5190158984375
0 0.6722258765625 0.5045559203125001 0.6719883046875 0.5118256578125 0.6845065796875 0.5129769734375 0.684703946875 0.5052796046875 0.6722258765625 0.5045559203125001
0 0.67582236875 0.5177083328125 0.675687134375 0.524542215625 0.6861220765625 0.5250904609375 0.6861293859375001 0.5182017546875 0.67582236875 0.5177083328125
0 0.656304825 0.5190241234374999 0.6560124265625 0.526178728125 0.66794590625 0.5265625 0.6681652046875 0.51946271875 0.656304825 0.5190241234374999
0 0.6533991234375 0.506304825 0.6532711984375 0.512856359375 0.66253655 0.5131304828125 0.6625731 0.5064692984375 0.6533991234375 0.506304825
0 0.6404385968749999 0.5175246703124999 0.6402796046875 0.5247231359375 0.652437865625 0.525158990625 0.652516446875 0.5177604171875 0.6404385968749999 0.5175246703124999
0 0.6226059937499999 0.5166940796875 0.6224250734375001 0.5237390343749999 0.633554459375 0.52449013125 0.6337646203125 0.5172094296874999 0.6226059937499999 0.5166940796875
0 0.60625 0.516858553125 0.6060672515625 0.5242571265625 0.6173026312500001 0.5246134875 0.617408625 0.51701754375 0.60625 0.516858553125
0 0.6083881578125 0.5046052624999999 0.608296784375 0.5117324562500001 0.6204130109375 0.5122258765625001 0.6205153515624999 0.504969846875 0.6083881578125 0.5046052624999999
0 0.580939328125 0.504303728125 0.5807383046875 0.5112116234374999 0.59304641875 0.5117324562500001 0.5931834796875 0.5046326750000001 0.580939328125 0.504303728125
0 0.5658442984375001 0.5046052624999999 0.5654221484375 0.5122149125 0.578411915625 0.5134100875 0.5787463453125 0.5057565796875 0.5658442984375001 0.5046052624999999
1 0.5924342109375 0.5134320171875 0.5926224421875 0.5152878296875001 0.5961038015625 0.5143393640625 0.5959448093749999 0.5124780703125 0.5924342109375 0.5134320171875
1 0.599349415625 0.51274396875 0.599634503125 0.5149945171875 0.60383771875 0.5134868421875 0.6034868421875 0.5112417765624999 0.599349415625 0.51274396875
1 0.58961805625 0.513421053125 0.584142909375 0.5132319078124999 0.5841739765625 0.5156524124999999 0.5896016078125 0.5158442984375 0.58961805625 0.513421053125
1 0.5669590640625 0.5147203953124999 0.5666301171875 0.5236019734374999 0.5856542390625 0.5250191890625 0.5858132312500001 0.51618969375 0.5669590640625 0.5147203953124999
1 0.46656798281249995 0.50300986875 0.46611111093749996 0.5114391453125 0.48293676874999997 0.5135471484374999 0.4832017546875 0.505172696875 0.46656798281249995 0.50300986875
1 0.44960160781249997 0.5029303734374999 0.44919590625000005 0.510608553125 0.46159722187499996 0.5118530703124999 0.46188230937499997 0.5042105265625 0.44960160781249997 0.5029303734374999
0 0.53199926875 0.5000274124999999 0.531706871875 0.5069078953124999 0.542653509375 0.5081441890625 0.542757675 0.501260965625 0.53199926875 0.5000274124999999
0 0.5185855265625 0.497203946875 0.5182017546875 0.504385965625 0.53043676875 0.5066666671875 0.5307273390625 0.499229715625 0.5185855265625 0.497203946875
0 0.50392909375 0.4953399125 0.5034173984375 0.50241228125 0.5158278515625 0.50506030625 0.5161184203125 0.49780701718750003 0.50392909375 0.4953399125
0 0.5357108921875 0.511546053125 0.5353947375 0.51787280625 0.544570540625 0.519221490625 0.5448903515625 0.51300986875 0.5357108921875 0.511546053125
0 0.5191885968750001 0.5099780703125 0.5187317250000001 0.5177768640625 0.5321619156249999 0.5192845390625 0.532419590625 0.5114583328125 0.5191885968750001 0.5099780703125
0 0.5043366234375 0.5071875 0.504051534375 0.51483004375 0.5153179828125001 0.5163020828125 0.5154769734375 0.5084703953124999 0.5043366234375 0.5071875
0 0.4890844296875 0.5056167765625 0.48873720781249996 0.5124533984374999 0.50079495625 0.513876096875 0.5010416671875 0.5071271937499999 0.4890844296875 0.5056167765625
0 0.48127558437499995 0.491790021875 0.4806816515625 0.49887883750000006 0.4925054828125 0.501450109375 0.4929678359375 0.49386787343750005 0.48127558437499995 0.491790021875
0 0.46514619843749994 0.48964912343749994 0.46472953281249996 0.4969407890625 0.4768439328125 0.49933388125 0.47718567187499994 0.4916995609375 0.46514619843749994 0.48964912343749994
0 0.43737207656250005 0.4881578953125 0.43676900625000004 0.4947094296875 0.4474415203125 0.496518640625 0.44771929843749997 0.4898793859375 0.43737207656250005 0.4881578953125
0 0.405926534375 0.4959841015625 0.405420321875 0.5031990125 0.4171966375 0.5051809203125 0.417507309375 0.49764254374999994 0.405926534375 0.4959841015625
0 0.35963267499999996 0.4883908984375 0.358945540625 0.4950356359375 0.37044590624999996 0.4970942984375 0.37097587656250003 0.48997258749999995 0.35963267499999996 0.4883908984375
0 0.391812865625 0.4790844296875 0.391178728125 0.486831140625 0.405535453125 0.48950657968750005 0.405990496875 0.48158991249999994 0.391812865625 0.4790844296875
0 0.377408625 0.4773656796875 0.376937134375 0.4846217109375 0.38778874218750004 0.4862883765625 0.38813596562499997 0.47888432031250006 0.377408625 0.4773656796875
0 0.36334064375 0.475479715625 0.36270650625 0.48255482499999997 0.37368969375 0.484120065625 0.3741008765625 0.4766666671875 0.36334064375 0.475479715625
0 0.34518823125 0.4727467109375 0.344524853125 0.4808168859375 0.3569937859375 0.48290570156249996 0.3575639625 0.47435855312499997 0.34518823125 0.4727467109375
0 0.3296655703125 0.47122532968749997 0.329000365625 0.479202303125 0.34207236875 0.4816694078125 0.34261695937500003 0.4732182015625 0.3296655703125 0.47122532968749997
0 0.3162993421875 0.46953125 0.31563596562499996 0.4762719296875 0.326142178125 0.47793311406249994 0.326617325 0.47086622812499995 0.3162993421875 0.46953125
0 0.2990058484375 0.46646929843749996 0.2982072375 0.47484374999999995 0.3106652046875 0.4772368421875 0.3112719296875 0.468577303125 0.2990058484375 0.46646929843749996
0 0.2783077484375 0.46359649062499997 0.27767909375 0.4709155703125 0.289652778125 0.4733305921875 0.2900219296875 0.465625 0.2783077484375 0.46359649062499997
1 0.4172697375 0.40093201718750004 0.41778326093749996 0.3947505484375 0.41012426875 0.394133771875 0.4096491234375 0.40024671093749997 0.4172697375 0.40093201718750004
1 0.771864034375 0.46171875 0.772277046875 0.45509868437499995 0.7641081875 0.453179825 0.7636220765624999 0.4601233546875 0.771864034375 0.46171875
1 0.6280317984375 0.5065679828125 0.6278508765625 0.5125 0.6353983921874999 0.5127741234375 0.6356012421874999 0.5067653515625 0.6280317984375 0.5065679828125
1 0.5902978796875 0.5168393640625 0.5903326015625 0.522341009375 0.59761513125 0.5225767546875 0.5975054828124999 0.5170367328125 0.5902978796875 0.5168393640625
1 0.43631213437499994 0.501973684375 0.4360562859375 0.5071820171875 0.44265350937500003 0.5080592109375 0.4428362578125 0.5027138156250001 0.43631213437499994 0.501973684375
1 0.421546053125 0.49923245625 0.42128837656250007 0.5048245609374999 0.4291374265625 0.50558388125 0.429367690625 0.5001370609375 0.421546053125 0.49923245625
1 0.3205409359375 0.48182565781250003 0.3202668125 0.48681469374999997 0.3276388890625 0.4879029609375 0.32786184218750003 0.48287280624999995 0.3205409359375 0.48182565781250003
1 0.301937134375 0.4843475875 0.301849415625 0.4893283984375 0.3085581140625 0.48975603124999995 0.3086842109375 0.48481907968750004 0.301937134375 0.4843475875
1 0.2782529234375 0.480098684375 0.2779605265625 0.48527960468750003 0.284850146875 0.48634868437499995 0.28516081875 0.48119517500000003 0.2782529234375 0.480098684375
1 0.25448282187500004 0.4765707234375 0.2544042390625 0.480921053125 0.26081323125 0.4815158984375 0.26081323125 0.4771244515625 0.25448282187500004 0.4765707234375
0 0.256578946875 0.4626370609375 0.25626462031249997 0.46961622812500003 0.26556103750000004 0.47090186406249995 0.26593384531250003 0.4637828953125 0.256578946875 0.4626370609375
0 0.23525219375 0.46148574531250003 0.23508771875 0.4682565796875 0.24482821562499998 0.469106359375 0.244883040625 0.4622258765625 0.23525219375 0.46148574531250003
0 0.22090643281250003 0.4689418859375 0.2205043859375 0.4767817984375 0.23154239843750002 0.4787280703125 0.2318896203125 0.47075109687500005 0.22090643281250003 0.4689418859375
0 0.21277960468749998 0.456077303125 0.212713815625 0.46250548281250004 0.22227339218750003 0.46313322343749996 0.2222076015625 0.4568366234375 0.21277960468749998 0.456077303125
0 0.188706140625 0.4546875 0.18865131562499998 0.4611842109375 0.1985014625 0.46181469374999995 0.1985014625 0.455323465625 0.188706140625 0.4546875
0 0.1978252921875 0.4657346484375 0.19758771875 0.4732182015625 0.2088084796875 0.47469846562500007 0.209027778125 0.46721491249999997 0.1978252921875 0.4657346484375
0 0.179446271875 0.464375 0.1789400578125 0.4712116234375 0.1901114765625 0.4727796046875 0.19049159375 0.4655619515625 0.179446271875 0.464375
0 0.1697459796875 0.4535553734375 0.1696929828125 0.4599259875 0.179873903125 0.4602028515625 0.1799269 0.45367598750000004 0.1697459796875 0.4535553734375
0 0.1572386703125 0.4606907890625 0.15681652031249999 0.4675328953125 0.16807931250000002 0.4698684203125 0.1684228796875 0.46274671093749997 0.1572386703125 0.4606907890625
0 0.13238852343750002 0.4512033984375 0.13209064375 0.45844298281249996 0.1430226609375 0.45917763125000005 0.1431743421875 0.45182839843749995 0.13238852343750002 0.4512033984375
0 0.1290387421875 0.4405975875 0.12816155 0.44797149062499997 0.137828946875 0.45054824531250004 0.13859649062499999 0.4432565796875 0.1290387421875 0.4405975875
0 0.1034173984375 0.446096490625 0.10241228124999999 0.4534155703125 0.11337719375 0.4573190796875 0.11414473750000001 0.449616228125 0.1034173984375 0.446096490625
0 0.075328946875 0.42807017500000005 0.0743238296875 0.43538925468749995 0.08446637500000001 0.4391721484375 0.08536184218750001 0.43155153437499993 0.075328946875 0.42807017500000005
0 0.0213450296875 0.4243969296875 0.020705409375 0.43188048281249997 0.0314144734375 0.43445723750000004 0.03199926875 0.4265350875 0.0213450296875 0.4243969296875
0 0 0.5124780703125 0.001864034375 0.512938596875 0.0028399125 0.5006304828125 0 0.49945175468749997 0 0.5124780703125
0 0 0.53646655625 0.0025950296875 0.5268092109375 0 0.5248766453125 0 0.53646655625
0 0.003527046875 0.5282620609374999 0.0076754390625 0.5283717109375 0.00803728125 0.5127796046875 0.00398391875 0.5126918859375 0.003527046875 0.5282620609374999
1 0.1527558484375 0.9714007671875 0.1513888890625 0.96951754375 0.14850328906250002 0.9759594296874999 0.149908625 0.9780098687500001 0.1527558484375 0.9714007671875
0 0.040816885937500005 0.9187966015625 0.0388340640625 0.9125274125 0.03006944375 0.9202220390625 0.03177814375 0.926773575 0.040816885937500005 0.9187966015625
1 0.00003655 0.6892817984375 0 0.6990679828124999 0.0171783625 0.7013157890625 0.017251462500000002 0.6912554828124999 0.00003655 0.6892817984375
0 0.03 0.828407346875 0.026133040625 0.82428728125 0.021233553125 0.8386156796875 0.0249049703125 0.8429331140625 0.03 0.828407346875
1 0 0.8969956140625 0.00416849375 0.9015816890625 0.0114967109375 0.876559759375 0.0065241234374999995 0.8717105265624999 0 0.8935882671875 0 0.8969956140625
1 0.023079312499999997 0.878807565625 0.0171235375 0.87272478125 0.0081487578125 0.8957894734374999 0.014055190625 0.9021052624999999 0.023079312499999997 0.878807565625
1 0.018296784375 0.8512143640625001 0.012152778125 0.8466282890624999 0.00590095 0.869602521875 0.0119170328125 0.8744572375 0.018296784375 0.8512143640625001
1 0.03166849375 0.8532291671875001 0.026242690625 0.8478344296874999 0.018311403125 0.8713541671874999 0.02423245625 0.8770833328125001 0.03166849375 0.8532291671875001
1 0 0.7943421046875 0.0069042390625 0.798382675 0.00991228125 0.786831140625 0 0.7799533984375 0 0.7943421046875
1 0 0.7811458328125 0.0189692984375 0.787801534375 0.02009685625 0.775679825 0 0.7697697375 0 0.7811458328125
1 0 0.7697724781249999 0.0137097953125 0.772398575 0.0140899125 0.7617050437499999 0 0.759202303125 0 0.7697724781249999
1 0.027457967187499998 0.8466392546874999 0.0220760234375 0.8404879390625 0.013103070312500001 0.8646929828125 0.0184338453125 0.87015625 0.027457967187499998 0.8466392546874999
1 0.023680556250000002 0.827047696875 0.017616959374999998 0.8226151312500001 0.0122002921875 0.8457785093749999 0.018216375 0.849742325 0.023680556250000002 0.827047696875
1 0.048455775 0.786239034375 0.04951754375 0.7760416671875 0.035732821875 0.7705153515625 0.0346308484375 0.7802001093750001 0.048455775 0.786239034375
1 0.02569444375 0.8287554828125 0.02889254375 0.8165789468750001 0.005866228124999999 0.798821271875 0.002686403125 0.8104824562499999 0.02569444375 0.8287554828125
1 0.0310124265625 0.8188322375 0.033991228125 0.8057839906250001 0.009583332812500001 0.7881633765625 0.0068951015625 0.8008114031250001 0.0310124265625 0.8188322375
1 0.0385233921875 0.8104440796875 0.0407529234375 0.799616228125 0.017415935937499998 0.7837719296875 0.01478435625 0.7942708328125 0.0385233921875 0.8104440796875
1 0.0438231 0.80100603125 0.046271929687500005 0.789007675 0.0223684203125 0.773793859375 0.0199780703125 0.785010965625 0.0438231 0.80100603125
1 0.040347221875 0.771606359375 0.040533625000000004 0.76019736875 0.012097953125 0.7562225875 0.0115497078125 0.7677083328125 0.040347221875 0.771606359375
1 0.023664107812499998 0.75162280625 0.0271564328125 0.74136513125 0.0083150578125 0.722203946875 0.005062134375 0.7325932015625 0.023664107812499998 0.75162280625
1 0.053887060937499995 0.7435307015625 0.053521564062500006 0.7347121703124999 0.031100146875 0.7359429828125 0.0313779234375 0.74462719375 0.053887060937499995 0.7435307015625
1 0.0625091375 0.73415021875 0.0622807015625 0.7229440796875 0.035893640625 0.724375 0.0361677625 0.7349013156249999 0.0625091375 0.73415021875
1 0.0492909359375 0.723862390625 0.0494042390625 0.714065240625 0.0268457609375 0.7120696265625 0.0266922515625 0.7215844296875 0.0492909359375 0.723862390625
1 0.0534173984375 0.7109375 0.0537646203125 0.7009594296875 0.028159721874999998 0.69805646875 0.027741228125 0.70751370625 0.0534173984375 0.7109375
1 0.7689985375 0.61204495625 0.772364765625 0.612543859375 0.7729166671875001 0.604018640625 0.7695504390625 0.6036458328125 0.7689985375 0.61204495625
1 0.7669773390625 0.6211074562500001 0.7639437140625 0.6174342109375 0.7603033625 0.6256633765624999 0.763448465625 0.6299259875 0.7669773390625 0.6211074562500001
1 0.7577905703125001 0.6284320171875 0.7575420328125 0.6305427625 0.7623702484375 0.6320723687500001 0.7626187859375 0.6300054828125 0.7577905703125001 0.6284320171875
1 0.748329678125 0.6106990125 0.7482894734375 0.6051562500000001 0.7415387421874999 0.6050986843749999 0.741615496875 0.6106387062499999 0.748329678125 0.6106990125
1 0.7438322375 0.620635965625 0.747203946875 0.6214638156250001 0.747883771875 0.6109841015625 0.74462719375 0.6102083328125001 0.7438322375 0.620635965625
1 0.736403509375 0.6259594296875 0.7401498531249999 0.6214364031249999 0.73323099375 0.6055208328125 0.7294572375 0.609690240625 0.736403509375 0.6259594296875
0 0.049561403125 0.9708059203125 0.05106176875 0.9652741234375 0.044864765625000004 0.9591831140625 0.0434502921875 0.96472861875 0.049561403125 0.9708059203125
0 0.1472331875 0.461123903125 0.140018275 0.460411184375 0.1397331875 0.4654440796875 0.14698099375 0.4662033984375 0.1472331875 0.461123903125