1 0.8866228062499999 0.3306195171875 0.8796418125000001 0.32971491249999996 0.8791849421875 0.3564692984375 0.8859649125000001 0.3572916671875 0.8866228062499999 0.3306195171875
0 0.769106359375 0.6635855265624999 0.764501096875 0.660981359375 0.7609375 0.675948465625 0.7657986109375 0.678141446875 0.769106359375 0.6635855265624999
0 0.93210891875 1 0.9313596484375 0.9967105265624999 0.923739034375 1 0.93210891875 1
0 0.9237207609375 1 0.9304459062499999 0.9969846484374999 0.9290752921875001 0.989501096875 0.9201023390625 0.99298245625 0.92110745625 1 0.9237207609375 1
0 0.9272295328125001 0.990679825 0.926114765625 0.98352521875 0.9168676906250001 0.986266446875 0.9178545328125001 0.9940241234375 0.9272295328125001 0.990679825
0 0.9235562859374999 0.9845120609375 0.9229349421874999 0.9766721484374999 0.9115679828125 0.9788651312500001 0.9122076015625 0.9870339906250001 0.9235562859374999 0.9845120609375
0 0.8386513156250001 0.9797971484374999 0.8350328953125 0.9853070171875 0.8434393281249999 0.9972587718750001 0.8468201750000001 0.992132675 0.8386513156250001 0.9797971484374999
0 0.8213633046875 0.9591008765625 0.8181286546875001 0.96491228125 0.827759503125 0.9760690796875 0.8306103796875 0.9709703953125001 0.8213633046875 0.9591008765625
0 0.7978801171875001 0.9256030703125001 0.79462719375 0.9307565796875 0.8022478062499999 0.9402412281249999 0.805098684375 0.9354714906250001 0.7978801171875001 0.9256030703125001
0 0.81010599375 0.9341557015624999 0.8136147656249999 0.9283717109375 0.8036549703125001 0.91480263125 0.799908625 0.920696271875 0.81010599375 0.9341557015624999
1 0.7607638890625 0.87727521875 0.756633771875 0.8838541671875 0.7762627921874999 0.9086266453125 0.780007309375 0.901918859375 0.7607638890625 0.87727521875
0 0.24417032187499998 0.3424067984375 0.24841008750000002 0.3466557015625 0.25356359687499996 0.33506030625 0.24926900624999998 0.3310307015625 0.24417032187499998 0.3424067984375
0 0.2473866953125 0.35148026250000003 0.2512792390625 0.3563870609375 0.2587353796875 0.343311403125 0.254989034375 0.3385690796875 0.2473866953125 0.35148026250000003
0 0.310453215625 0.1854440796875 0.306706871875 0.190158990625 0.314418859375 0.2032620609375 0.31805555625 0.198382675 0.310453215625 0.1854440796875
0 0.28835891875 0.21513157968750002 0.2911732453125 0.22023026250000002 0.2986293859375 0.2111019734375 0.29554093593749997 0.205838815625 0.28835891875 0.21513157968750002
0 0.2853618421875 0.2095120609375 0.28824926875 0.21455592031249998 0.2955592109375 0.2056469296875 0.2923245609375 0.2002467109375 0.2853618421875 0.2095120609375
0 0.39139254375 0.370668859375 0.3939692984375 0.3766721484375 0.4034173984375 0.3669133765625 0.40076754374999995 0.3611293859375 0.39139254375 0.370668859375
0 0.384466375 0.3672971484375 0.38706140312500004 0.3733278515625 0.395741959375 0.3649945171875 0.3932565796875 0.35904605312500004 0.384466375 0.3672971484375
0 0.37266081875 0.3813322375 0.3758954671875 0.3877467109375 0.38534356718749996 0.3764802625 0.38207236875 0.370257675 0.37266081875 0.3813322375
0 0.364364034375 0.393366228125 0.3673062859375 0.3987116234375 0.37457967812500004 0.389364034375 0.3717288015625 0.38423793906250003 0.364364034375 0.393366228125
1 0.7016812859375 0.732483553125 0.6988852343749999 0.736266446875 0.70383771875 0.7439528515625 0.706633771875 0.740158990625 0.7016812859375 0.732483553125
0 0.717671784375 0.70712719375 0.71493055625 0.7016995609375 0.70703581875 0.710471490625 0.7097404968750001 0.716063596875 0.717671784375 0.70712719375
0 0.7009137421875 0.7025493421875 0.6962536546875 0.6978892546875 0.6891264625 0.7148300437499999 0.6939327484375 0.719216009375 0.7009137421875 0.7025493421875
0 0.680811403125 0.715953946875 0.6841922515625 0.7107730265625001 0.6756213453125001 0.6981907890625 0.6721673984375001 0.7031524124999999 0.680811403125 0.715953946875
0 0.645650584375 0.6782894734375 0.6487024859375 0.6734100875 0.6400219296875 0.6615679828125 0.6369700296875 0.6662828953125 0.645650584375 0.6782894734375
0 0.677010234375 0.6905427625 0.6794590640625 0.6966831140624999 0.6896381578125 0.6876370609375 0.6873172515625 0.681688596875 0.677010234375 0.6905427625
0 0.67183845 0.6837171046875 0.67428728125 0.6892269734375 0.683241959375 0.6802631578125 0.680811403125 0.6750274125 0.67183845 0.6837171046875
0 0.6662646203125 0.6749177625 0.6681469296875 0.680921053125 0.6774853796875 0.6740679828125 0.6755116953125 0.6682291671875 0.6662646203125 0.6749177625
0 0.6610745609374999 0.66800986875 0.6630847953125001 0.674533990625 0.6742690062500001 0.6665296046875 0.6723866953125001 0.6602796046875 0.6610745609374999 0.66800986875
0 0.6557383046874999 0.6599506578125001 0.6582967843749999 0.6665570171875 0.6681469296875 0.657867325 0.665643275 0.6515899125 0.6557383046874999 0.6599506578125001
0 0.65076754375 0.6532894734375 0.6530519 0.659703946875 0.662810671875 0.6515625 0.660544590625 0.6455043859375 0.65076754375 0.6532894734375
0 0.7040204671875 0.5822642546875 0.6992324562500001 0.5828399125 0.7004020468750001 0.601206140625 0.7052266078125 0.600438596875 0.7040204671875 0.5822642546875
0 0.6971125734375 0.5853344296875 0.692635234375 0.5864309203125 0.6942982453125001 0.6015350875000001 0.6988486843749999 0.600383771875 0.6971125734375 0.5853344296875
0 0.6916483921875 0.5952850875 0.687043128125 0.59599780625 0.6880482453125001 0.6118695171875 0.6927997078125 0.611321271875 0.6916483921875 0.5952850875
0 0.685544590625 0.60235745625 0.6811038015624999 0.6033168859375 0.6825493421875 0.618026315625 0.687134503125 0.6168859656250001 0.685544590625 0.60235745625
0 0.67892909375 0.6084155703125 0.6743603796875 0.609786184375 0.6766081875000001 0.627823465625 0.68128655 0.6264528515625 0.67892909375 0.6084155703125
0 0.6723702484375 0.615625 0.6677814328125 0.616831140625 0.6703033625 0.6342379390625 0.67503655 0.6327850875000001 0.6723702484375 0.615625
0 0.713596490625 0.5999725875 0.7103435671875 0.595010965625 0.7025036546875 0.6072094296875 0.705939328125 0.612198465625 0.713596490625 0.5999725875
0 0.6252192984375 0.6499725875 0.6282894734375 0.6448190796875 0.6193530703125 0.6326480265625001 0.6161549703125 0.6375822375 0.6252192984375 0.6499725875
0 0.6283260234375 0.6408168859375001 0.6314875734375 0.635608553125 0.6224597953125001 0.623766446875 0.6192616953125001 0.629331140625 0.6283260234375 0.6408168859375001
0 0.586293859375 0.5896381578125001 0.589528509375 0.5952302625 0.598757309375 0.58363486875 0.595632309375 0.5779879390625 0.586293859375 0.5896381578125001
0 0.7616045328125 0.868804825 0.7647295328125 0.8633771937500001 0.7558150578125 0.8520915562500001 0.752562134375 0.85765625 0.7616045328125 0.868804825
0 0.7195358187500001 0.8777960531250001 0.7232090640625 0.8818530703125 0.7293128656250001 0.8689144734375001 0.72574926875 0.8650219296874999 0.7195358187500001 0.8777960531250001
0 0.7134046046875 0.8712664468750001 0.7180555562500001 0.876260965625 0.726918859375 0.8591557015625 0.72262426875 0.854248903125 0.7134046046875 0.8712664468750001
0 0.7016995609375 0.856688596875 0.70546418125 0.8611019734375001 0.7137975140624999 0.8465734656249999 0.7103983921875 0.8422697375 0.7016995609375 0.856688596875
0 0.69683845 0.8448190796875 0.70071271875 0.8489583328125001 0.7068896203125 0.8364583328125 0.70308845 0.8322642546875001 0.69683845 0.8448190796875
1 0.747350146875 0.8506030703125 0.749908625 0.8463541671874999 0.7450657890625 0.8398848687499999 0.7423062859375 0.8442982453125 0.747350146875 0.8506030703125
1 0.7521198828125 0.8329495609374999 0.74996345 0.8372532890625 0.7555921046875 0.8436403515625001 0.7577668125 0.8393092109375001 0.7521198828125 0.8329495609374999
1 0.7743603796875 0.8436677625 0.7767178359375 0.8396381578125001 0.7713998531249999 0.8325657890624999 0.7689875734375 0.83670504375 0.7743603796875 0.8436677625
1 0.76650219375 0.8331414468749999 0.7689327484375 0.829303728125 0.7638706140625 0.8220394734375001 0.761257309375 0.8261787281249999 0.76650219375 0.8331414468749999
1 0.7296783625 0.7759320171875 0.7269005843749999 0.7794133765625 0.73207236875 0.7880482453125001 0.734795321875 0.7844846484375 0.7296783625 0.7759320171875
1 0.72421418125 0.766776315625 0.721491228125 0.7702576750000001 0.7264071640624999 0.7783168859375 0.72894736875 0.7747807015625 0.72421418125 0.766776315625
1 0.718695175 0.7584703953124999 0.715972221875 0.7620065796875 0.7208333328125 0.7699013156250001 0.7234283625 0.7663651312499999 0.718695175 0.7584703953124999
1 0.7131396203125 0.75 0.7104166671875001 0.7536184203125 0.715625 0.7614309203125 0.7180921046875001 0.7576480265625001 0.7131396203125 0.75
1 0.7069261703125 0.74141995625 0.7041849421874999 0.744956140625 0.709320175 0.752796053125 0.7118786546875 0.7490405703125 0.7069261703125 0.74141995625
0 0.5801352343749999 0.56943530625 0.58368055625 0.5754111843749999 0.5940789468750001 0.5623081140624999 0.5907346484375 0.5564967109375 0.5801352343749999 0.56943530625
0 0.56176900625 0.56329495625 0.566027046875 0.5697094296875 0.575438596875 0.5548245609375 0.571472953125 0.54920504375 0.56176900625 0.56329495625
1 0.697185671875 0.7672697375 0.6997441515625 0.7632675437499999 0.69422331875 0.75552905625 0.6916118421874999 0.7599232453125 0.697185671875 0.7672697375
1 0.6531834796875 0.741091009375 0.650383771875 0.7452576750000001 0.6558662281250001 0.7526315796875 0.65855263125 0.7485197375 0.6531834796875 0.741091009375
0 0.7321089187500001 0.8330592109375001 0.735617690625 0.826918859375 0.72584064375 0.8146655703125001 0.722203946875 0.820641446875 0.7321089187500001 0.8330592109375001
1 0.7037828953124999 0.80235745625 0.6989400578125 0.8104440796875 0.7182383046874999 0.834073465625 0.72260599375 0.8263980265624999 0.7037828953124999 0.80235745625
1 0.705062134375 0.7978618421875 0.708972953125 0.790679825 0.694188596875 0.7728892546874999 0.690186403125 0.7796052625 0.705062134375 0.7978618421875
1 0.57732090625 0.548053728125 0.578563596875 0.552658990625 0.58523391875 0.5485745609375 0.5838267546875 0.5437225875 0.57732090625 0.548053728125
0 0.5873538015624999 0.5367050437499999 0.587828946875 0.54454495625 0.6010416671875001 0.5426809203125 0.6005116953125 0.534841009375 0.5873538015624999 0.5367050437499999
0 0.5904422515625 0.5314967109375 0.590277778125 0.5243421046875001 0.5779239765625 0.524643640625 0.578106725 0.53212719375 0.5904422515625 0.5314967109375
0 0.7783625734374999 0.55241228125 0.7803362578125 0.559731359375 0.792671784375 0.551891446875 0.7906067250000001 0.5447916671875 0.7783625734374999 0.55241228125
0 0.9020650578125 0.514473684375 0.9007309937500001 0.5075109656250001 0.8895102343750001 0.5115953953125 0.890625 0.5187225875 0.9020650578125 0.514473684375
1 0.9587536546875001 0.5385416671875001 0.9633223687499999 0.537966009375 0.962810671875 0.5281798249999999 0.9582054093749999 0.5287006578125 0.9587536546875001 0.5385416671875001
1 0.9588267546875 0.5255756578125 0.9628837718750001 0.5231633765625 0.9603801171875 0.5139802625 0.956231725 0.51633771875 0.9588267546875 0.5255756578125
1 0.9799707609375 0.4810032890625 0.9797149125000001 0.47568530625000005 0.9731176906250001 0.4764802625 0.9733552624999999 0.4817708328125 0.9799707609375 0.4810032890625
1 0.9500548249999999 0.48368969375 0.94915935625 0.47828947343749995 0.9426900578125 0.4803453953125 0.9435124265624999 0.4859375 0.9500548249999999 0.48368969375
0 0.6837353796875 0.798081140625 0.680043859375 0.8021107453124999 0.6866045328125 0.8146655703125001 0.6900219296875 0.8106633765625 0.6837353796875 0.798081140625
0 0.6822916671875 0.7685855265625 0.6851059937499999 0.763623903125 0.6779057015625 0.7544407890625 0.6749817250000001 0.7596491234375 0.6822916671875 0.7685855265625
1 0.6536915203125 0.73212719375 0.6575475140625 0.725438596875 0.643402778125 0.7067708328125 0.6392178359375 0.7134046046875 0.6536915203125 0.73212719375
0 0.630043859375 0.7115131578125 0.6267361109375 0.7171875 0.6364766078125 0.7287006578125 0.639364034375 0.7233004390625 0.630043859375 0.7115131578125
1 0.7232456140625 0.8251644734375001 0.7220394734375 0.82738486875 0.7265350875000001 0.8326480265624999 0.727722953125 0.83037280625 0.7232456140625 0.8251644734375001
1 0.6952485375 0.7897203953124999 0.694060671875 0.7919407890625 0.6985745609375 0.7971491234375 0.6997807015624999 0.794956140625 0.6952485375 0.7897203953124999
1 0.6266630109375 0.7020833328125 0.6279422515624999 0.6998629390625 0.6238121343749999 0.6946546046875001 0.6224780703125 0.6969846484375 0.6266630109375 0.7020833328125
0 0.6022295328125 0.7056195171875 0.598866959375 0.6990405703125 0.5875731 0.7109100875000001 0.591045321875 0.717598684375 0.6022295328125 0.7056195171875
1 0.6086988296875 0.680098684375 0.6060307015624999 0.6841282890625 0.61165935625 0.6919407890625 0.6142909359375001 0.6878289468750001 0.6086988296875 0.680098684375
1 0.6260416671875 0.69454495625 0.6301900578125 0.6880208328124999 0.6161184203125 0.6685307015624999 0.6117324562500001 0.6751918859375 0.6260416671875 0.69454495625
1 0.5917397656250001 0.6684758765625001 0.587024853125 0.6752467109375 0.6014985375 0.6958059203125 0.6061586250000001 0.689007675 0.5917397656250001 0.6684758765625001
0 0.5975328953125 0.653453946875 0.601151315625 0.6481907890625 0.5922331875 0.634758771875 0.588596490625 0.6396929828125 0.5975328953125 0.653453946875
0 0.5703764625 0.6218201750000001 0.56642909375 0.626918859375 0.575310671875 0.6411184203125 0.5789656437499999 0.6364857453125 0.5703764625 0.6218201750000001
0 0.5749269 0.6168585531249999 0.578435671875 0.61178728125 0.56953581875 0.5978892546875 0.5657529234374999 0.6029057015625 0.5749269 0.6168585531249999
0 0.551169590625 0.5856633765625 0.5465826015624999 0.590926534375 0.55550073125 0.6076206140625 0.5601059937499999 0.60235745625 0.551169590625 0.5856633765625
0 0.556615496875 0.58681469375 0.5619152046875 0.5858552625 0.5602339187500001 0.566831140625 0.5549890343749999 0.5677357453125 0.556615496875 0.58681469375
0 0.548117690625 0.5738486843749999 0.5514254390625 0.569873903125 0.545705409375 0.5589638156250001 0.5423062859375001 0.5627741234375 0.548117690625 0.5738486843749999
1 0.5302997078125 0.5504934203125 0.52739400625 0.5532894734375 0.531688596875 0.5626644734374999 0.5345942984375001 0.5595942984375 0.5302997078125 0.5504934203125
1 0.521820175 0.5274671046875 0.5202485375 0.5291392546875 0.5241045328125 0.5365131578125 0.5256396203125 0.534841009375 0.521820175 0.5274671046875
0 0.5333333328125 0.5435855265625 0.5373172515625 0.5388706140624999 0.5295138890625 0.523848684375 0.5252558484375001 0.528563596875 0.5333333328125 0.5435855265625
0 0.5111111109375 0.5501370609375 0.515716375 0.5469572375 0.5105628656250001 0.5305646937499999 0.5059941515624999 0.53349780625 0.5111111109375 0.5501370609375
0 0.50699926875 0.5016995609375 0.5025767546875 0.5062774125 0.5106725140624999 0.52256030625 0.515204678125 0.5177083328125 0.50699926875 0.5016995609375
0 0.51332236875 0.50397478125 0.5172697375 0.4999177625 0.511054459375 0.487258771875 0.5071984656249999 0.491233553125 0.51332236875 0.50397478125
0 0.5009502921875 0.4766447375 0.504989034375 0.4719846484375 0.498008040625 0.45866228124999997 0.4938961984375 0.46288377187499996 0.5009502921875 0.4766447375
1 0.5064144734375 0.4723684203125 0.5093019 0.468393640625 0.50392909375 0.459375 0.50085891875 0.46343201718750004 0.5064144734375 0.4723684203125
0 0.48463084843750004 0.45466008750000003 0.4807565796875 0.45855263125 0.4881761703125 0.47406798281249996 0.49203216406249994 0.4696820171875 0.48463084843750004 0.45466008750000003
0 0.4756761703125 0.4665844296875 0.47942251406249997 0.4624177625 0.4733369890625 0.4498629390625 0.46929824531250003 0.4540570171875 0.4756761703125 0.4665844296875
0 0.48744517500000006 0.4448190796875 0.4907529234375 0.43947368437499995 0.4822002921875 0.4279879390625 0.47883771875000003 0.433278509375 0.48744517500000006 0.4448190796875
1 0.4737207609375 0.43053728125 0.47585891875 0.428563596875 0.4723684203125 0.42072368437499996 0.4702302625 0.42258771875 0.4737207609375 0.43053728125
0 0.47467105312499996 0.421463815625 0.4788011703125 0.417598684375 0.4719846484375 0.402741228125 0.46790935625 0.4065241234375 0.47467105312499996 0.421463815625
0 0.4604057015625 0.39181469375 0.4650767546875 0.38829495625 0.458918128125 0.3725054828125 0.45452850937499994 0.375893640625 0.4604057015625 0.39181469375
0 0.44457236875 0.3505208328125 0.449579678125 0.347231359375 0.44455409375 0.330838815625 0.43963815781250004 0.33358004375 0.44457236875 0.3505208328125
1 0.4377192984375 0.3130756578125 0.43982090625000003 0.31143092031249997 0.4368238296875 0.303426534375 0.4346673984375 0.305098684375 0.4377192984375 0.3130756578125
0 0.4190058484375 0.24141995624999998 0.423885234375 0.2400493421875 0.4212719296875 0.223081140625 0.4165935671875 0.2243969296875 0.4190058484375 0.24141995624999998
1 0.4165387421875 0.12264254375000001 0.4135599421875 0.12297149062499999 0.4140350875 0.1318804828125 0.41706871406249996 0.13166118437500002 0.4165387421875 0.12264254375000001
0 0.4060855265625 0.11757127187500001 0.41101973750000004 0.117653509375 0.41094663750000004 0.0999725875 0.40623172500000004 0.1 0.4060855265625 0.11757127187500001
0 0.3814327484375 0.0546875 0.3868603796875 0.056167762499999996 0.3891264625 0.037445175000000004 0.3838450296875 0.0361293859375 0.3814327484375 0.0546875
0 0.40933845 0.0169682015625 0.40471491249999997 0.01636513125 0.4034320171875 0.0299177625 0.4083698828125 0.030838815624999998 0.40933845 0.0169682015625
0 0.4127741234375 0.034923245312500004 0.4169042390625 0.0357456140625 0.41800073125 0.022039473437500002 0.41390716406249994 0.0213815796875 0.4127741234375 0.034923245312500004
0 0.7714583328125 0.8266721484374999 0.7759868421875 0.8291392546875 0.7801900578125001 0.8126096484374999 0.77569444375 0.8100328953125 0.7714583328125 0.8266721484374999
0 0.7658442984375 0.8204906796874999 0.770705409375 0.8233826750000001 0.7752741234375 0.8062774125000001 0.7705592109375 0.8033442984375 0.7658442984375 0.8204906796874999
0 0.76176900625 0.8126644734375 0.766721490625 0.8156798249999999 0.7713633046874999 0.7998629390625001 0.7666118421875 0.7966008765625 0.76176900625 0.8126644734375
0 0.7545687140624999 0.8038103062499999 0.759393275 0.80866228125 0.766758040625 0.7922149125 0.7620065796875 0.7876644734375 0.7545687140624999 0.8038103062499999
1 0.942525584375 0.48623903437499993 0.9416849421875 0.480921053125 0.9351790937500001 0.48262061406249995 0.9359649125 0.48837719375 0.942525584375 0.48623903437499993
0 0.9411184203125 0.41008771875 0.9358004390625 0.40838815781250004 0.934027778125 0.4263432015625 0.9395467843749999 0.42785087656250004 0.9411184203125 0.41008771875
0 0.8938596484374999 0.33349780625 0.8889071640624999 0.3317708328125 0.8873958328124999 0.3502330046875 0.8925932015625 0.3518119515625 0.8938596484374999 0.33349780625
0 0.857401315625 0.259703946875 0.8629385968750001 0.25852521875 0.8611842109375001 0.24139254375000002 0.8557200296874999 0.24246162343750002 0.857401315625 0.259703946875
0 0.8123903515625001 0.3227796046875 0.8074195906250001 0.3216557015625 0.8064510234375 0.339391446875 0.811624634375 0.340383771875 0.8123903515625001 0.3227796046875
1 0.815168128125 0.3247807015625 0.8173245609374999 0.32532894687499997 0.8182017546875 0.31631030625 0.816100146875 0.3157894734375 0.815168128125 0.3247807015625
0 0.8005665203125 0.172286184375 0.8014071640625 0.179385965625 0.8108918125000001 0.17648026249999998 0.8099963453125 0.1696820171875 0.8005665203125 0.172286184375
1 0.8267178359375 0.11014254375000002 0.8310489765625 0.110526315625 0.8311403515625001 0.09967105312499999 0.8268274859375 0.09920504375 0.8267178359375 0.11014254375000002
0 0.7927631578125001 0.10737390312499999 0.7940423984375 0.099945175 0.78353435625 0.0946820171875 0.78196271875 0.1017543859375 0.7927631578125001 0.10737390312499999
0 0.687097953125 0.185882675 0.6919956140625 0.187171053125 0.694152046875 0.166776315625 0.6891630109375 0.1656524125 0.687097953125 0.185882675
0 0.6936038015625 0.1469024125 0.6939692984375 0.13867872812499998 0.6806469296875 0.1356907890625 0.6799707609375 0.1439692984375 0.6936038015625 0.1469024125
0 0.7392726609375 0.030783990625 0.738596490625 0.039035087499999996 0.7520833328125 0.0419956140625 0.7526681281250001 0.033634868750000005 0.7392726609375 0.030783990625
1 0.26224415156249997 0.037911184375000004 0.2661549703125 0.032428728125 0.2502923984375 0.0078399125 0.24654605312500003 0.012856359375000001 0.26224415156249997 0.037911184375000004
0 0.22203947343750002 0.0135142546875 0.219919590625 0.01946271875 0.2286184203125 0.0252192984375 0.230811403125 0.0189692984375 0.22203947343750002 0.0135142546875
0 0.218274853125 0.019956140625 0.2157711984375 0.0251370609375 0.225328946875 0.0334429828125 0.22774122812500003 0.0275767546875 0.218274853125 0.019956140625
0 0.20645102343750002 0.03193530625 0.2045504390625 0.038651315625 0.21485745625 0.044051534375 0.21655701718749998 0.0373355265625 0.20645102343750002 0.03193530625
0 0.2037280703125 0.041721490625 0.201955409375 0.048739034375000004 0.21253655 0.053070175 0.21399853750000003 0.0462445171875 0.2037280703125 0.041721490625
1 0.1922880109375 0.06803728125 0.1954678359375 0.072176534375 0.199981725 0.064501096875 0.1968622078125 0.060205592187500004 0.1922880109375 0.06803728125
0 0.0639437140625 0.15243969375 0.0646929828125 0.14640899062499999 0.055098684375 0.1431469296875 0.054093567187500004 0.1493969296875 0.0639437140625 0.15243969375
1 0.14760599375 0.1729166671875 0.1381578953125 0.1672149125 0.130884503125 0.1948190796875 0.140606725 0.20002741249999997 0.14760599375 0.1729166671875
0 0.1299342109375 0.1604166671875 0.13514254375 0.165323465625 0.141304825 0.1507319078125 0.1361476609375 0.14616228125 0.1299342109375 0.1604166671875
1 0.147222221875 0.2728892546875 0.1439144734375 0.26790021875000003 0.139491959375 0.274561403125 0.1427448828125 0.2795230265625 0.147222221875 0.2728892546875
0 0.123081140625 0.3157346484375 0.11988304062499999 0.309018640625 0.11045321562499999 0.31959978125 0.11359649062499999 0.326891446875 0.123081140625 0.3157346484375
1 0.10858918125000001 0.328125 0.1080409359375 0.32532894687499997 0.10297880156250001 0.3276315796875 0.103508771875 0.3303179828125 0.10858918125000001 0.328125
0 0.16615497031249998 0.24162828906249997 0.16253655 0.23670504375 0.1557200296875 0.246929825 0.1595029234375 0.25243969375 0.16615497031249998 0.24162828906249997
1 0.1014802625 0.6577850875 0.0952119890625 0.6501644734375 0.0829130109375 0.6735471484375 0.089528509375 0.681688596875 0.1014802625 0.6577850875
1 0.09491959062500001 0.6525493421874999 0.0896929828125 0.6435032890625 0.07275219375 0.6670778515625 0.0780519 0.6767543859375 0.09491959062500001 0.6525493421874999
1 0.09164839218750001 0.6403782890625 0.0858552625 0.631661184375 0.0688596484375 0.6568530703125 0.07450657968749999 0.666803728125 0.09164839218750001 0.6403782890625
1 0.087810671875 0.63193530625 0.0826754390625 0.6231633765625 0.0640405703125 0.6476260968750001 0.06931652031249999 0.6569078953124999 0.087810671875 0.63193530625
1 0.0828216375 0.6247807015625 0.0775402046875 0.6155975875 0.05911915156250001 0.6396381578125 0.064455409375 0.6494517546874999 0.0828216375 0.6247807015625
1 0.0709795328125 0.6093475875000001 0.06644736875 0.59931469375 0.046966375 0.6202028515625 0.051461989062500005 0.6307291671875 0.0709795328125 0.6093475875000001
1 0.0461988296875 0.5484100875 0.0385599421875 0.540679825 0.02737573125 0.56477521875 0.0349597953125 0.5729166671875 0.0461988296875 0.5484100875
1 0.105007309375 0.513733553125 0.107492690625 0.5032072375000001 0.085581140625 0.48925438593750004 0.0829678359375 0.4997532890625 0.105007309375 0.513733553125
1 0.1020833328125 0.526260965625 0.1078764625 0.530126096875 0.11394371406249999 0.508251096875 0.108241959375 0.504358553125 0.1020833328125 0.526260965625
1 0.1044225140625 0.5381578953124999 0.1115679828125 0.5427631578125001 0.1201388890625 0.5119791671875 0.11332236874999999 0.5076206140624999 0.1044225140625 0.5381578953124999
0 0.7499798984375 0.7987143640625 0.7550986843749999 0.8020285093749999 0.760158990625 0.784432565625 0.754989034375 0.7812225875000001 0.7499798984375 0.7987143640625
0 0.7445540937499999 0.7924616234374999 0.7498903515625 0.795751096875 0.7551900578125 0.777768640625 0.7500731 0.7744517546874999 0.7445540937499999 0.7924616234374999
0 0.750456871875 0.772341009375 0.745796784375 0.7687225875 0.7404239765625 0.78522478125 0.7449378656250001 0.788706140625 0.750456871875 0.772341009375
0 0.7359466375 0.77574013125 0.740606725 0.779248903125 0.7453399125 0.764364034375 0.7408442984375 0.7611019734375 0.7359466375 0.77574013125
0 0.7309758765625001 0.7682565796875 0.7353070171875 0.77266995625 0.7416301171875 0.7580317984375 0.7373355265625 0.7539199562500001 0.7309758765625001 0.7682565796875
0 0.724981725 0.7629934203125 0.729258040625 0.7666666671875 0.7349963453125 0.7525767546875 0.7307017546875 0.748766446875 0.724981725 0.7629934203125
0 0.72112573125 0.751260965625 0.7256761703125 0.7552083328125 0.731231725 0.740296053125 0.7266995609375 0.736321271875 0.72112573125 0.751260965625
0 0.7151315796875 0.7467379390625 0.7201023390625 0.7502192984375 0.7259502921875 0.7328947375 0.7209795328124999 0.7291118421875 0.7151315796875 0.7467379390625
0 0.7106542390625 0.738706140625 0.715168128125 0.7424067984375 0.720687134375 0.7279057015625 0.7162828953125 0.72412280625 0.7106542390625 0.738706140625
0 0.7853070171875001 0.812033990625 0.789382309375 0.8072916671874999 0.782510965625 0.793421053125 0.7782894734375 0.7978892546874999 0.7853070171875001 0.812033990625
0 0.7520650578125 0.7651315796875 0.7553362578125 0.759786184375 0.7462956875 0.747584978125 0.74298245625 0.752741228125 0.7520650578125 0.7651315796875
0 0.809813596875 0.7703673249999999 0.8076023390625 0.7640625 0.7971491234375 0.77261513125 0.799579678125 0.779303728125 0.809813596875 0.7703673249999999
0 0.7864948828125 0.7700383765625001 0.7856542390625 0.76324013125 0.7744700296875 0.7670778515625 0.775328946875 0.7741228062500001 0.7864948828125 0.7700383765625001
0 0.783278509375 0.7606907890625 0.781688596875 0.753481359375 0.769846490625 0.7603892546875 0.7716739765625 0.76790021875 0.783278509375 0.7606907890625
0 0.7716739765625 0.7451754390625001 0.7702302624999999 0.7372807015625 0.757346490625 0.743448465625 0.7589546781250001 0.7515350875 0.7716739765625 0.7451754390625001
0 0.7641264624999999 0.7372532890625 0.76253655 0.7304550437499999 0.7505299703125 0.7372807015625 0.7522660812499999 0.7443530703125 0.7641264624999999 0.7372532890625
0 0.76025219375 0.7295778515625 0.7586988296875 0.7222861843749999 0.74679641875 0.7281578953125 0.7484411546875 0.7359155703125 0.76025219375 0.7295778515625
0 0.754331140625 0.7216008765625 0.753143275 0.7143366234374999 0.7413194437499999 0.7189418859375001 0.742616959375 0.7264802625 0.754331140625 0.7216008765625
0 0.7489766078125 0.7154879390625 0.7485197375 0.7075383765625001 0.736366959375 0.7088815796875 0.73678728125 0.7171875 0.7489766078125 0.7154879390625
0 0.8248172515625001 0.744846490625 0.8218019 0.7382949562500001 0.8119517546875 0.74920504375 0.8151498531250001 0.755921053125 0.8248172515625001 0.744846490625
0 0.823008040625 0.7351151312499999 0.8201388890624999 0.7278782890625 0.8091118421875001 0.737966009375 0.812152778125 0.7455043859375 0.823008040625 0.7351151312499999
0 0.81805555625 0.72727521875 0.8153874265625 0.7212171046875 0.805116959375 0.7302357453125 0.8076754390625001 0.7365953953125 0.81805555625 0.72727521875
0 0.7810124265625 0.752796053125 0.7865679828125 0.7541118421874999 0.788596490625 0.7345942984375 0.7829861109375 0.7333333328125 0.7810124265625 0.752796053125
0 0.77425073125 0.7462171046875 0.7796235375 0.7478892546875 0.782364765625 0.73042763125 0.7773976609375 0.7282620609375 0.77425073125 0.7462171046875
0 0.768768275 0.7375822375000001 0.7744700296875 0.7396381578125 0.7776315796875 0.721573465625 0.7721125734375 0.7193804828125 0.768768275 0.7375822375000001
0 0.7638888890625 0.728453946875 0.7689692984375001 0.7300986843749999 0.7717470765625001 0.712554825 0.7666301171875001 0.7107182015625 0.7638888890625 0.728453946875
0 0.7588450296875 0.723766446875 0.7641630109374999 0.7244517546875 0.7654788015625 0.7072916671875 0.7601790937499999 0.7064144734375 0.7588450296875 0.723766446875
0 0.79444444375 0.6915296046875 0.792525584375 0.6845942984375 0.7814692984375 0.69150219375 0.7833516078125 0.6988486843749999 0.79444444375 0.6915296046875
0 0.7945175437499999 0.68199013125 0.792543859375 0.6750822375000001 0.781158625 0.68212719375 0.783187134375 0.689473684375 0.7945175437499999 0.68199013125
0 0.7919407890625 0.6740131578125 0.78978435625 0.667543859375 0.7787463453125001 0.6752741234374999 0.780793128125 0.68209978125 0.7919407890625 0.6740131578125
1 0.416045321875 0.727796053125 0.41041666718750003 0.73196271875 0.4185489765625 0.756195175 0.42412280625000004 0.7518640343749999 0.416045321875 0.727796053125
1 0.4274853796875 0.6998355265625 0.4217288015625 0.7044956140624999 0.430829678125 0.7280153515625 0.4362207609375 0.7236842109375 0.4274853796875 0.6998355265625
1 0.43492324531250004 0.683114034375 0.4296600875 0.6871710531249999 0.43821271875 0.7110471484375 0.4436769 0.70696271875 0.43492324531250004 0.683114034375
1 0.44007675468749996 0.6728344296875 0.43490497031249997 0.6769736843749999 0.4431834796875 0.70084978125 0.4485380109375 0.6967379390625 0.44007675468749996 0.6728344296875
1 0.453527046875 0.6498081140624999 0.448903509375 0.6560307015625 0.4595211984375 0.6748081140625 0.464382309375 0.6686403515625 0.453527046875 0.6498081140624999
1 0.4597002921875 0.6443612937500001 0.455007309375 0.649945175 0.4658625734375 0.6717653515625 0.47110380156250004 0.6660005484375 0.4597002921875 0.6443612937500001
1 0.46606359687500004 0.6380482453125 0.4610197375 0.6430921046875 0.47118055625000005 0.666091009375 0.47633040937500004 0.66103344375 0.46606359687500004 0.6380482453125
1 0.4716922515625 0.6321820171875 0.4670869890625 0.6380482453125 0.47898391875 0.6587993421875 0.48368055625000006 0.6529605265625 0.4716922515625 0.6321820171875
1 0.4784502921875 0.62665844375 0.47401315781250003 0.6322094296875 0.4859466375 0.6530153515625 0.4904422515625 0.647286184375 0.4784502921875 0.62665844375
1 0.4860014625 0.6202302625 0.48139619843750003 0.6252741234375 0.4923976609375 0.647258771875 0.4969846484375 0.641831140625 0.4860014625 0.6202302625
0 0.360471490625 0.30622258750000003 0.355866228125 0.3104166671875 0.362079678125 0.32456140312500004 0.366776315625 0.320010965625 0.360471490625 0.30622258750000003
0 0.395760234375 0.013843201562499999 0.395668859375 0.00230263125 0.3810489765625 0.0030153515625 0.3810855265625 0.014144737499999999 0.395760234375 0.013843201562499999
1 0.661239034375 0.6998081140625 0.6635599421875 0.6955317984375 0.6583881578125 0.6891447375 0.655884503125 0.6938870609375 0.661239034375 0.6998081140625
0 0.5712719296875 0.351918859375 0.575328946875 0.3482456140625 0.568804825 0.332483553125 0.56474780625 0.3359375 0.5712719296875 0.351918859375
1 0.200054825 0.07587719375 0.2029970765625 0.080948465625 0.2078216375 0.0740679828125 0.205007309375 0.06949013125 0.200054825 0.07587719375
0 0.0420504390625 0.16855811406250001 0.04758771875 0.168366228125 0.04756944375 0.153453946875 0.0420321640625 0.15386513125 0.0420504390625 0.16855811406250001
0 0.4017543859375 0.666885965625 0.403472221875 0.6735471484375 0.41485745625000003 0.6666118421875 0.4130299703125 0.66008771875 0.4017543859375 0.666885965625
0 0.4203874265625 0.6640762062500001 0.4228252921875 0.6700383765625 0.43263888906250003 0.66006030625 0.4301900578125 0.6545778515625 0.4203874265625 0.6640762062500001
1 0.42719298281249996 0.6427357453125 0.4245065796875 0.6358004390625001 0.40857090625000003 0.6500274125 0.4110928359375 0.65709978125 0.42719298281249996 0.6427357453125
0 0.42967836249999997 0.644133771875 0.4336988296875 0.63991228125 0.42682748593750003 0.6252741234375 0.4227704671875 0.6296875 0.42967836249999997 0.644133771875
0 0.4399853796875 0.612116228125 0.43607456093749997 0.61636513125 0.44375 0.6313322375 0.4475146203125 0.6268092109375 0.4399853796875 0.612116228125
0 0.4489400578125 0.5990296046875 0.44576023437499995 0.6040570171875 0.45434941562500003 0.6166940796875 0.4576388890625 0.6116118421875 0.4489400578125 0.5990296046875
0 0.4546966375 0.5908607453125 0.451096490625 0.595328946875 0.4588450296875 0.60821271875 0.4622989765625 0.603963815625 0.4546966375 0.5908607453125
0 0.45933845 0.5845668859375001 0.4559941515625 0.588596490625 0.46315789531249996 0.6009594296875 0.46650219374999996 0.5967653515625 0.45933845 0.5845668859375001
1 0.464473684375 0.58045504375 0.463706140625 0.58511513125 0.4708516078125 0.5877467109375 0.47150950312499995 0.5829769734375 0.464473684375 0.58045504375
1 0.47733918124999997 0.575356359375 0.480921053125 0.574533990625 0.4797149125 0.564418859375 0.476133040625 0.5653508765625 0.47733918124999997 0.575356359375
0 0.47746710468750003 0.61008771875 0.4747624265625 0.6041666671875 0.46478435625000003 0.6146381578125 0.4674707609375 0.620668859375 0.47746710468750003 0.61008771875
0 0.4999269 0.592242325 0.49764254374999994 0.5866228062500001 0.487828946875 0.5956140343749999 0.4901133046875 0.6012335531249999 0.4999269 0.592242325
0 0.012554825 0.968448465625 0.0177448828125 0.9709155703125001 0.019828215625 0.958168859375 0.01478435625 0.9559210531250001 0.012554825 0.968448465625
0 0.7638157890625 0.6626370609375 0.7596308484375001 0.6595668859375 0.7546235375 0.6749451750000001 0.7591739765625001 0.6782072375 0.7638157890625 0.6626370609375
0 0.7569444437499999 0.6622532890625 0.7525402046874999 0.6588267546875 0.7473684203125 0.6740405703125 0.7521564328125 0.6774945171875 0.7569444437499999 0.6622532890625
0 0.7496710531249999 0.6621984656250001 0.744974415625 0.65852521875 0.7396929828125 0.6735197375 0.7447185671875001 0.6771107453125 0.7496710531249999 0.6621984656250001