0 0.0160654234375 0.0620668859375 0.0193804828125 0.0612171046875 0.0192105265625 0.0514446265625 0.0160946640625 0.052464364062500005 0.0160654234375 0.0620668859375
0 0.040338084375 0.026178728125000002 0.0372459796875 0.027299890625 0.0373812140625 0.036376096875 0.0406451015625 0.034997259375 0.040338084375 0.026178728125000002
0 0.698751828125 0.170726425 0.7013249265625 0.175071271875 0.70711805625 0.166450109375 0.7047971484375 0.16210526249999999 0.698751828125 0.170726425
1 0.7782529234375 0.16025219375 0.7791282890625 0.16141173281250001 0.7811988296875 0.1579769734375 0.7803362578125 0.1568530703125 0.7782529234375 0.16025219375
0 0.892322734375 0.6146957234375 0.8951352343750001 0.6196107453125 0.9019883046875 0.6107730265625 0.8989437140625001 0.605907346875 0.892322734375 0.6146957234375
0 0.637043128125 0.710526315625 0.6391630109374999 0.7154605265625 0.64767909375 0.7065241234374999 0.6456871343749999 0.7017817984375 0.637043128125 0.710526315625
1 0.7196454671875 0.5795504390625 0.72112573125 0.5816885968750001 0.72507858125 0.575967653125 0.7236293859375 0.573793859375 0.7196454671875 0.5795504390625
1 0.7298793859375 0.5857456140624999 0.7286184203125 0.583936403125 0.7247989765625 0.589446271875 0.7259137421874999 0.5911184203125 0.7298793859375 0.5857456140624999
1 0.28406432812500004 0.024684759375 0.28315423906250003 0.0254331140625 0.285018275 0.029525767187500003 0.2858918125 0.0287554828125 0.28406432812500004 0.024684759375
0 0.7994883046875 0.1265899125 0.8006195171874999 0.1327631578125 0.811578946875 0.1280427625 0.81025219375 0.1208059203125 0.7994883046875 0.1265899125
0 0.8041849421875 0.5046875 0.8062865499999999 0.5096491234375 0.81492141875 0.5005071265625001 0.8126827484374999 0.495778509375 0.8041849421875 0.5046875
0 0.7849780703125 0.5146381578125 0.7877192984375 0.519928728125 0.7986293859375 0.510471490625 0.79599780625 0.5060307015625 0.7849780703125 0.5146381578125
1 0.8732821640624999 0.41628289531249996 0.8759320171875 0.42083333281249996 0.882401315625 0.41180646875000004 0.8795504390625 0.40740131562500004 0.8732821640624999 0.41628289531249996
0 0.813651315625 0.3747532890625 0.8177814328125 0.3692982453125 0.8090826015625 0.3551809203125 0.8052266078124999 0.36016995625 0.813651315625 0.3747532890625
1 0.23972953281249998 0.8200932015625 0.24097222187499998 0.8222587718750001 0.2447971484375 0.8179413375 0.24353070156249998 0.8155701750000001 0.23972953281249998 0.8200932015625
1 0.695392909375 0 0.6787097953125001 0.024643640624999998 0.6840643281250001 0.0325932015625 0.7016995609375 0.0065241234374999995 0.6958333328124999 0 0.695392909375 0
1 0.6819481 0 0.6712719296875 0.0166392546875 0.6771637421875 0.024117325000000002 0.693804825 0.000027412500000000002 0.68516081875 0 0.6819481 0
1 0.6701827484375 0 0.6639254390625 0.00849780625 0.670705409375 0.017489034375 0.6818183484375 0 0.6701827484375 0
0 0.24487938593749997 0.5105729171875 0.24773391875 0.5153508765625 0.2569261703125 0.50381030625 0.254239765625 0.4990131578125 0.24487938593749997 0.5105729171875
0 0.0413011703125 0.0359100875 0.0361111109375 0.037088815625 0.0365497078125 0.051973684374999995 0.04193530625 0.050424890624999996 0.0413011703125 0.0359100875
0 0.789382309375 0.0037006578125 0.7927448828125 0.00863486875 0.79773391875 0.005893640625 0.7953947375 0.00030153437499999997 0.789382309375 0.0037006578125
0 0.3494152046875 0.74298245625 0.35266812812500004 0.7388432015624999 0.34647295312500004 0.7279331140624999 0.3432200296875 0.7320175437499999 0.3494152046875 0.74298245625
0 0.3075475140625 0.681578946875 0.3048245609375 0.6768092109375 0.2965826015625 0.68516995625 0.29921418125 0.6901315796875 0.3075475140625 0.681578946875
0 0.24356725156249998 0.8747532890624999 0.247240496875 0.8703125 0.2419956140625 0.8609649125000001 0.23819444375 0.865323465625 0.24356725156249998 0.8747532890624999
1 0.23145102343750001 0.9295531796875001 0.23474049687499998 0.925167215625 0.2275950296875 0.913596490625 0.22421418124999998 0.9176260968750001 0.23145102343750001 0.9295531796875001
0 0.742580409375 0.23366228125 0.745796784375 0.23856907968750002 0.7541301171875 0.226507675 0.75087719375 0.2221491234375 0.742580409375 0.23366228125
1 0.7608918124999999 0.27129934218749996 0.759393275 0.27088815781250003 0.7588084796875 0.27502741249999996 0.76025219375 0.27556195156249996 0.7608918124999999 0.27129934218749996
1 0.76337719375 0.27003837656249996 0.76178728125 0.271820175 0.7638358921874999 0.2756524125 0.76553728125 0.27406524062500004 0.76337719375 0.27003837656249996
0 0.933187134375 0.664528509375 0.9381030703125001 0.665953946875 0.93991228125 0.646436403125 0.9351973687499999 0.6455043859375 0.933187134375 0.664528509375
0 0.55084064375 0.80084978125 0.5475511703125 0.79610745625 0.5409173984375 0.8045778515625001 0.5444809937499999 0.8093201750000001 0.55084064375 0.80084978125
0 0.5719481 0.8219024125000001 0.5685307015625 0.82587719375 0.5763340640625 0.8408442984375 0.5794407890625 0.8368146937500001 0.5719481 0.8219024125000001
0 0.5998538015625 0.8234923249999999 0.6036001468750001 0.8185032890624999 0.5970394734375 0.80693530625 0.593311403125 0.81173245625 0.5998538015625 0.8234923249999999
0 0.6025036546875 0.8138706140625 0.6056469296875 0.8193256578125 0.61489400625 0.8067982453125 0.6116410812499999 0.8021107453124999 0.6025036546875 0.8138706140625
0 0.6190241234375 0.8170504390625 0.6162646203125 0.812198465625 0.6065241234375 0.8248629390625 0.609466375 0.829989034375 0.6190241234375 0.8170504390625
0 0.609466375 0.8326480265624999 0.6126461984375 0.8389254390625001 0.6229130109375001 0.8276343203125001 0.6193347953125 0.8212171046875 0.609466375 0.8326480265624999
0 0.639455409375 0.854248903125 0.6363486843749999 0.8484100874999999 0.6268092109375 0.8603070171875 0.6294225140624999 0.8657620609375 0.639455409375 0.854248903125
0 0.6453947375 0.8611842109375001 0.6422331875 0.8555921046874999 0.6327302625 0.8678453953125 0.6355628656250001 0.87272478125 0.6453947375 0.8611842109375001
0 0.6541118421875 0.8805921046874999 0.651078215625 0.8752192984375 0.6424342109375 0.8857456140625001 0.645668859375 0.8912554828125 0.6541118421875 0.8805921046874999
0 0.6591008765625 0.8919682015625 0.6564510234375 0.8865131578125001 0.64618055625 0.8955043859374999 0.648848684375 0.9012883765625 0.6591008765625 0.8919682015625
0 0.9804331140625001 0.9994956140625 0.9841739765625 0.9955592109375001 0.9774524859374999 0.9813459437500001 0.9730683484375 0.9866063593750001 0.9804331140625001 0.9994956140625
0 0.9588340640625 1 0.9613121343750001 0.9963541671874999 0.9536001468749999 0.983963815625 0.9498903515625001 0.9890899125000001 0.9559210531250001 1 0.9588340640625 1
0 0.96008771875 0.7614583328125 0.9565423984375 0.7661458328124999 0.9624506578125 0.7775740124999999 0.9661732453124999 0.773081140625 0.96008771875 0.7614583328125
0 0.946527778125 0.7780975875 0.9495979531250001 0.7856907890625 0.9591008765625 0.7751918859375 0.9555738296875 0.767626096875 0.946527778125 0.7780975875
0 0.9388888890624999 0.764391446875 0.9422880109375 0.7705592109375 0.950420321875 0.7596491234375 0.9470029234374999 0.7539199562500001 0.9388888890624999 0.764391446875
0 0.9644736843749999 0.3771929828125 0.9612171046875 0.3818283984375 0.9681469296874999 0.39327850937500003 0.9716191515625001 0.38834978124999997 0.9644736843749999 0.3771929828125
1 0.6629203218749999 0.1818530703125 0.6682565796875 0.1740953953125 0.657328215625 0.1611842109375 0.6521016078125 0.1677083328125 0.6629203218749999 0.1818530703125
1 0.6641812859375 0.19862938593749999 0.6698099421875 0.19139254375 0.65074926875 0.1658991234375 0.6458516078125001 0.1719572375 0.6641812859375 0.19862938593749999
0 0.7739766078125 0.1381304828125 0.7700657890625 0.1346217109375 0.763596490625 0.1474780703125 0.7678910812499999 0.1514528515625 0.7739766078125 0.1381304828125
0 0.75862573125 0.1432291671875 0.7553362578125 0.1469846484375 0.7611476609375 0.15625 0.7643274859375 0.151973684375 0.75862573125 0.1432291671875
1 0.7380299703125 0.11016995624999999 0.7338633046874999 0.11548793906249999 0.7413559937499999 0.129358553125 0.7459612578125 0.1240953953125 0.7380299703125 0.11016995624999999
1 0.7334064328125 0.116036184375 0.7284009499999999 0.1224808109375 0.7358918125 0.13519736875 0.7412828953124999 0.1297697375 0.7334064328125 0.116036184375
0 0.5709795328125 0.16650219375 0.567489034375 0.1709429828125 0.5747807015624999 0.18292214843750002 0.5783991234375 0.1782017546875 0.5709795328125 0.16650219375
1 0.344901315625 0.14928728125 0.348739034375 0.14449013125000001 0.338614765625 0.138623903125 0.33523391875 0.1435032890625 0.344901315625 0.14928728125
0 0.013614765625 0.08988486875 0.0134137421875 0.084320175 0.0046418125 0.0873903515625 0.0049159359375 0.09300986875 0.013614765625 0.08988486875
0 0.01644736875 0.092242325 0.0161732453125 0.09761513125 0.0235197375 0.0943530703125 0.023720760937499998 0.0889254390625 0.01644736875 0.092242325
0 0.0337353796875 0.0969572375 0.03357090625 0.092132675 0.0248538015625 0.095696271875 0.025018275 0.10076754375000001 0.0337353796875 0.0969572375
0 0.07728435624999999 0.03977521875 0.07775950312499999 0.0428179828125 0.0862207609375 0.0374725875 0.0853070171875 0.034375 0.07728435624999999 0.03977521875
0 0.0767543859375 0.0436129390625 0.0764071640625 0.0404879390625 0.06789108125 0.044161184375 0.067668128125 0.0490816890625 0.0767543859375 0.0436129390625
0 0.064267178125 0.0491118421875 0.058766446875 0.052412281250000005 0.05862573125 0.054879385937500004 0.06443713437500001 0.0515350875 0.064267178125 0.0491118421875
0 0.019901315625 0.06165021875 0.01638340625 0.06259594375000001 0.016630117187499998 0.075301534375 0.020211989062499998 0.07425986875 0.019901315625 0.06165021875
0 0.041703215625 0.0528508765625 0.0390168125 0.0537828953125 0.039418859375 0.062938596875 0.0423611109375 0.06175986875 0.041703215625 0.0528508765625
0 0.13202668125 0.032966009375 0.13203581874999998 0.03681469375 0.1413011703125 0.0322642546875 0.1409831875 0.0284868421875 0.13202668125 0.032966009375
0 0.1884685671875 0.0649945171875 0.18733552656250002 0.061430920312500005 0.1805921046875 0.0662280703125 0.181597221875 0.0701206140625 0.1884685671875 0.0649945171875
0 0.1690296046875 0.0459320171875 0.1716008765625 0.043804825 0.1686769 0.034210526562499996 0.1658863296875 0.0360307015625 0.1690296046875 0.0459320171875
0 0.16489400625 0.0333607453125 0.1681286546875 0.0306743421875 0.1650219296875 0.0185032890625 0.16176900624999999 0.020257675 0.16489400625 0.0333607453125
0 0.136909721875 0.0159621703125 0.1359466375 0.0092105265625 0.1286732453125 0.013048245312500002 0.129239765625 0.020230262500000002 0.136909721875 0.0159621703125
0 0.1408991234375 0.0067982453124999995 0.14104532187500002 0.012911184375 0.1485562859375 0.0080866234375 0.148008040625 0.0021107453125 0.1408991234375 0.0067982453124999995
0 0.2978527046875 0.0383634875 0.3014163015625 0.0353508765625 0.2982821640625 0.026069079687500003 0.29473684218749996 0.02894736875 0.2978527046875 0.0383634875
0 0.43190789531249996 0.10178179843749999 0.43441155 0.10540021875000001 0.44296418125 0.0947368421875 0.4405519 0.091008771875 0.43190789531249996 0.10178179843749999
0 0.444828215625 0.0873629390625 0.4468019 0.0907620609375 0.4556103796875 0.080071271875 0.45316155 0.07634320156249999 0.444828215625 0.0873629390625
0 0.6727156437499999 0.16022478125 0.676096490625 0.1557565796875 0.668366228125 0.14503837656250002 0.66509685625 0.1498163375 0.6727156437499999 0.16022478125
0 0.71641081875 0.12741228124999998 0.718804825 0.1314692984375 0.7276133046875 0.12198464843750001 0.724689328125 0.11803728124999999 0.71641081875 0.12741228124999998
0 0.7076571640625 0.135882675 0.7102704671875 0.1397203953125 0.71803728125 0.13130482500000001 0.715716375 0.1274945171875 0.7076571640625 0.135882675
0 0.702607821875 0.1473903515625 0.705116959375 0.15200109687500002 0.7125731 0.1416118421875 0.7100694437499999 0.138760965625 0.702607821875 0.1473903515625
0 0.6896820171875 0.18025219374999998 0.6921235375 0.1856633765625 0.7013523390625 0.1755482453125 0.698757309375 0.1708059203125 0.6896820171875 0.18025219374999998
0 0.70392909375 0.656606359375 0.7067616953125 0.6529879390625 0.699543128125 0.6397971484375 0.6966739765625001 0.6431195171875 0.70392909375 0.656606359375
0 0.55082236875 0.6018914468750001 0.552796053125 0.59923245625 0.5485508046875001 0.5912856359374999 0.54609831875 0.5941145828125001 0.55082236875 0.6018914468750001
1 0.5399488296875 0.5825383765625001 0.54375 0.5876096484375 0.552322734375 0.5741721484375 0.5489583328125 0.56946271875 0.5399488296875 0.5825383765625001
1 0.9318347953125 0.7578399124999999 0.9349597953125001 0.7631578953125 0.9428179828125 0.754051534375 0.9400036546875 0.7485745609375 0.9318347953125 0.7578399124999999
1 0.7590826015625 0.26803728125 0.7577302625 0.266748903125 0.7559758765625 0.27108004375 0.757346490625 0.27236842031249997 0.7590826015625 0.26803728125
1 0.214561403125 0.9260800437500001 0.21365862500000002 0.9288240125 0.2184283625 0.9323930921875 0.21936037968750002 0.9295367328124999 0.214561403125 0.9260800437500001
0 0.9623172515625 0.7194078953124999 0.9656981 0.714418859375 0.958187134375 0.70379111875 0.9548611109375 0.708692434375 0.9623172515625 0.7194078953124999
0 0.9640168125 0.74024396875 0.9673428359375 0.735526315625 0.96010599375 0.7250328953125 0.9567799703125001 0.7299342109375 0.9640168125 0.74024396875
0 0.6799342109375 0.882867325 0.6829130109375 0.8881304828125 0.6909356718749999 0.8772203953125001 0.6881396203125 0.8720668859374999 0.6799342109375 0.882867325
0 0.3623903515625 0.671929825 0.365277778125 0.677658990625 0.37467105312500004 0.66693530625 0.3718439328125 0.6613322375 0.3623903515625 0.671929825
0 0.47132675468749996 0.701946271875 0.4685855265625 0.696573465625 0.4591374265625 0.70696271875 0.46173245625000003 0.7123903515625 0.47132675468749996 0.701946271875
0 0.5557200296875 0.6018914468750001 0.5595760234375 0.5969572375000001 0.551169590625 0.5811951750000001 0.547331871875 0.5857730265625001 0.5557200296875 0.6018914468750001
1 0.560526315625 0.5679550437499999 0.564528509375 0.5639528515625 0.5583698828125 0.5494517546875 0.554276315625 0.553453946875 0.560526315625 0.5679550437499999
0 0.61337719375 0.6532072375 0.6097843562499999 0.656885965625 0.6163048250000001 0.671620065625 0.619864765625 0.66800986875 0.61337719375 0.6532072375
0 0.597222221875 0.6067708328125 0.5934758765625 0.6111019734375 0.6014071640624999 0.6253015343749999 0.6049524859375001 0.6208333328125 0.597222221875 0.6067708328125
0 0.606725146875 0.4885142546875 0.6098866953125001 0.483278509375 0.6027028515625 0.4739802625 0.599561403125 0.4791666671875 0.606725146875 0.4885142546875
0 0.6013157890625 0.44712171093749997 0.6056469296875 0.44300986875000004 0.6000822375 0.42977521875 0.5958881578125 0.43352521875 0.6013157890625 0.44712171093749997
0 0.6470942984375 0.3893092109375 0.6505847953125 0.38508771875000003 0.6446454671875 0.373793859375 0.641045321875 0.3778782890625 0.6470942984375 0.3893092109375
0 0.6063596484375 0.3807565796875 0.6032346484375 0.37519188593749997 0.5958881578125 0.3833881578125 0.5993603796875 0.389007675 0.6063596484375 0.3807565796875
1 0.6414108187500001 0.3479440796875 0.6450292390625 0.3544133765625 0.658899853125 0.3393092109375 0.65542763125 0.3327850875 0.6414108187500001 0.3479440796875
1 0.6578764625 0.31951754375 0.6539875734375 0.3132730265625 0.63980263125 0.33007127187499996 0.6438779234374999 0.337088815625 0.6578764625 0.31951754375
0 0.6980263156250001 0.2791392546875 0.7012609656250001 0.2845942984375 0.710562865625 0.2733004390625 0.7073099421875 0.2682565796875 0.6980263156250001 0.2791392546875
0 0.693296784375 0.1658717109375 0.6962043125 0.170940240625 0.70398391875 0.1615131578125 0.7010782156250001 0.15671600937500002 0.693296784375 0.1658717109375
0 0.6912536546875 0.15891995625 0.694152046875 0.16422697343749998 0.7032894734374999 0.1529605265625 0.7001279234375 0.148026315625 0.6912536546875 0.15891995625
0 0.6884868421875 0.14046052656250002 0.6920138890625 0.135608553125 0.684009503125 0.1240405703125 0.6805190062500001 0.12891995625 0.6884868421875 0.14046052656250002
0 0.684795321875 0.1467927625 0.6889254390625 0.1408991234375 0.6802357453125001 0.128807565625 0.6763340640625 0.1337445171875 0.684795321875 0.1467927625
0 0.6804276312499999 0.1514528515625 0.684466375 0.14613486874999998 0.6757675437499999 0.133196271875 0.67200840625 0.138492325 0.6804276312499999 0.1514528515625
0 0.6765350875 0.15545504375000002 0.680098684375 0.15087719375 0.6722587718749999 0.1385142546875 0.6688231 0.143366228125 0.6765350875 0.15545504375000002
0 0.6689692984375 0.1646929828125 0.6721125734375 0.16022478125 0.6654239765625001 0.15057565781249999 0.662322734375 0.15506853125 0.6689692984375 0.1646929828125
0 0.69298245625 0.0844024125 0.6900950296875 0.080071271875 0.682456140625 0.0880756578125 0.6854166671875 0.0927083328125 0.69298245625 0.0844024125
0 0.6827850875 0.08042763124999999 0.686385234375 0.076206140625 0.6794206875000001 0.06532620624999999 0.67584064375 0.06959978125 0.6827850875 0.08042763124999999
0 0.6869152046875 0.07428728125 0.690533625 0.069078946875 0.6822002921875 0.0568256578125 0.6784173984375 0.062061403125000004 0.6869152046875 0.07428728125
0 0.7218201750000001 0.0356907890625 0.7252375734375 0.031661184375 0.71789108125 0.0208607453125 0.7146929828124999 0.0244517546875 0.7218201750000001 0.0356907890625
0 0.4438961984375 0 0.4387792390625 0.000054825000000000004 0.4442817984375 0.008906250000000001 0.4474597953125 0.0047697375 0.4438961984375 0
0 0.46790935625 0.076206140625 0.4649671046875 0.0803179828125 0.47282529218749997 0.0911732453125 0.47576754374999997 0.087033990625 0.46790935625 0.076206140625
0 0.348757309375 0.022505482812499998 0.344864765625 0.026096490625000003 0.3497441515625 0.0364857453125 0.35341739843750003 0.0330153515625 0.348757309375 0.022505482812499998
0 0.3013888890625 0.043914473437500004 0.3051900578125 0.0435855265625 0.3052448828125 0.0288267546875 0.30170869843750003 0.0290625 0.3013888890625 0.043914473437500004
0 0.1609466375 0.07368421093750001 0.164400584375 0.07228618437499999 0.162847221875 0.061787281250000006 0.15949378593750002 0.0632044953125 0.1609466375 0.07368421093750001
0 0.1631761703125 0.08675986875 0.16699561406250002 0.08541666718749999 0.1654788015625 0.07431469375000001 0.16197002968750002 0.07584978125 0.1631761703125 0.08675986875
0 0.3657529234375 0.1513432015625 0.36217105312500003 0.15383771875000002 0.3654678359375 0.163834978125 0.369161184375 0.1617132671875 0.3657529234375 0.1513432015625
0 0.3963267546875 0.259018640625 0.399524853125 0.25550986875000004 0.39301900624999997 0.2427905703125 0.3895833328125 0.24569627187499998 0.3963267546875 0.259018640625
0 0.40233918125 0.2423793859375 0.398757309375 0.246436403125 0.40444078906250003 0.256606359375 0.4079495609375 0.25235745625 0.40233918125 0.2423793859375
1 0.425456871875 0.25381030625 0.4305738296875 0.26384320156249996 0.44605263125 0.24608004375 0.441045321875 0.23697916718749998 0.425456871875 0.25381030625
1 0.43978435625 0.319956140625 0.4451206140625 0.313623903125 0.4295504390625 0.284758771875 0.42414108125 0.29136513124999996 0.43978435625 0.319956140625
0 0.4540204671875 0.354632675 0.45864400625 0.3552083328125 0.46027046718750003 0.3388157890625 0.455793128125 0.3384046046875 0.4540204671875 0.354632675
0 0.47137244218749996 0.153604715625 0.4737207609375 0.15819627187500002 0.4817434203125 0.1478618421875 0.47906615468749997 0.143421053125 0.47137244218749996 0.153604715625
0 0.5258790203125 0.2435279609375 0.52881944375 0.2479440796875 0.5359283625 0.2384046046875 0.5329312859375 0.23404605312500001 0.5258790203125 0.2435279609375
0 0.534364034375 0.23045778437500003 0.5324415203124999 0.2246875 0.5217653515625 0.2327302625 0.523841375 0.23843475937499997 0.534364034375 0.23045778437500003
0 0.513596490625 0.24956140312500003 0.5166118421875 0.25556469375 0.5255299703125 0.24676535156249998 0.5229166671875001 0.24103618437500002 0.513596490625 0.24956140312500003
0 0.52503655 0.26578947343750003 0.5270833328125 0.2700932015625 0.5352814328125 0.262360196875 0.533187134375 0.257757675 0.52503655 0.26578947343750003
0 0.5791008765625001 0.20098410156250002 0.5822368421874999 0.1963267546875 0.57430555625 0.18514254375 0.5710672515625 0.1895586625 0.5791008765625001 0.20098410156250002
0 0.5786732453125001 0.16729714843750002 0.5751461984375 0.172286184375 0.583168859375 0.18393640312499998 0.58673245625 0.1787828953125 0.5786732453125001 0.16729714843750002
1 0.7021016078125 0.086376096875 0.6974232453125 0.079742325 0.687043128125 0.0922149125 0.691849415625 0.099533990625 0.7021016078125 0.086376096875
1 0.72267909375 0.10180921093749999 0.72789108125 0.1096107453125 0.7463633046875 0.0877467109375 0.740935671875 0.08163377187500001 0.72267909375 0.10180921093749999
1 0.7163559937499999 0.0953399125 0.7217105265625 0.10386513125 0.73976608125 0.08333333281250001 0.7345211984375 0.075383771875 0.7163559937499999 0.0953399125
1 0.7327485375 0.06326754375 0.72789108125 0.0564857453125 0.711257309375 0.07549616249999999 0.715953946875 0.0829769734375 0.7327485375 0.06326754375
1 0.734519371875 0.0421354171875 0.7382913015625 0.0481469296875 0.750783990625 0.033177082812499994 0.7470942984375 0.027521929687500002 0.734519371875 0.0421354171875
1 0.733733553125 0.0377741234375 0.73978435625 0.0311677625 0.7263888890625 0.007401315625 0.7205043859375 0.013733553125 0.733733553125 0.0377741234375
1 0.7201937140625 0.0458333328125 0.7252741234375 0.03980263125 0.7137975140624999 0.021408990625 0.7083516078125001 0.0271381578125 0.7201937140625 0.0458333328125
1 0.715972221875 0.05334429843750001 0.7213450296875 0.047313596875 0.7077850875 0.0265625 0.7025584796875 0.0326480265625 0.715972221875 0.05334429843750001
1 0.710471490625 0.05753837656250001 0.715277778125 0.052028509375 0.7041008765625001 0.034473684375 0.6993603796875 0.0395833328125 0.710471490625 0.05753837656250001
1 0.6568896203125 0.206195175 0.663687865625 0.1978618421875 0.6450475140624999 0.1719024125 0.6392726609375 0.17916666718750002 0.6568896203125 0.206195175
1 0.6673611109375 0.17382127187500002 0.672331871875 0.166748903125 0.6623903515625 0.1547971484375 0.6574378656250001 0.16112938593749998 0.6673611109375 0.17382127187500002
1 0.8572733921875001 0.0904331140625 0.8561951750000001 0.088733553125 0.8530336249999999 0.09300986875 0.8541118421875 0.09457236875 0.8572733921875001 0.0904331140625
0 0.8722551171875 0.06955592031249999 0.869078946875 0.06485745625 0.8616136703124999 0.07399396875 0.8649963453125 0.0790679828125 0.8722551171875 0.06955592031249999
0 0.8944078953125001 0.0665570171875 0.8942616953125 0.059813596875 0.8858735375 0.059841009375 0.8859831874999999 0.06644736875 0.8944078953125001 0.0665570171875
0 0.9130299703125001 0.048135965625 0.9158625734375001 0.053371710937500004 0.9240131578125 0.0434758765625 0.9209247078124999 0.0388432015625 0.9130299703125001 0.048135965625
0 0.8885836984375001 0.079163925 0.8911549703125001 0.0830317984375 0.8970942984375 0.074945175 0.8945741953124999 0.07102521875 0.8885836984375001 0.079163925
0 0.9509502921875 0.0459703953125 0.9541118421875 0.041776315625 0.9463998531250001 0.030838815624999998 0.9430738296875001 0.0352796046875 0.9509502921875 0.0459703953125
1 0.8873720765625001 0.024643640624999998 0.8904057015625 0.019983553125 0.8860836984375 0.0144407890625 0.8830391078125001 0.019133771875 0.8873720765625001 0.024643640624999998
1 0.8805921046874999 0.015131579687499999 0.88366228125 0.010581140625 0.8791483921875001 0.00467379375 0.8760197375000001 0.0092406796875 0.8805921046874999 0.015131579687499999
1 0.9664290937500001 0.138760965625 0.9710160812499999 0.1442708328125 0.9809576015625 0.12642543906249998 0.9765168125000001 0.1212445171875 0.9664290937500001 0.138760965625
0 0.9620796781250001 0.1361019734375 0.9657894734375001 0.1405509875 0.972437865625 0.12880482499999998 0.9687262421874999 0.1240953953125 0.9620796781250001 0.1361019734375
1 0.9700511703125001 0.11806469374999999 0.9654696640625 0.11214638125000001 0.9553362578125 0.12894736874999999 0.96025219375 0.13484100937500001 0.9700511703125001 0.11806469374999999
0 0.9607474421875001 0.1705317984375 0.9577850874999999 0.16609100937500001 0.9502375734375 0.1748355265625 0.953179825 0.1795778515625 0.9607474421875001 0.1705317984375
0 0.9711074562500001 0.1813322375 0.9677448828124999 0.1765350875 0.9607273390625 0.18607456093750002 0.9640460531249999 0.19120614062500002 0.9711074562500001 0.1813322375
0 0.9790204671874999 0.3545230265625 0.9822916671874999 0.3484375 0.9747989765625 0.338760965625 0.9712006578124999 0.3450054828125 0.9790204671874999 0.3545230265625
0 0.9769554093749999 0.7502741234375 0.9737573093749999 0.7435855265625 0.96328581875 0.7544956140625 0.966849415625 0.76165021875 0.9769554093749999 0.7502741234375
0 0.6841191515625 0.9021381578125001 0.687061403125 0.9077850875 0.696875 0.8959429828125 0.6940241234375 0.8903508765625 0.6841191515625 0.9021381578125001
0 0.6325657890625 0.8484100874999999 0.6296783625 0.843283990625 0.62056469375 0.8544270828125 0.6235508046875 0.8597149125 0.6325657890625 0.8484100874999999
0 0.6069078953125 0.7912006578125 0.6034722218749999 0.7858004390625 0.59371345 0.79775219375 0.5973684203125 0.8036732453125 0.6069078953125 0.7912006578125
0 0.58753655 0.792653509375 0.5912646203125 0.7984375 0.6000584796874999 0.7856441890625 0.5967653515625 0.780153509375 0.58753655 0.792653509375
0 0.58433845 0.7809758765625 0.5872807015625 0.7870065796875 0.5961988296875 0.7770833328125 0.593439328125 0.7716008765625 0.58433845 0.7809758765625
0 0.57574926875 0.8112116234375 0.5795687140625 0.8069078953125001 0.572626096875 0.792190240625 0.5685855265625 0.7962445171875 0.57574926875 0.8112116234375
0 0.5512792390625 0.8016721484374999 0.5548428359375001 0.8076754390625001 0.56478435625 0.7940241234375 0.561239034375 0.78821271875 0.5512792390625 0.8016721484374999
0 0.5825201015625 0.83608004375 0.586330409375 0.8316337718750001 0.5782894734374999 0.8154879390625001 0.5741483921875 0.8199698468750001 0.5825201015625 0.83608004375
0 0.5673062859375 0.844901315625 0.57107090625 0.8406798249999999 0.5639071640625 0.8271381578125 0.5602339187500001 0.8314967109375001 0.5673062859375 0.844901315625
0 0.5598318718749999 0.8330592109375001 0.5558845031249999 0.8372258765625 0.5633241953125 0.852571271875 0.5671290203125 0.8485115125 0.5598318718749999 0.8330592109375001
0 0.551900584375 0.8140625 0.5480171781250001 0.81819353125 0.5555427625 0.83417763125 0.5595394734375 0.8299616234375 0.551900584375 0.8140625
0 0.70851608125 0.79131030625 0.7045687140625 0.796518640625 0.712920321875 0.8119243421875 0.7169042390625 0.8067708328125001 0.70851608125 0.79131030625
0 0.764510234375 0.820723684375 0.76805555625 0.82571271875 0.77587719375 0.8145559203125 0.7725511703125 0.8094572375 0.764510234375 0.820723684375
0 0.898885234375 0.6030975875 0.90237573125 0.6088267546874999 0.9116776312500001 0.595641446875 0.9084612578125 0.5900493421874999 0.898885234375 0.6030975875
0 0.7774671046875 0.2498355265625 0.7809210531249999 0.2451754390625 0.7743786546875 0.2346217109375 0.7709612578125 0.239364034375 0.7774671046875 0.2498355265625
0 0.598062865625 0.9061129390625 0.601096490625 0.9118695171875 0.6099067984375 0.9016008765624999 0.60696271875 0.8959429828125 0.598062865625 0.9061129390625
0 0.593804825 0.8985197375 0.5967141812500001 0.904188596875 0.6051900578125 0.8953947375 0.6022478062500001 0.889501096875 0.593804825 0.8985197375
0 0.6025584796875 0.8851973687499999 0.59912280625 0.8789473687499999 0.5881213453125 0.8905975875 0.59137426875 0.8970120609375 0.6025584796875 0.8851973687499999
0 0.5748355265625 0.88352521875 0.5784173984375001 0.8893366234375 0.5870796781250001 0.8787554828124999 0.5833333328125 0.8728070171875 0.5748355265625 0.88352521875
0 0.5556834796875 0.8794407890624999 0.5593932749999999 0.8846217109375001 0.5671052624999999 0.8723958328125001 0.563614765625 0.8672697375 0.5556834796875 0.8794407890624999
0 0.5513706140625 0.8693256578125 0.5544773390625 0.87574013125 0.5651133046875 0.8639802624999999 0.5621162281250001 0.8579495609375 0.5513706140625 0.8693256578125
1 0.21519371406249999 0.9203947375 0.21429093593749998 0.923135965625 0.21906067187499997 0.926707784375 0.219992690625 0.923848684375 0.21519371406249999 0.9203947375
0 0.1349780703125 0.98053728125 0.130884503125 0.9856085531250001 0.13800986875000001 0.9989254390625 0.1418110375 0.9940378296875 0.1349780703125 0.98053728125
0 0.059711257812499995 1 0.059798976562499995 0.9997395828125001 0.0577668125 0.9952576750000001 0.053790204687499996 1 0.059711257812499995 1
1 0.0627923984375 0.9990131578125 0.06613669531250001 0.9953947375000001 0.0619700296875 0.9873081140625001 0.0587353796875 0.990981359375 0.0627923984375 0.9990131578125
0 0.2057565796875 0.744928728125 0.1997624265625 0.7317708328125 0.195741959375 0.7360471484375 0.20155336250000003 0.7485471484375 0.2057565796875 0.744928728125
0 0.2944261703125 0.7514528515625 0.29729532187499996 0.756716009375 0.3044773390625 0.7481633765625 0.301900584375 0.74295504375 0.2944261703125 0.7514528515625
0 0.3324945171875 0.7615131578125001 0.3361111109375 0.7571271937499999 0.32894736875 0.7428508765624999 0.325126096875 0.7471052625 0.3324945171875 0.7615131578125001
1 0.32163377187500003 0.7669133765625 0.3237024859375 0.7646107453125001 0.319778875 0.756436403125 0.31770650625 0.75889254375 0.32163377187500003 0.7669133765625
1 0.706158625 0.0614583328125 0.711257309375 0.054989034375 0.7000548249999999 0.037225876562499996 0.694901315625 0.043338815625 0.706158625 0.0614583328125
1 0.7004020468750001 0.067653509375 0.70698099375 0.0608004390625 0.6938231 0.0401315796875 0.687591375 0.046408990625 0.7004020468750001 0.067653509375
1 0.6931834796875 0.0728618421875 0.699981725 0.0650767546875 0.6890350875 0.0481633765625 0.68257858125 0.055808662499999995 0.6931834796875 0.0728618421875
1 0.40084064374999995 0.50233004375 0.3963084796875 0.5070723687500001 0.4044316515625 0.5251754390625 0.40918311406249996 0.520424890625 0.40084064374999995 0.50233004375
1 0.394225146875 0.4672697375 0.3891812859375 0.47417763125 0.41655701718750004 0.5180921046875 0.42197002968749997 0.5107483546875 0.394225146875 0.4672697375
1 0.369992690625 0.47261513125 0.37582236875 0.46589912343749995 0.350328946875 0.41724232499999997 0.34453581875 0.423793859375 0.369992690625 0.47261513125
1 0.3572002921875 0.448903509375 0.35204678437500003 0.4389802625 0.33700657968750003 0.45559210468750005 0.3419042390625 0.46546052656250003 0.3572002921875 0.448903509375
0 0.3474780703125 0.44347587656250004 0.34358552656249997 0.43604714843750003 0.3327485375 0.4483278515625 0.3365679828125 0.45559210468750005 0.3474780703125 0.44347587656250004
0 0.3669225140625 0.36806469375 0.3631396203125 0.37261513125 0.37012609687500003 0.3857730265625 0.37399305625 0.38124451718749996 0.3669225140625 0.36806469375
1 0.3532474421875 0.34772478125 0.3474963453125 0.353536184375 0.35824195937500003 0.377001096875 0.3641812859375 0.37099780625 0.3532474421875 0.34772478125
0 0.3153691515625 0.3592653515625 0.3115862578125 0.363596490625 0.3181706875 0.3770038375 0.3219481 0.3728892546875 0.3153691515625 0.3592653515625
0 0.3544956140625 0.317626096875 0.35078581875000003 0.32110745625 0.35623903437500004 0.3341118421875 0.3600858921875 0.33054824531250004 0.3544956140625 0.317626096875
0 0.180007309375 0.3818256578125 0.1807017546875 0.3895833328125 0.1912646203125 0.38426535156249997 0.1899853796875 0.376617325 0.180007309375 0.3818256578125
0 0.201937134375 0.3775767546875 0.201114765625 0.3708333328125 0.1913011703125 0.374588815625 0.1916301171875 0.38100328906250003 0.201937134375 0.3775767546875
1 0.21891812812500003 0.36792214843750004 0.217653509375 0.35696271875 0.2005299703125 0.366036184375 0.202046784375 0.3771929828125 0.21891812812500003 0.36792214843750004
0 0.2069261703125 0.38706140312500004 0.208205409375 0.394216009375 0.2190423984375 0.3877192984375 0.21726973749999998 0.3803453953125 0.2069261703125 0.38706140312500004
1 0.24564144687499997 0.3865350875 0.24033260156249997 0.3916392546875 0.2509502921875 0.419133771875 0.25663377187499997 0.4138432015625 0.24564144687499997 0.3865350875
1 0.2662463453125 0.43432017500000003 0.2720394734375 0.4290570171875 0.254153875 0.3834895828125 0.2487189328125 0.3885992328125 0.2662463453125 0.43432017500000003
1 0.2720029234375 0.42782346562500007 0.2771381578125 0.4229769734375 0.26014254375 0.37941337656249996 0.25493969375000003 0.3837856359375 0.2720029234375 0.42782346562500007
0 0.2826206140625 0.42938596562500003 0.279367690625 0.42387609687500005 0.27077850937500003 0.43549890312499995 0.273885234375 0.4412006578125 0.2826206140625 0.42938596562500003
0 0.2888596484375 0.4424232453125 0.2860928359375 0.4365131578125 0.2767543859375 0.44616228125 0.279385965625 0.452001096875 0.2888596484375 0.4424232453125
0 0.32438962031249996 0.517456140625 0.321820175 0.511403509375 0.3122989765625 0.5212171046875 0.31485745625 0.5274945171875001 0.32438962031249996 0.517456140625
0 0.517867325 0.2619654609375 0.521339546875 0.267502740625 0.5304093562500001 0.2556195171875 0.5270595765625 0.25050712656249996 0.517867325 0.2619654609375
0 0.5272295328125 0.24956140312500003 0.5307017546874999 0.255098684375 0.5399853796875 0.24353070156249998 0.536421784375 0.2381030703125 0.5272295328125 0.24956140312500003
1 0.5400767546874999 0.1776041671875 0.5344481 0.18393640312499998 0.54462719375 0.20290570156249998 0.5505482453125 0.1959703953125 0.5400767546874999 0.1776041671875
0 0.045650584375 0.25227521875000003 0.045632309375 0.25674342031249997 0.051864034375 0.255071271875 0.051758040625 0.25009320156250003 0.045650584375 0.25227521875000003
0 0.0984283625 0.19007675468750002 0.0990862578125 0.195696271875 0.1092288015625 0.1908442984375 0.108241959375 0.18522478125 0.0984283625 0.19007675468750002
0 0.01962719375 0.12247807031249999 0.016630117187499998 0.1231907890625 0.0169407890625 0.1309758765625 0.019919590625 0.13023574531249998 0.01962719375 0.12247807031249999
0 0.37300255781249997 0.1469983546875 0.3694206875 0.1494928734375 0.37328216406250003 0.16016995625 0.3767361109375 0.1571820171875 0.37300255781249997 0.1469983546875
1 0.9124780703125 0.0585032890625 0.9113998531249999 0.056803728124999994 0.9082383046875 0.06108004375 0.9093165203125 0.06264254375 0.9124780703125 0.0585032890625
0 0.24353070156249998 0.49418859687500005 0.24146564375000001 0.4888157890625 0.2331341375 0.495948465625 0.23518823125 0.5014117328125 0.24353070156249998 0.49418859687500005
0 0.249928728125 0.51603344375 0.2522203953125 0.5211430921875 0.2633790203125 0.510043859375 0.2607346484375 0.504405153125 0.249928728125 0.51603344375
0 0.2654239765625 0.518366228125 0.262883771875 0.51318530625 0.254570540625 0.5221737937500001 0.2569078953125 0.527796053125 0.2654239765625 0.518366228125
0 0.26036184218749997 0.5354166671875 0.262591375 0.5405975875 0.271929825 0.5307017546874999 0.26970029218749997 0.525383771875 0.26036184218749997 0.5354166671875
0 0.2908899859375 0.4506743421875 0.288793859375 0.445370065625 0.2811988296875 0.452442434375 0.28335891874999997 0.45794407968749995 0.2908899859375 0.4506743421875
1 0.22108918125 0.371408990625 0.217543859375 0.3778782890625 0.23287280625 0.39429550468749996 0.2363432015625 0.3872231359375 0.22108918125 0.371408990625
0 0.1766264625 0.28283991249999996 0.18093201718750002 0.28147752187499997 0.1796783625 0.2677357453125 0.17584064375 0.2697642546875 0.1766264625 0.28283991249999996
1 0.3061019734375 0.3648382671875 0.30242324531250003 0.3720531796875 0.32410453281249996 0.3969572375 0.3279788015625 0.38903508750000004 0.3061019734375 0.3648382671875
1 0.3708241953125 0.4846107453125 0.366758040625 0.475438596875 0.34909905 0.49428453906250003 0.353179825 0.5032894734375 0.3708241953125 0.4846107453125
1 0.37478435625 0.49479440781250006 0.370614034375 0.48527960468750003 0.3565679828125 0.5012445171875 0.3607547515625 0.510071271875 0.37478435625 0.49479440781250006
0 0.49279970781250004 0.5165652406250001 0.49524853750000003 0.52266995625 0.5040423984375 0.5131441890625 0.5014345765625 0.5075219296875 0.49279970781250004 0.5165652406250001
0 0.4704678359375 0.548081140625 0.47357273437499997 0.5534703953125 0.48383771875 0.5429605265624999 0.48074195937499997 0.537341009375 0.4704678359375 0.548081140625
0 0.8094846484374999 0.025027412500000002 0.813742690625 0.0216282890625 0.8076937140625 0.007757675 0.8035508046875 0.01074013125 0.8094846484374999 0.025027412500000002
1 0.707152778125 0 0.6858735375 0.029714912500000003 0.6921052624999999 0.036677631249999995 0.7146198828125 0.0044407890625000005 0.71169590625 0 0.707152778125 0
0 0.3432200296875 0.7481907890625 0.3470394734375 0.7447642546875 0.34272478125 0.733651315625 0.3389053359375 0.736864034375 0.3432200296875 0.7481907890625
0 0.0932017546875 0.9718366234375001 0.09605263124999999 0.9777439687499999 0.104331140625 0.9677631578125 0.10148391875 0.9618558109374999 0.0932017546875 0.9718366234375001
0 0.2159831875 0.8587088812499999 0.218623903125 0.8650740125 0.22890168125 0.8544654609375 0.2259795328125 0.8483854171875 0.2159831875 0.8587088812499999
0 0.217203946875 0.9359457234375 0.220614034375 0.9395997812499999 0.22585891875000003 0.92735745625 0.2223190796875 0.923706140625 0.217203946875 0.9359457234375
0 0.41118238281249997 0.885438596875 0.4069261703125 0.8896381578125 0.41324926875 0.90553728125 0.41763523437499994 0.90076754375 0.41118238281249997 0.885438596875
0 0.4607456140625 0.8757565796875 0.4634247078125 0.8821491234375 0.4732894734375 0.873382675 0.47073099375 0.8664418859374999 0.4607456140625 0.8757565796875
0 0.60199013125 0.9143887062499999 0.6045321640625 0.9203125 0.6140679828125 0.9107346484375001 0.6113267546875 0.9046463812500001 0.60199013125 0.9143887062499999
0 0.5777375734375 0.918040021875 0.5806834796875 0.9238212718750001 0.5903216375 0.912713815625 0.5873775578125 0.9064720390625001 0.5777375734375 0.918040021875
0 0.5735745609375 0.9084429828125 0.576518640625 0.9139309203125 0.5854495609375 0.9035800437500001 0.5825073093750001 0.8981003296875001 0.5735745609375 0.9084429828125
0 0.5615003656249999 0.9227604171875001 0.5644426171875 0.928848684375 0.57479349375 0.9172807015625001 0.57205409375 0.911647478125 0.5615003656249999 0.9227604171875001
0 0.5779404234375 0.9270230265625001 0.5749963453125 0.9213898031250001 0.5646454671875001 0.9321984656250001 0.567489034375 0.9384320171875 0.5779404234375 0.9270230265625001
0 0.5686038015625 0.940112390625 0.571436403125 0.94605263125 0.5798684203125 0.9360032890625 0.5769261703125 0.9300657890625 0.5686038015625 0.940112390625
0 0.5796655703125 0.9503125000000001 0.5823099421875 0.9567160093749999 0.5907346484375 0.9484923249999999 0.58808845 0.9419407890624999 0.5796655703125 0.9503125000000001
0 0.7982090640624999 0.35381030625 0.7944133765625 0.3582044953125 0.8006962718749999 0.3706990125 0.8046418125000001 0.36631030625 0.7982090640624999 0.35381030625
0 0.8756030703125001 0.421376096875 0.872534721875 0.4165542765625 0.8656670328124999 0.4255427625 0.86858918125 0.43058388125 0.8756030703125001 0.421376096875
0 0.783991228125 0.5063596484375 0.781304825 0.5005208328124999 0.7715698093750001 0.510737390625 0.7747441515625 0.517132675 0.783991228125 0.5063596484375
0 0.910456871875 0.709969846875 0.9074122812500001 0.7139884875 0.9163011703124999 0.729331140625 0.9194682015625 0.7245833328125 0.910456871875 0.709969846875
0 0.6426187859375 0.8338130484375 0.6390168125 0.8381578953125001 0.64599780625 0.8513706140625 0.64952668125 0.8472368421875001 0.6426187859375 0.8338130484375
1 0.6325475140625 0.837088815625 0.6287280703125 0.8295778515625001 0.6136513156250001 0.8461896937500001 0.6177448828125 0.8537828953125001 0.6325475140625 0.837088815625
0 0.557741228125 0.80868146875 0.5541904234375 0.8124862937499999 0.5599415203125 0.8251699562500001 0.563578215625 0.8216282890625 0.557741228125 0.80868146875
1 0.555796784375 0.8403919953125 0.5546125734375 0.842042215625 0.558241959375 0.8483826750000001 0.5593494156250001 0.84686129375 0.555796784375 0.8403919953125
0 0.5629842843749999 0.8024643640625 0.5593494156250001 0.8061430921875001 0.56577668125 0.8221271937499999 0.5695723687500001 0.8185855265624999 0.5629842843749999 0.8024643640625
0 0.608143275 0.73459978125 0.6114400578125 0.73993969375 0.6202375734375 0.726735196875 0.6166008765625001 0.7224205046875001 0.608143275 0.73459978125
0 0.5984923249999999 0.8052439687499999 0.6013797515625 0.8106030703125 0.610972221875 0.79944353125 0.6078399125 0.79386513125 0.5984923249999999 0.8052439687499999
0 0.635687134375 0.8775520828125 0.638724415625 0.8837171046875 0.6493421046875001 0.8722669953125 0.646160453125 0.8660279609374999 0.635687134375 0.8775520828125
1 0.9737024859375 0.8058497812500001 0.9791118421875 0.8010416671874999 0.9691721484375 0.775383771875 0.96347405 0.780424890625 0.9737024859375 0.8058497812500001
0 0.980277778125 0.710498903125 0.9840826015624999 0.7047971484375 0.9767708328125 0.6909923250000001 0.9726790937500001 0.6966831140624999 0.980277778125 0.710498903125
1 0.925365496875 0.5672697375 0.9269736843749999 0.5649945171875 0.92358918125 0.55954495625 0.9220577484374999 0.5618146937499999 0.925365496875 0.5672697375
1 0.912028509375 0.1708744515625 0.91079495625 0.17281249999999998 0.9132017546875 0.17721765312499999 0.914671053125 0.17554550468750002 0.912028509375 0.1708744515625
1 0.9085635968749999 0.1712280703125 0.90733004375 0.1730783984375 0.9103252921875 0.177483553125 0.911734284375 0.17536732500000002 0.9085635968749999 0.1712280703125
0 0.8253801171875 0.1262171046875 0.8220321640625 0.121192434375 0.8136147656249999 0.13048245625 0.8168567250000001 0.13595942968750002 0.8253801171875 0.1262171046875
1 0.732419590625 0.1041666671875 0.7372807015625 0.1109649125 0.750294225 0.0962006578125 0.745089546875 0.08941337656250001 0.732419590625 0.1041666671875
1 0.656615496875 0.09553179843750001 0.6609466375 0.10389254375000001 0.6764967109375 0.0883278515625 0.6725676171875 0.081137609375 0.656615496875 0.09553179843750001
1 0.651991959375 0.088678728125 0.6557565796875 0.09564144687500001 0.6678527046875 0.0836129390625 0.6639985375 0.0771381578125 0.651991959375 0.088678728125
1 0.5858187140625 0.1021107453125 0.590222953125 0.09668311406249999 0.5818165203125 0.0826754390625 0.57733004375 0.08738486875 0.5858187140625 0.1021107453125
0 0.19405701718749999 0.1353591015625 0.19756944375000002 0.13264802656250002 0.193830409375 0.11991228125 0.19043676874999999 0.12279879375 0.19405701718749999 0.1353591015625
0 0.10640168125 0.04251370625 0.1052997078125 0.037198465624999996 0.0982273390625 0.0412280703125 0.0990935671875 0.0467571265625 0.10640168125 0.04251370625
0 0.15513523437500001 0.009786184375 0.15707236875 0.0147203953125 0.16385233906250002 0.0087719296875 0.1618238296875 0.0035087718750000003 0.15513523437500001 0.009786184375
0 0.29683845 0.11609100937500001 0.3002923984375 0.1135416671875 0.296436403125 0.1031524125 0.2931103796875 0.10586622812499999 0.29683845 0.11609100937500001
0 0.6654184937500001 0.124586075 0.66796418125 0.12020285156249999 0.6592891078124999 0.1104413375 0.656366959375 0.114684759375 0.6654184937500001 0.124586075
0 0.6026133046875 0.128536184375 0.5988486843749999 0.1327850875 0.605919225 0.143963815625 0.609685671875 0.1397203953125 0.6026133046875 0.128536184375
0 0.6958899859375001 0.2120778515625 0.69298245625 0.207952303125 0.6864601609375 0.21679276249999999 0.6896034359375001 0.221036184375 0.6958899859375001 0.2120778515625
0 0.7205043859375 0.5115679828124999 0.7173428359375 0.5152960531249999 0.7233735375 0.525413925 0.7267178359375001 0.5215734656250001 0.7205043859375 0.5115679828124999
0 0.7136878656250001 0.50076754375 0.7107346484375 0.5043941890625 0.7166940796875 0.5148053734375 0.71950840625 0.5112691890625001 0.7136878656250001 0.50076754375
0 0.6033442984375 0.6333059203125 0.59996345 0.6369791671875 0.60577668125 0.6475740125 0.6089985375 0.64391995625 0.6033442984375 0.6333059203125
1 0.351864034375 0.7344024124999999 0.3546783625 0.7314692984375 0.35168311406249997 0.7246546046875 0.34881944374999996 0.7273766453125 0.351864034375 0.7344024124999999
0 0.3586860375 0.7338541671875001 0.3623702484375 0.7297615125 0.3552302625 0.7156496703124999 0.3515478796875 0.7196683109374999 0.3586860375 0.7338541671875001
1 0.248866959375 0.47870065781250004 0.24579678437500002 0.471573465625 0.23253837656249998 0.484358553125 0.23541666718749998 0.49152960468750007 0.248866959375 0.47870065781250004
0 0.30860745624999997 0.4764254390625 0.3055921046875 0.472313596875 0.29948282187499997 0.48137609687499994 0.30237573125 0.48514254375 0.30860745624999997 0.4764254390625
1 0.4927631578125 0.5842653515625 0.49610745625 0.5816885968750001 0.49289108125 0.5723958328125 0.48949561406250003 0.5746792765625 0.4927631578125 0.5842653515625
0 0.4341557015625 0.9771107453125 0.437956871875 0.9733004390625 0.43070175468749994 0.95860745625 0.42697368437499994 0.9627192984375 0.4341557015625 0.9771107453125
1 0.205793128125 0.4016995609375 0.2036549703125 0.3936677625 0.19170321562499998 0.40367324531250004 0.194133771875 0.41156798281249996 0.205793128125 0.4016995609375
0 0.3212536546875 0.5071546046875001 0.3184758765625 0.5015899125 0.311472953125 0.50925986875 0.3142909359375 0.515186403125 0.3212536546875 0.5071546046875001
0 0.3185672515625 0.5003289468750001 0.3157711984375 0.49547697343749997 0.3072277046875 0.505679825 0.3101845765625 0.5109649125 0.3185672515625 0.5003289468750001
0 0.311385234375 0.4865405703125 0.3083698828125 0.48188048281249996 0.30036549687499997 0.4920504390625 0.303435671875 0.49731359687500004 0.311385234375 0.4865405703125
0 0.3380482453125 0.7559758765625 0.341867690625 0.7529331140625 0.3373172515625 0.7396929828125 0.3334247078125 0.7432565796875 0.3380482453125 0.7559758765625
0 0.3267726609375 0.766036184375 0.3305921046875 0.762033990625 0.3250731 0.748903509375 0.3213084796875 0.7530153515625 0.3267726609375 0.766036184375
0 0.31803728124999997 0.7763706140625 0.321564328125 0.7717105265625 0.3141264625 0.7575109656250001 0.31036184218749996 0.7620065796875 0.31803728124999997 0.7763706140625
1 0.2233187140625 0.39618969375 0.221820175 0.3875822375 0.20570175468750002 0.3955592109375 0.206688596875 0.40435855312499996 0.2233187140625 0.39618969375
1 0.251187865625 0.5009046046875001 0.24691155 0.4912006578125 0.23578216406250002 0.5022203953125 0.24031432812500003 0.5124725875 0.251187865625 0.5009046046875001
0 0.7965661546875 0 0.7998903515625 0.0064144734375 0.80385599375 0.003070175 0.8022350140625001 0 0.7965661546875 0
0 0.8094846484374999 0 0.8119883046874999 0.0030317984375 0.8150383765625 0 0.8094846484374999 0
0 0.8782346484374999 0.4498629390625 0.8817616953125 0.4459155703125 0.8789473687499999 0.4407072375 0.8755665203125 0.4447094296875 0.8782346484374999 0.4498629390625
1 0.63985745625 0.07116228125 0.6442616953125 0.0802631578125 0.655751096875 0.06852521875 0.651169590625 0.060416667187499995 0.63985745625 0.07116228125
1 0.6445175437499999 0.0802631578125 0.6489400578125 0.08887061406249999 0.6607821640625 0.0766995609375 0.65621345 0.0689144734375 0.6445175437499999 0.0802631578125
1 0.61023391875 0.054331140624999996 0.604367690625 0.05901864062499999 0.617543859375 0.0857182015625 0.6238121343749999 0.08042763124999999 0.61023391875 0.054331140624999996
1 0.9800073093749999 0.8469572375000001 0.9785270468749999 0.843421053125 0.9728070171875001 0.8477796046874999 0.97421418125 0.851617325 0.9800073093749999 0.8469572375000001
1 0.7635416671875 0.276178728125 0.7602704671875 0.280016446875 0.7642726609375 0.287938596875 0.767598684375 0.284018640625 0.7635416671875 0.276178728125
0 0.9621893281249999 0.9631578953125001 0.9662097953125001 0.9576206140625001 0.9593896203125001 0.9455729171874999 0.9556103796875 0.9509868421875 0.9621893281249999 0.9631578953125001
0 0.9755299703125001 0.8872807015624999 0.971418128125 0.8815789468749999 0.9641081874999999 0.8918585531250001 0.9683369890625 0.897856359375 0.9755299703125001 0.8872807015624999
0 0.804375 0.150268640625 0.8018274859375 0.1454221484375 0.7935855265625 0.154331140625 0.7961805562500001 0.15945723750000002 0.804375 0.150268640625
0 0.7798245609375 0.1791392546875 0.776955409375 0.1737116234375 0.768044590625 0.1831469296875 0.7709247078125 0.188706140625 0.7798245609375 0.1791392546875
0 0.7604166671875 0.204221490625 0.7572733921875 0.1989857453125 0.7497441515625 0.207456140625 0.752759503125 0.2127467109375 0.7604166671875 0.204221490625
1 0.73828581875 0.028481359374999998 0.74459064375 0.0216831140625 0.7322002921874999 0.000054825000000000004 0.7262975140625 0.0064692984375 0.73828581875 0.028481359374999998
1 0.74459064375 0.049945175 0.7478435671875 0.055235745312499994 0.7584795328125 0.044051534375 0.755171784375 0.0391447375 0.74459064375 0.049945175
1 0.7361111109375 0.0688870609375 0.7396016078125001 0.07497258749999999 0.754331140625 0.05805921093750001 0.7506944437499999 0.052658990625 0.7361111109375 0.0688870609375
1 0.7127375734375 0.08670504375 0.716849415625 0.0943804828125 0.7364894 0.07311951718750001 0.7319078953125 0.06631030624999999 0.7127375734375 0.08670504375
1 0.789267178125 0.12747258749999998 0.7866959062500001 0.12357456093750001 0.7818018999999999 0.12983004375 0.7843567250000001 0.13385690781249998 0.789267178125 0.12747258749999998
0 0.7525402046874999 0.054879385937500004 0.7556469296875 0.059786184374999995 0.7629020468750001 0.05087719375000001 0.759703946875 0.046436403125 0.7525402046874999 0.054879385937500004
1 0.7418859656250001 0.044051534375 0.744919590625 0.0493695171875 0.7535635968750001 0.039391446875 0.750347221875 0.0345668859375 0.7418859656250001 0.044051534375
0 0.48963815781250003 0.04298245625 0.48612938593750005 0.046847587499999996 0.49248903437499997 0.0575657890625 0.495741959375 0.053591009375 0.48963815781250003 0.04298245625
1 0.0807017546875 0.05693530625 0.08163377187500001 0.0595668859375 0.085562865625 0.057346490625 0.0845942984375 0.054769737500000006 0.0807017546875 0.05693530625
1 0.73196271875 0.063596490625 0.735471490625 0.069188596875 0.7469846484375 0.055180920312500006 0.7434941515625 0.050411184374999994 0.73196271875 0.063596490625
0 0.664418859375 0.9131030703125 0.6686769 0.9075383765625 0.659850146875 0.8929824562500001 0.6556469296875 0.8985471484374999 0.664418859375 0.9131030703125
0 0.6505116953125001 0.9165296046875 0.6532894734375 0.9107456140625001 0.6438596484375 0.9015350874999999 0.6411677625000001 0.9072834437499999 0.6505116953125001 0.9165296046875
0 0.8315387421875 0.0767955046875 0.8282711984375 0.0712993421875 0.8202119890624999 0.0794133765625 0.8232638890624999 0.084841009375 0.8315387421875 0.0767955046875
1 0.9834978062499999 0.8513157890624999 0.9814327484375 0.8478892546875001 0.9762426906250001 0.8530153515625001 0.9782894734375001 0.8567708328125001 0.9834978062499999 0.8513157890624999
1 0.653117690625 0.12514254375 0.6497076015625 0.1303453953125 0.6626644734375 0.1442708328125 0.665990496875 0.138623903125 0.653117690625 0.12514254375
1 0.656158625 0.1140899125 0.6512792390625 0.1203125 0.6669407890625 0.13947368437500002 0.6720029234375 0.132401315625 0.656158625 0.1140899125
1 0.66162280625 0.10548245625 0.665953946875 0.1125 0.6813413749999999 0.0943804828125 0.677125365625 0.08809210468749999 0.66162280625 0.10548245625
0 0.5996875 0.75425986875 0.607383040625 0.7442406796875 0.6040844296875 0.7387856359375 0.596812865625 0.7491858546875 0.5996875 0.75425986875
1 0.4119334796875 0.46784539531249997 0.4068896203125 0.47387609687500004 0.4168786546875 0.492757675 0.42211257343749997 0.486403509375 0.4119334796875 0.46784539531249997
1 0.4185745609375 0.4615268640625 0.41337719375 0.4678179828125 0.42728435625000005 0.491091009375 0.432456140625 0.484375 0.4185745609375 0.4615268640625