1 0.7414473687500001 0.0478892546875 0.7336988296875 0.0525493421875 0.7486330406249999 0.0978125 0.7561403515625 0.09273574531249999 0.7414473687500001 0.0478892546875
1 0.7715533625 0.0740241234375 0.769234284375 0.0660444078125 0.7550986843749999 0.0736293859375 0.757501828125 0.081663925 0.7715533625 0.0740241234375
0 0.7688413749999999 0.0756304828125 0.7650950296875 0.0782894734375 0.769828215625 0.09150219375 0.7737755843749999 0.08887061406249999 0.7688413749999999 0.0756304828125
0 0.774689328125 0.08777138125 0.775268640625 0.09428453906249999 0.7834521203125 0.092584978125 0.7829788015625 0.085995065625 0.774689328125 0.08777138125
0 0.7936038015625 0.0665296046875 0.79131944375 0.0615405703125 0.78207236875 0.0689692984375 0.7841922515624999 0.07431469375000001 0.7936038015625 0.0665296046875
0 0.8009320171875001 0.05271381562500001 0.8002010234375 0.046518640625 0.7897295328125 0.04967379375 0.7904422515625 0.055783990625 0.8009320171875001 0.05271381562500001
0 0.797222221875 0.0459155703125 0.795796784375 0.039501096875 0.78521564375 0.044133771875 0.7866959062500001 0.0504934203125 0.797222221875 0.0459155703125
0 0.794831871875 0.040233004687500004 0.7936038015625 0.0345942984375 0.7850328953125 0.037911184375000004 0.7861842109375 0.043804825 0.794831871875 0.040233004687500004
0 0.8280610375 0.025054824999999996 0.8266447375 0.019078946875 0.8152083328125 0.024202303124999998 0.8167872812500001 0.03021655625 0.8280610375 0.025054824999999996
0 0.8044225140625001 0.0251644734375 0.8075475140625 0.0311403515625 0.8173611109375001 0.0205592109375 0.8140533624999999 0.014912281250000001 0.8044225140625001 0.0251644734375
0 0.8076388890624999 0.011104715625 0.8094663750000001 0.016776315625 0.81834978125 0.010550987500000001 0.81637426875 0.005043859375 0.8076388890624999 0.011104715625
0 0.8036001468749999 0.0100328953125 0.79919590625 0.008717104687500001 0.79683845 0.026069079687500003 0.8015168125000001 0.026864034375 0.8036001468749999 0.0100328953125
1 0.7897076015625 0.0808196265625 0.7865679828125 0.071875 0.7722898390624999 0.0812280703125 0.7747441515625 0.08988486875 0.7897076015625 0.0808196265625
0 0.7956286546875 0.0860169953125 0.793329678125 0.0796600875 0.7828399125 0.08658717031249999 0.7849232453125 0.0930756578125 0.7956286546875 0.0860169953125
1 0.8003179828125001 0.0763870609375 0.8038194437499999 0.07291118437500001 0.7973190796875 0.058188048437499994 0.793528875 0.0614254390625 0.8003179828125001 0.0763870609375
1 0.0178179828125 0.61951754375 0.0119152046875 0.6273574562500001 0.027328215625000003 0.658908990625 0.03349780625 0.650054825 0.0178179828125 0.61951754375
1 0.041008771875 0.6564692984375 0.03396564375 0.6647560312499999 0.050206506250000005 0.704046053125 0.057205775 0.6954769734374999 0.041008771875 0.6564692984375
1 0.030034721874999996 0.6714117328125 0.02299159375 0.679698465625 0.040314328125 0.72113486875 0.047185671875 0.7127467109375 0.030034721874999996 0.6714117328125
1 0.039846490624999995 0.6621217109375 0.0328033625 0.67040844375 0.049044225000000004 0.709698465625 0.05604349374999999 0.7011293859375 0.039846490624999995 0.6621217109375
1 0.05990131562499999 0.5794517546875 0.0560489765625 0.5694078953124999 0.04455409375 0.581606359375 0.0484521203125 0.5910882671875 0.05990131562499999 0.5794517546875
1 0.056054459375 0.5693256578125 0.050712718749999997 0.5615405703125 0.041081871874999995 0.5775219296875 0.046418128125 0.5849780703125 0.056054459375 0.5693256578125
1 0.0474963453125 0.5523300437499999 0.04305555625 0.5436677624999999 0.0337353796875 0.5560307015625 0.038011695312499996 0.5649945171875 0.0474963453125 0.5523300437499999
0 0.008132309375 0.5174890343749999 0.0107638890625 0.5134320171875 0.00551900625 0.5049506578125 0.0028874265625 0.508706140625 0.008132309375 0.5174890343749999
0 0.19484649062499998 0.9931743421875 0.198885234375 0.9876644734375001 0.1908808484375 0.975054825 0.1872076015625 0.9808114031249999 0.19484649062499998 0.9931743421875
1 0.192408625 0.91600603125 0.19142909375 0.9173821265625 0.1940497078125 0.9224479171875 0.19512426875 0.9212637062500001 0.192408625 0.91600603125
1 0.151463815625 0.956932565625 0.1477887421875 0.9486293859374999 0.1219042390625 0.9751233546875 0.1257711984375 0.983591009375 0.151463815625 0.956932565625
1 0.1112737578125 1 0.1255482453125 0.9851891453125001 0.121875 0.976885965625 0.0992909359375 1 0.1112737578125 1
1 0.1347916671875 0.9910416671875 0.130921053125 0.9822368421875 0.1127741234375 0.9998903515625001 0.125475146875 1 0.1347916671875 0.9910416671875
1 0.07737573125 0.9609457234375001 0.0847971484375 0.955953946875 0.0755756578125 0.9221491234375 0.06826206093750001 0.926976425 0.07737573125 0.9609457234375001
1 0.030149853124999997 0.9367955046875001 0.0329130109375 0.945696271875 0.056472953125 0.9273656796875 0.053527046875 0.9181332234375 0.030149853124999997 0.9367955046875001
0 0.32733918125 0.8216557015625 0.324524853125 0.8158991234374999 0.3148099421875 0.8259649124999999 0.31763888906250004 0.8317543859375001 0.32733918125 0.8216557015625
0 0.3136111109375 0.839032346875 0.310796784375 0.8332757671875 0.301081871875 0.8433415562500001 0.30391081875000003 0.84913103125 0.3136111109375 0.839032346875
0 0.2923428359375 0.8516447375 0.29449926875 0.8562225874999999 0.30194992656249997 0.8478591015625 0.2997441515625 0.8434758765625 0.2923428359375 0.8516447375
0 0.293517909375 0.85775219375 0.2908607453125 0.8519490125000001 0.2811038015625 0.8624177625 0.2838084796875 0.868338815625 0.293517909375 0.85775219375
0 0.290186403125 0.8461074562500001 0.287975146875 0.8412828953125 0.2810672515625 0.8485471484374999 0.28338815781250004 0.8533168859375 0.290186403125 0.8461074562500001
0 0.25073464843750004 0.879147478125 0.253070175 0.88358004375 0.2609667390625 0.8736239031249999 0.2584649125 0.8692571265625 0.25073464843750004 0.879147478125
0 0.271096490625 0.8442351968749999 0.2669225140625 0.8482730265624999 0.272203946875 0.8614309203125 0.2764071640625 0.8573464906250001 0.271096490625 0.8442351968749999
0 0.2655153515625 0.8481085531250001 0.26154970781250003 0.851973684375 0.2670687140625 0.865679825 0.27116228124999997 0.8617324562500001 0.2655153515625 0.8481085531250001
0 0.2640533625 0.82886513125 0.25975877187499996 0.8327850874999999 0.265625 0.8467160093749999 0.2697185671875 0.842768640625 0.2640533625 0.82886513125
0 0.25898391875 0.832883771875 0.254689328125 0.836803728125 0.26055555625000004 0.8507346484375 0.2646491234375 0.8467872812499999 0.25898391875 0.832883771875
0 0.378508771875 0.59144736875 0.3743786546875 0.5950383765625 0.3803179828125 0.6101151312499999 0.384393275 0.6066611843749999 0.378508771875 0.59144736875
1 0.7489766078125 0.9849917765624999 0.74860745625 0.97634594375 0.7327923984375 0.9781633765625 0.7333516078125 0.9874725874999999 0.7489766078125 0.9849917765624999
0 0.80625 0.6489857453125001 0.804989034375 0.6423245609375 0.7942616953125 0.6470942984375 0.7956871343749999 0.65391995625 0.80625 0.6489857453125001
0 0.799561403125 0.6662828953125 0.8034539468749999 0.6709703953124999 0.811366959375 0.6583881578125 0.8076388890624999 0.6533442984375 0.799561403125 0.6662828953125
0 0.8199744156250001 0.5873355265625 0.8149616234374999 0.5913815796875 0.820608553125 0.60650219375 0.8253837718750001 0.6026315796875 0.8199744156250001 0.5873355265625
0 0.8330025578125 0.575608553125 0.8373720765625 0.5731633765625 0.8333972953125001 0.557332784375 0.8290021937500001 0.5598190796875 0.8330025578125 0.575608553125
0 0.813706140625 0.5608004390625 0.8102266078125 0.564385965625 0.81555555625 0.5757017546875 0.8190241234375 0.5720668859375 0.813706140625 0.5608004390625
1 0.8682035812500001 0.7444572375 0.871783625 0.7545230265625 0.8901443718750001 0.7387171046875001 0.8868110375 0.7289391453125 0.8682035812500001 0.7444572375
1 0.8876078218749999 0.726674890625 0.8914108187500001 0.7379385968750001 0.9142543859375 0.7190789468750001 0.9106542390625 0.708278509375 0.8876078218749999 0.726674890625
1 0.9218384500000001 0.6995065796875 0.91959978125 0.6879002187500001 0.8812591375000001 0.70609375 0.8833059203125 0.7176918859375 0.9218384500000001 0.6995065796875
1 0.90071271875 0.6177631578125 0.89926900625 0.6080317984375 0.8591374265624999 0.6189692984375 0.8605116953125 0.6293530703125 0.90071271875 0.6177631578125
0 0.8865131578125001 0.5437774125 0.8849232453125 0.5375 0.873739034375 0.5432017546875 0.8751827484374999 0.5495888156250001 0.8865131578125001 0.5437774125
0 0.868841375 0.5275767546875 0.8669225140625001 0.5212171046875 0.8556286546875 0.528563596875 0.857510965625 0.5348958328125 0.868841375 0.5275767546875
0 0.97358004375 0.5704934203125 0.9727887421875 0.565186403125 0.9641684937500001 0.567782346875 0.96483918125 0.573108553125 0.97358004375 0.5704934203125
0 0.961239034375 0.5595668859375 0.9628472218749999 0.5655975875 0.972222221875 0.560553728125 0.9705226609375 0.5543859656250001 0.961239034375 0.5595668859375
1 0.9648976609375 0.5410307015625 0.9635380109374999 0.5348793859375001 0.9516081875 0.5408333328125 0.95305555625 0.5471491234375 0.9648976609375 0.5410307015625
0 0.9260964906250001 0.54300986875 0.9281981 0.5500822375000001 0.938633040625 0.5432017546875 0.936257309375 0.5364309203125 0.9260964906250001 0.54300986875
0 0.9325475140625 0.5232730265625001 0.929989034375 0.517132675 0.9200840640625 0.525054825 0.9224415203125 0.5313870609375 0.9325475140625 0.5232730265625001
0 0.916849415625 0.524561403125 0.9151498531250001 0.5190241234374999 0.9067251468749999 0.5243421046875001 0.9084429828125 0.530098684375 0.916849415625 0.524561403125
0 0.91648391875 0.5122258765625001 0.9186951750000001 0.5176809203125 0.9284173984375 0.509073465625 0.9260599421875 0.5033168859375 0.91648391875 0.5122258765625001
0 0.9122898390625 0.5048793859375 0.910453215625 0.49931469375 0.901390715625 0.50576754375 0.9031615499999999 0.5114309203125 0.9122898390625 0.5048793859375
0 0.9111293859374999 0.4966831140625 0.9132492687499999 0.502796053125 0.9220705406249999 0.496195175 0.9200840640625 0.49046052656250005 0.9111293859374999 0.4966831140625
0 0.9205774859375 0.478591009375 0.9186403515625001 0.47338267500000003 0.9097770468749999 0.48056469375 0.91171418125 0.48591008750000003 0.9205774859375 0.478591009375
0 0.9600822375 0.489320175 0.9578983921875001 0.48347861875 0.9490296046875001 0.48999177656250004 0.9513157890624999 0.496546053125 0.9600822375 0.489320175
0 0.95708150625 0.4790953953125 0.95553728125 0.472971490625 0.945741959375 0.4790844296875 0.9474049703125 0.48506030625 0.95708150625 0.4790953953125
0 0.9553545328125 0.470668859375 0.9536001468749999 0.464391446875 0.9432200296875 0.4708059203125 0.944846490625 0.4770833328125 0.9553545328125 0.470668859375
0 0.94133771875 0.462856359375 0.9434027781250001 0.4685581140625 0.9533991234375 0.46016995625 0.951206140625 0.45455043906250003 0.94133771875 0.462856359375
0 0.9373355265625 0.45386513125 0.93974780625 0.46008771875 0.9503837718750001 0.451096490625 0.9481176906250001 0.444983553125 0.9373355265625 0.45386513125
0 0.9751864031249999 0.40367050468750004 0.976703215625 0.40921326718750006 0.9857346484375 0.40428728124999996 0.984312865625 0.398648575 0.9751864031249999 0.40367050468750004
1 0.9570540937500001 0.41148574531250004 0.9572002921875 0.4134868421875 0.961366959375 0.41263706093749997 0.961239034375 0.4107456140625 0.9570540937500001 0.41148574531250004
0 0.9544225140625 0.421546053125 0.9530153515625001 0.4153782890625 0.9424707609375 0.42014802656250005 0.9438596484374999 0.4265625 0.9544225140625 0.421546053125
0 0.9447733921875001 0.3869791671875 0.9430190062499999 0.3813322375 0.9328947375000001 0.3881304828125 0.9347660812499999 0.3941557015625 0.9447733921875001 0.3869791671875
0 0.903472221875 0.460992325 0.9076388890624999 0.45789473750000004 0.9035087718750001 0.445367325 0.89914108125 0.44835526249999996 0.903472221875 0.460992325
0 0.8882383046875001 0.46620888125000004 0.8921034359375 0.46535635937500003 0.8907711984375 0.45205592031249997 0.8870266812500001 0.4527384875 0.8882383046875001 0.46620888125000004
0 0.8727923984375 0.45040021875 0.8683187140624999 0.45434758750000004 0.874713084375 0.4701370609375 0.8791666671874999 0.4665844296875 0.8727923984375 0.45040021875
0 0.8680573828125 0.4805893640625 0.873899853125 0.478692434375 0.870820540625 0.461247259375 0.8650840640625 0.46294407968750007 0.8680573828125 0.4805893640625
0 0.8573501468750001 0.46294682031249995 0.8525073093750001 0.4655921046875 0.8565606718750001 0.48256578906250003 0.86180555625 0.4795230265625 0.8573501468750001 0.46294682031249995
0 0.8516392546875 0.4655921046875 0.846560671875 0.46784265312500006 0.84990314375 0.48517269687500003 0.8552266078124999 0.48283991249999997 0.8516392546875 0.4655921046875
0 0.838687865625 0.49004934218749996 0.8432748531250001 0.48634868437499995 0.8376644734375001 0.47058662343749996 0.8330774859375 0.47417763125 0.838687865625 0.49004934218749996
0 0.8268293124999999 0.500679825 0.8313139625 0.49788651249999993 0.8273976609375 0.481307565625 0.8226918859374999 0.48372258749999997 0.8268293124999999 0.500679825
0 0.8180701750000001 0.5106606359375 0.8225548249999999 0.507867325 0.8186385234375001 0.49128837656249996 0.8139345765625 0.4937033984375 0.8180701750000001 0.5106606359375
0 0.8115679828125 0.5151041671875001 0.8164473687499999 0.5120065796875 0.8114035093749999 0.4958059203125 0.8065643281250001 0.4985416671875 0.8115679828125 0.5151041671875001
0 0.804221490625 0.5185307015625 0.8090460531250001 0.5153234656250001 0.8040935671874999 0.49945175468749997 0.7994152046874999 0.5026315796875 0.804221490625 0.5185307015625
0 0.797350146875 0.5189418859375 0.8020102343750001 0.5152960531249999 0.7972733921875 0.5003700656250001 0.7925950296875001 0.503549890625 0.797350146875 0.5189418859375
0 0.918581871875 0.3746875 0.9140899125 0.3775219296875 0.918581871875 0.3928453953125 0.923062865625 0.38988486875 0.918581871875 0.3746875
0 0.9133260234374999 0.3776343203125 0.9088340640625001 0.38046600937499997 0.9135051171875 0.3962719296875 0.9182200296874999 0.3931195171875 0.9133260234374999 0.3776343203125
0 0.9069809937500001 0.3811677625 0.9024671046874999 0.383936403125 0.9067251468749999 0.4 0.9111111109375001 0.39714912343750003 0.9069809937500001 0.3811677625
0 0.9022441515624999 0.38461622812499996 0.8977266078125 0.387445175 0.9021564328125 0.40397478124999997 0.9067616953125001 0.4009594296875 0.9022441515624999 0.38461622812499996
0 0.899561403125 0.40227521875 0.8950292390625 0.405838815625 0.900705409375 0.420992325 0.905116959375 0.4172971484375 0.899561403125 0.40227521875
0 0.8901717843749999 0.4254934203125 0.888706140625 0.41894188593750004 0.8774963453125 0.424473684375 0.8791666671874999 0.43105811406249994 0.8901717843749999 0.4254934203125
0 0.8773209062499999 0.43101973750000006 0.8759393281250001 0.4246381578125 0.8652412281249999 0.4294407890625 0.8665752921875001 0.4360855265625 0.8773209062499999 0.43101973750000006
0 0.8632200296875 0.43549342031249993 0.8615679828125 0.4290570171875 0.8517945906250001 0.433848684375 0.8533991234375 0.4407346484375 0.8632200296875 0.43549342031249993
0 0.84460891875 0.44377741249999997 0.8430555562500001 0.437966009375 0.8341557015625 0.44303728124999997 0.8357090640625 0.4490131578125 0.84460891875 0.44377741249999997
0 0.8145467843749999 0.453070175 0.815972221875 0.4592653515625 0.826133040625 0.45381030625 0.824634503125 0.44775219374999997 0.8145467843749999 0.453070175
0 0.7904239765625001 0.46148574531250003 0.7861111109375 0.4650767546875 0.792052265625 0.47953399062499996 0.7963084796875 0.4755756578125 0.7904239765625001 0.46148574531250003
0 0.7642543859375001 0.4837445171875 0.7627375734374999 0.47782346562500005 0.7537646203125 0.48259320156249996 0.7553179828125 0.48876096562500004 0.7642543859375001 0.4837445171875
0 0.5686220765625001 0.34901315781250003 0.5642543859375 0.351178728125 0.5681761703125 0.367042215625 0.5724963453125 0.36452850937500003 0.5686220765625001 0.34901315781250003
0 0.5587298984375 0.35527960468750003 0.5541758046874999 0.35819901249999997 0.55855263125 0.37319078906250003 0.5630482453125001 0.3701480265625 0.5587298984375 0.35527960468750003
0 0.8770906437500001 0.28724780625 0.8757492687499999 0.28053728125 0.8639985375 0.284616228125 0.8650950296875 0.29162280625000003 0.8770906437500001 0.28724780625
0 0.9398245609375 0.3002357453125 0.9350511703125 0.303135965625 0.9389071640625 0.3177357453125 0.9438413750000001 0.314901315625 0.9398245609375 0.3002357453125
0 0.9477521937500001 0.2962719296875 0.9439692984375 0.2990953953125 0.9479349421875 0.3107456140625 0.9516081875 0.307757675 0.9477521937500001 0.2962719296875
0 0.9545869890625 0.28977521875 0.9493969296874999 0.2931770828125 0.9542470765625 0.309092653125 0.9596856718750001 0.30575657968750003 0.9545869890625 0.28977521875
0 0.968804825 0.28303179843750004 0.9636622812500001 0.2859018640625 0.9677083328125 0.3013157890625 0.9729349421875 0.2987116234375 0.968804825 0.28303179843750004
0 0.9820120609374999 0.2807565796875 0.9768695171875 0.28362390312499997 0.9809155703125001 0.2990405703125 0.9861421781249999 0.296436403125 0.9820120609374999 0.2807565796875
1 0.9762244156250001 0.2807565796875 0.969828215625 0.2845394734375 0.97584064375 0.3064144734375 0.9824378656249999 0.3024945171875 0.9762244156250001 0.2807565796875
0 0.9280025578125001 0.35668037343750003 0.9265241234375001 0.35031524062499997 0.916703215625 0.3555921046875 0.918187134375 0.3616831140625 0.9280025578125001 0.35668037343750003
0 0.9768457609375 0.1704906796875 0.9719755109375001 0.1732154609375 0.974713084375 0.1842269734375 0.9796235375 0.1817434203125 0.9768457609375 0.1704906796875
1 0.43563596562500007 0.58053728125 0.4290387421875 0.58511513125 0.43790935624999994 0.61586896875 0.44449926875 0.61170504375 0.43563596562500007 0.58053728125
1 0.442671784375 0.5422423249999999 0.4353983921875 0.545723684375 0.4477741234375 0.5975466015625 0.4546107453125 0.593538925 0.442671784375 0.5422423249999999
1 0.4514254390625 0.5422697375000001 0.4446637421875 0.54758771875 0.45511513125 0.5803645828125 0.4622532890625 0.57535361875 0.4514254390625 0.5422697375000001
1 0.393311403125 0.50230263125 0.3966739765625 0.5123629390625 0.41639254374999995 0.49695723750000004 0.41282894687500005 0.4868969296875 0.393311403125 0.50230263125
1 0.5211458328125 0.4928645828125 0.5274488296875 0.48900767500000003 0.5197551171875 0.457346490625 0.5131213453125001 0.4609649125 0.5211458328125 0.4928645828125
1 0.5259137421875 0.419051534375 0.5217836250000001 0.41011513125 0.5029239765625 0.4280180921875 0.50699926875 0.4372258765625 0.5259137421875 0.419051534375
1 0.5197934937500001 0.44240405625 0.522341009375 0.45256030625 0.55699926875 0.43255208281249996 0.5541118421875 0.4225054828125 0.5197934937500001 0.44240405625
1 0.5885946640624999 0.3976041671875 0.5672039468750001 0.4160197375 0.5563413749999999 0.4212719296875 0.5595211984375 0.4322916671875 0.571893275 0.42576754375 0.59301900625 0.4060307015625 0.5885946640624999 0.3976041671875
1 0.4449579671875 0.4059046046875 0.444767909375 0.4177302625 0.46655701718750003 0.417842653125 0.466330409375 0.4063596484375 0.4449579671875 0.4059046046875
1 0.4361769 0.38099506562499996 0.43598684218750006 0.39282072343749996 0.45777595 0.3929331140625 0.4575493421875 0.381450109375 0.4361769 0.38099506562499996
1 0.46288377187499996 0.37897478125 0.46220760156249996 0.36702302656249997 0.43991228125 0.3693530703125 0.4404057015625 0.381304825 0.46288377187499996 0.37897478125
1 0.6166209796875 0.16242598749999998 0.6239400578125001 0.1575932015625 0.60568530625 0.104375 0.5990058484375 0.10859923281249999 0.6166209796875 0.16242598749999998
1 0.6238706140625 0.15830317968750002 0.630135234375 0.15446820156250002 0.6209027781249999 0.12613760937500001 0.61490314375 0.1301178734375 0.6238706140625 0.15830317968750002
1 0.6167562140625 0.0644544953125 0.61483918125 0.0576206140625 0.6039327484375 0.0648656796875 0.6056158625 0.07141173281249999 0.6167562140625 0.0644544953125
1 0.6223684203125 0.07077850937499999 0.6201937140625 0.062445175 0.6088633046874999 0.06973684218750001 0.61105263125 0.077796053125 0.6223684203125 0.07077850937499999
1 0.6024232453125 0.059687500000000004 0.6043713453125 0.0654906796875 0.615107821875 0.0578344296875 0.613108553125 0.052266995312499995 0.6024232453125 0.059687500000000004
1 0.6145833328125 0.0490405703125 0.6118073828124999 0.0413020828125 0.596366959375 0.0528591015625 0.59895650625 0.060534539062500003 0.6145833328125 0.0490405703125
1 0.6123812140625 0.040934759375000004 0.6096052624999999 0.033196271875 0.5941630109375 0.0447532890625 0.5967525578124999 0.052428728125000004 0.6123812140625 0.040934759375000004
0 0.55476608125 0.0963596484375 0.557474415625 0.1009320171875 0.5659247078125 0.0903207234375 0.5631341375 0.0858607453125 0.55476608125 0.0963596484375
0 0.553563596875 0.1109649125 0.5498355265625 0.11208881562499999 0.551078215625 0.12291666718750001 0.5549342109375 0.12176535156249998 0.553563596875 0.1109649125
0 0.55707236875 0.1077028515625 0.5541136703125 0.11107456093750001 0.5578088453125 0.11794407968750001 0.5607638890625 0.1142543859375 0.55707236875 0.1077028515625
0 0.56012426875 0.101918859375 0.5568896203125 0.10578399062499999 0.5612152781249999 0.1136019734375 0.564455409375 0.10978618437500001 0.56012426875 0.101918859375
0 0.5637902046875001 0.0988733546875 0.56055555625 0.1027384875 0.5648812140625 0.11055921093750001 0.5681213453125 0.1067406796875 0.5637902046875001 0.0988733546875
0 0.5732364765625 0.098596490625 0.570001828125 0.10246162343750001 0.5743293125 0.110282346875 0.5775676171875 0.106463815625 0.5732364765625 0.098596490625
0 0.5673611109375 0.09379111875 0.5641264625 0.09765625 0.5684521203124999 0.10547423281249999 0.5716922515625 0.10165844375 0.5673611109375 0.09379111875
1 0.9623172515625 0.004742325 0.9566922515625 0.010638706250000001 0.9718019 0.035444079687500005 0.9771564328125001 0.028563596875000003 0.9623172515625 0.004742325
0 0.23255847968749999 0.5699396937500001 0.2298611109375 0.5640899125 0.2207346484375 0.5734649125 0.22353801093749998 0.579432565625 0.23255847968749999 0.5699396937500001
0 0.2308168859375 0.5551014249999999 0.22811951718749998 0.5492516453125 0.21899305624999998 0.5586266453125 0.22179641874999997 0.5645942984375 0.2308168859375 0.5551014249999999
0 0.10176900625 0.48672697343750004 0.09851973750000001 0.47911184218749997 0.0891630109375 0.488596490625 0.092750365625 0.496219846875 0.10176900625 0.48672697343750004
0 0.1775767546875 0.3430921046875 0.1802631578125 0.34816337656249996 0.1871125734375 0.3395833328125 0.184375 0.3345394734375 0.1775767546875 0.3430921046875
0 0.18819444375 0.328179825 0.1915204671875 0.333196271875 0.199634503125 0.320723684375 0.19607090625 0.3158168859375 0.18819444375 0.328179825
0 0.150438596875 0.21581688593749998 0.153545321875 0.222313596875 0.16203581875 0.21366502187499997 0.158739034375 0.207584978125 0.150438596875 0.21581688593749998
0 0.33214546718750004 0.485471490625 0.33474049687499996 0.49133771875 0.344060671875 0.48193530625000003 0.3415387421875 0.4764528515625 0.33214546718750004 0.485471490625
0 0.32991228125 0.476573465625 0.332507309375 0.48243969375000006 0.34142909375 0.4734375 0.3388157890625 0.46737938593750006 0.32991228125 0.476573465625
0 0.32724780625 0.46790021875 0.3298793859375 0.4734649125 0.33722587656249997 0.4655975875 0.3345577484375 0.46014254374999997 0.32724780625 0.46790021875
0 0.3244700296875 0.45970394687500005 0.32726608125 0.46480263125 0.3345577484375 0.45630482499999997 0.331725146875 0.45101425468749995 0.3244700296875 0.45970394687500005
0 0.30628655 0.4984375 0.3091739765625 0.5041666671875 0.31827485312500003 0.49405153437499993 0.315259503125 0.488678728125 0.30628655 0.4984375
0 0.304258040625 0.4900219296875 0.30698099375 0.49536732499999997 0.314364034375 0.48708881562500006 0.311421784375 0.4817434203125 0.304258040625 0.4900219296875
0 0.29921418125 0.4830866234375 0.301973684375 0.4880756578125 0.30970394687499997 0.47853618437499995 0.3067982453125 0.4734100875 0.29921418125 0.4830866234375
0 0.295650584375 0.47565789531249997 0.298848684375 0.48053728125 0.30699926875 0.46951754375 0.30384685624999996 0.46457785156250003 0.295650584375 0.47565789531249997
0 0.292134503125 0.47009594374999997 0.2955025578125 0.47491228124999996 0.30342470781249997 0.46251644687500004 0.300054825 0.4578125 0.292134503125 0.47009594374999997
0 0.28733918125 0.46341831093749997 0.290570175 0.4685032890625 0.298839546875 0.4557593203125 0.2954678359375 0.45093201718750003 0.28733918125 0.46341831093749997
0 0.2837171046875 0.45531798281249997 0.28737207656249997 0.46006030625000005 0.2953947375 0.44706688593750005 0.2919042390625 0.442516446875 0.2837171046875 0.45531798281249997
0 0.29110014687499997 0.4419407890625 0.28770102343750004 0.43667763125 0.2793019 0.44816611875 0.28283991249999996 0.4537280703125 0.29110014687499997 0.4419407890625
0 0.2756213453125 0.43988486875 0.2783077484375 0.445257675 0.2862207609375 0.43648574531250006 0.2834247078125 0.43141447343749995 0.2756213453125 0.43988486875
0 0.2720029234375 0.4341008765625 0.275 0.439418859375 0.28210891875 0.4296052625 0.279055190625 0.4246217109375 0.2720029234375 0.4341008765625
0 0.26803728125 0.4287280703125 0.2713523390625 0.433692434375 0.278581871875 0.42324561406249994 0.27514254375 0.41822094375 0.26803728125 0.4287280703125
0 0.26335891875 0.42360197343749995 0.266812865625 0.4283717109375 0.2743603796875 0.4161184203125 0.2709429828125 0.41175986875000004 0.26335891875 0.42360197343749995
0 0.2591374265625 0.4170778515625 0.262445175 0.4219572375 0.2693530703125 0.41167763125 0.2662646203125 0.40696271875 0.2591374265625 0.4170778515625
0 0.255025584375 0.41230811406249995 0.25840643281250003 0.4176809203125 0.266100146875 0.4062774125 0.262847221875 0.4013432015625 0.255025584375 0.41230811406249995
0 0.301260965625 0.4343475875 0.304385965625 0.4299342109375 0.29842836250000004 0.4205866234375 0.2955043859375 0.4248629390625 0.301260965625 0.4343475875
0 0.25720029218749996 0.383908990625 0.2533442984375 0.387445175 0.2578399125 0.3989857453125 0.2618421046875 0.3955866234375 0.25720029218749996 0.383908990625
0 0.262097953125 0.3790844296875 0.2583516078125 0.382456140625 0.2627192984375 0.3936677625 0.26641081875 0.3900219296875 0.262097953125 0.3790844296875
0 0.268384503125 0.37415021875 0.2646381578125 0.377768640625 0.27037646249999997 0.39191337656249997 0.27404970781250004 0.3881030703125 0.268384503125 0.37415021875
0 0.2739400578125 0.36803728125 0.2705043859375 0.371518640625 0.2760051171875 0.3834155703125 0.2791666671875 0.380098684375 0.2739400578125 0.36803728125
0 0.318841375 0.45553728125 0.32235014687499997 0.4606633765625 0.3306103796875 0.44769736875 0.32730263125 0.44287280625000003 0.318841375 0.45553728125
0 0.31509502968750003 0.44610745625000003 0.3177083328125 0.45211074531250006 0.3268274859375 0.442516446875 0.32426900625 0.43706140312499997 0.31509502968750003 0.44610745625000003
0 0.3135416671875 0.43706140312499997 0.31589912343750004 0.44295504374999994 0.32463450312500003 0.434676534375 0.3220760234375 0.42894736875 0.3135416671875 0.43706140312499997
0 0.31036184218749996 0.42938596562500003 0.3126827484375 0.43530701718750003 0.3221125734375 0.42650767500000003 0.31966374218750004 0.4209429828125 0.31036184218749996 0.42938596562500003
0 0.318421053125 0.4205317984375 0.3165935671875 0.414473684375 0.3072551171875 0.42080592031249997 0.3088815796875 0.426891446875 0.318421053125 0.4205317984375
0 0.3024415203125 0.4153399125 0.30548245625 0.4208881578125 0.3139619890625 0.4100054828125 0.3107273390625 0.40441337656250004 0.3024415203125 0.4153399125
0 0.29656615468749997 0.40995888125 0.29930555625 0.415981359375 0.30842470781250003 0.4059758765625 0.30555555624999997 0.3998355265625 0.29656615468749997 0.40995888125
0 0.298090278125 0.39894462656249996 0.3005665203125 0.40435855312499996 0.307984284375 0.39618146875 0.30548245625 0.390981359375 0.298090278125 0.39894462656249996
0 0.294588815625 0.393182565625 0.29703947343750003 0.3986567984375 0.3044590640625 0.39054276250000003 0.301900584375 0.38506030625 0.294588815625 0.393182565625
0 0.2907711984375 0.3869517546875 0.293347953125 0.39295504375 0.3009137421875 0.38516995625 0.29846491249999996 0.379331140625 0.2907711984375 0.3869517546875
0 0.30897660781249997 0.347116228125 0.312481725 0.343338815625 0.3063231 0.33048245625 0.3028508765625 0.334046053125 0.30897660781249997 0.347116228125
0 0.312097953125 0.3251644734375 0.30849780625 0.3286184203125 0.3142726609375 0.34303728125 0.3178179828125 0.33969298281250004 0.312097953125 0.3251644734375
0 0.3192616953125 0.3200383765625 0.31538742656249996 0.3235471484375 0.3203033625 0.3375822375 0.3243238296875 0.334018640625 0.3192616953125 0.3200383765625
0 0.3244334796875 0.31570723749999996 0.3203581875 0.3189418859375 0.3247368421875 0.33188048281250004 0.328508771875 0.32889254375 0.3244334796875 0.31570723749999996
0 0.3363450296875 0.31449013125 0.3318896203125 0.3126096484375 0.3288706140625 0.3278344296875 0.3333442984375 0.3291365125 0.3363450296875 0.31449013125
0 0.344956140625 0.301206140625 0.340643275 0.29915570156250004 0.33621344999999997 0.314813596875 0.34086257343750004 0.317543859375 0.344956140625 0.301206140625
0 0.35073099375 0.302658990625 0.3453764625 0.2999725875 0.34149305625 0.3161321265625 0.34705774843750004 0.3189692984375 0.35073099375 0.302658990625
0 0.35778508750000004 0.3013980265625 0.353545321875 0.2999177625 0.351239034375 0.3142543859375 0.3558187140625 0.3156743421875 0.35778508750000004 0.3013980265625
0 0.36922514687499997 0.290953946875 0.3669225140625 0.2849780703125 0.3578581875 0.2932017546875 0.36023391875 0.29928728125 0.36922514687499997 0.290953946875
0 0.3725146203125 0.2993969296875 0.37013888906250003 0.292543859375 0.359429825 0.3009868421875 0.36178728125 0.3080317984375 0.3725146203125 0.2993969296875
0 0.37598501406249996 0.3073190796875 0.37333150625 0.29939144687499997 0.3627174703125 0.307088815625 0.36526132968749997 0.3151480265625 0.37598501406249996 0.3073190796875
0 0.378223684375 0.31570723749999996 0.3760599421875 0.3092653515625 0.366776315625 0.316008771875 0.3688139625 0.32251644687500003 0.378223684375 0.31570723749999996
0 0.38161549687499996 0.3229440796875 0.3794225140625 0.31636513125 0.3686823828125 0.3238980265625 0.3707894734375 0.33074013125 0.38161549687499996 0.3229440796875
0 0.3844937859375 0.3297532890625 0.3822551171875 0.3236019734375 0.3721673984375 0.3318256578125 0.37423245625 0.33873355312500003 0.3844937859375 0.3297532890625
0 0.3861842109375 0.340268640625 0.384064328125 0.33360745625 0.3736111109375 0.3408717109375 0.3759137421875 0.34766995624999997 0.3861842109375 0.340268640625
0 0.3637975140625 0.36600877187499997 0.36726973749999997 0.3622532890625 0.36135599375 0.349007675 0.3581030703125 0.352086075 0.3637975140625 0.36600877187499997
0 0.39724049687499996 0.37160087656249996 0.39490131562499997 0.3651315796875 0.3841081875 0.3735307015625 0.386403509375 0.38026315781250003 0.39724049687499996 0.37160087656249996
0 0.4041081875 0.388596490625 0.40201023437499994 0.38188048281250003 0.39095394687499996 0.3892269734375 0.3931652046875 0.39639254375 0.4041081875 0.388596490625
0 0.40502558437499997 0.40093201718750004 0.402741228125 0.3947094296875 0.3928545328125 0.40307017500000003 0.39496345 0.4094517546875 0.40502558437499997 0.40093201718750004
0 0.41053362499999996 0.4113596484375 0.408168859375 0.40498903437499995 0.3975146203125 0.41315789531249997 0.39959064375 0.419846490625 0.41053362499999996 0.4113596484375
0 0.4146564328125 0.4239309203125 0.412920321875 0.4170778515625 0.4016447375 0.42349232499999995 0.4032894734375 0.43053728125 0.4146564328125 0.4239309203125
0 0.39195906406250003 0.3967105265625 0.3872733921875 0.3986567984375 0.390168128125 0.41632127187499995 0.3951388890625 0.4139528515625 0.39195906406250003 0.3967105265625
0 0.3240862578125 0.362883771875 0.3223684203125 0.3567708328125 0.313706140625 0.362143640625 0.31547880156249997 0.368393640625 0.3240862578125 0.362883771875
0 0.3380847953125 0.352823465625 0.33642178437500003 0.3467927625 0.328435671875 0.3518366234375 0.33013523437500003 0.35808662343750003 0.3380847953125 0.352823465625
0 0.340168128125 0.35989583281250004 0.33819444375 0.354331140625 0.3299524859375 0.360992325 0.33220029218749997 0.366831140625 0.340168128125 0.35989583281250004
0 0.3436038015625 0.36847587656249997 0.3415131578125 0.36265350937499996 0.3329495609375 0.369901315625 0.33523391875 0.3759868421875 0.3436038015625 0.36847587656249997
0 0.3467105265625 0.375054825 0.34444444375 0.36951754375 0.33508771875 0.378179825 0.33739035156249997 0.384046053125 0.3467105265625 0.375054825
0 0.3493841375 0.3853207234375 0.347258771875 0.3786732453125 0.3375639625 0.3859457234375 0.33958150625 0.392557565625 0.3493841375 0.3853207234375
0 0.3526297515625 0.39420230312500004 0.3505482453125 0.3870065796875 0.3394060671875 0.39472861875 0.3415771203125 0.4022615125 0.3526297515625 0.39420230312500004
0 0.3564692984375 0.4013980265625 0.3541666671875 0.394956140625 0.3441209796875 0.4025904609375 0.3463797515625 0.409235196875 0.3564692984375 0.4013980265625
0 0.356231725 0.4125 0.354276315625 0.40679824531250003 0.3463358921875 0.41288651249999997 0.34842836250000003 0.41894188593750004 0.356231725 0.4125
0 0.36023391875 0.41987390312499995 0.3578947375 0.4140350875 0.3494334796875 0.4212719296875 0.351882309375 0.42738486875000004 0.36023391875 0.41987390312499995
0 0.3662097953125 0.440953946875 0.364364034375 0.4341282890625 0.353545321875 0.4407346484375 0.3556030703125 0.44747258749999996 0.3662097953125 0.440953946875
0 0.375453215625 0.41990679843749995 0.373099415625 0.4138432015625 0.364115496875 0.4213870609375 0.36633771875 0.42741228124999997 0.375453215625 0.41990679843749995
0 0.37205409375 0.4101041671875 0.3700840640625 0.4040844296875 0.36012426875000003 0.41171600937499997 0.3622441515625 0.41803728125 0.37205409375 0.4101041671875
0 0.366849415625 0.3920230265625 0.36465643281250004 0.3861567984375 0.35658077499999996 0.3933881578125 0.3586988296875 0.39917763125 0.366849415625 0.3920230265625
0 0.3627083328125 0.378604715625 0.360489765625 0.3721217109375 0.35089546718750003 0.3797149125 0.3531560671875 0.3861430921875 0.3627083328125 0.378604715625
0 0.3615679828125 0.36957236875 0.3591557015625 0.3630208328125 0.348338815625 0.3711842109375 0.3506213453125 0.378125 0.3615679828125 0.36957236875
0 0.3591557015625 0.36080043906250003 0.35705409375 0.35411184218749997 0.34637426875 0.36163925468749997 0.34835526250000004 0.368695175 0.3591557015625 0.36080043906250003
0 0.3561641078125 0.3521655703125 0.354294590625 0.345778509375 0.345679825 0.3520257671875 0.34760599375 0.358325109375 0.3561641078125 0.3521655703125
0 0.3404057015625 0.3464830046875 0.34283808437499996 0.3523081140625 0.35095029218749996 0.34407894687499996 0.3483954671875 0.3384292765625 0.3404057015625 0.3464830046875
0 0.38980263125 0.240466009375 0.3934941515625 0.2360197375 0.38673245624999997 0.223492325 0.38320540937500003 0.2274671046875 0.38980263125 0.240466009375
1 0.4077302625 0.18547149062499999 0.4103070171875 0.190570175 0.4156633765625 0.1847916671875 0.41299342031249997 0.179358553125 0.4077302625 0.18547149062499999
0 0.432492690625 0.155153509375 0.43546052656249995 0.1606880484375 0.44385964843750003 0.150457784375 0.440811403125 0.1452933109375 0.432492690625 0.155153509375
0 0.425365496875 0.137116228125 0.42883771875 0.14292763125000002 0.43802448906249997 0.1306003296875 0.4343658625 0.125112390625 0.425365496875 0.137116228125
0 0.4368969296875 0.123492325 0.44053362500000004 0.129221490625 0.44971856718750003 0.116891446875 0.44606176875000003 0.11140350937500001 0.4368969296875 0.123492325
0 0.45818530625 0.13137883749999998 0.45535635937499996 0.12670778437500002 0.44675986874999996 0.136773575 0.44959795312499995 0.14205043906249998 0.45818530625 0.13137883749999998
0 0.46878655 0.11609100937500001 0.4653508765625 0.11110197343749999 0.45727339218749996 0.12299890312499999 0.4606907890625 0.1280427625 0.46878655 0.11609100937500001
0 0.4770833328125 0.0974506578125 0.47370248593750003 0.09122807031249999 0.464382309375 0.1010416671875 0.46794590625000004 0.1075932015625 0.4770833328125 0.0974506578125
1 0.5465460531249999 0.0122258765625 0.5493969296875 0.0169956140625 0.5543494156250001 0.0100328953125 0.5514802624999999 0.0057017546874999995 0.5465460531249999 0.0122258765625
1 0.5415953953125 0.01925986875 0.5444462718749999 0.0240296046875 0.5493987578125 0.0170668859375 0.5465296046875 0.0127357453125 0.5415953953125 0.01925986875
0 0.42635233906250003 0.2032620609375 0.422231359375 0.205792215625 0.4265040203125 0.22178728125 0.43066520468749997 0.219106359375 0.42635233906250003 0.2032620609375
0 0.43212719374999997 0.2013980265625 0.42823464843750003 0.20423245625000003 0.43243969375 0.2182428734375 0.436284721875 0.2151096484375 0.43212719374999997 0.2013980265625
0 0.43773026249999997 0.21766173281249998 0.44226973750000004 0.215213815625 0.4385032890625 0.1986595390625 0.43386330468749995 0.20071271875000002 0.43773026249999997 0.21766173281249998
0 0.4452850875 0.195367325 0.44110014687500004 0.198026315625 0.4452613296875 0.213053728125 0.4493603796875 0.21016995624999998 0.4452850875 0.195367325
0 0.4504934203125 0.193338815625 0.44663742656250005 0.1959429828125 0.450489765625 0.20890899062499999 0.45455043906250003 0.20627741249999998 0.4504934203125 0.193338815625
0 0.4568530703125 0.189117325 0.45257675468749997 0.1920504390625 0.45665935625 0.20526589843749998 0.4608918125 0.20219298281250003 0.4568530703125 0.189117325
0 0.464491959375 0.2032894734375 0.4603983921875 0.2068530703125 0.46575292343749997 0.22110745625 0.4700292390625 0.21721491249999997 0.464491959375 0.2032894734375
0 0.4576754390625 0.254989034375 0.46217105312499995 0.2521929828125 0.45822002968750003 0.237198465625 0.4540204671875 0.23985745625 0.4576754390625 0.254989034375
0 0.4506816515625 0.2529166671875 0.45533625781250003 0.2501096484375 0.45144371406249995 0.23511513125 0.44702668125 0.2377850875 0.4506816515625 0.2529166671875
0 0.468784721875 0.24954495625 0.47328033593749996 0.246748903125 0.4693274859375 0.23175438593750003 0.4651297515625 0.2344133765625 0.468784721875 0.24954495625
0 0.474283625 0.245811403125 0.47877923906250003 0.24301535156249998 0.4748263890625 0.22802083281250002 0.4706286546875 0.230679825 0.474283625 0.245811403125
0 0.4802649859375 0.2448656796875 0.4847606 0.24206962656250003 0.48080774843749996 0.227075109375 0.47661001406250003 0.2297341015625 0.4802649859375 0.2448656796875
0 0.48580043906250003 0.2410197375 0.49029605312499996 0.238223684375 0.48634320156250005 0.22322916718750002 0.4821454671875 0.2258881578125 0.48580043906250003 0.2410197375
0 0.49181834843749994 0.23806469375 0.49631396250000004 0.23526864062500003 0.4923629390625 0.2202768640625 0.4881633765625 0.2229331140625 0.49181834843749994 0.23806469375
0 0.46885051093749996 0.1832072375 0.46474415156250004 0.1853344296875 0.46862207656250005 0.20035635937500001 0.4727887421875 0.19775219375 0.46885051093749996 0.1832072375
0 0.47364035156249995 0.18031250000000001 0.46949013125 0.1834731359375 0.474524853125 0.1982182015625 0.4787646203125 0.1947094296875 0.47364035156249995 0.18031250000000001
0 0.4847386703125 0.1952028515625 0.4890350875 0.1924342109375 0.48492324531250003 0.17612390312499998 0.4807200296875 0.178563596875 0.4847386703125 0.1952028515625
0 0.516063596875 0.18834978125 0.5177997078125001 0.18204495625 0.5075109656250001 0.17587719375 0.5055738296875 0.18212719375 0.516063596875 0.18834978125
0 0.529312865625 0.171546053125 0.5272880109375 0.1653399125 0.5173245609375 0.171491228125 0.519206871875 0.1779605265625 0.529312865625 0.171546053125
0 0.527028509375 0.1657894734375 0.5259685671875001 0.1580043859375 0.5138706140625 0.16239035156249998 0.515168128125 0.170778509375 0.527028509375 0.1657894734375
0 0.5242690062500001 0.1563596484375 0.522203946875 0.149616228125 0.5119883046875 0.1563322375 0.5138340640625 0.1630756578125 0.5242690062500001 0.1563596484375
0 0.5202850875 0.15084978124999998 0.5186769 0.1447094296875 0.508260234375 0.150411184375 0.5100146203125 0.15707236875 0.5202850875 0.15084978124999998
0 0.51796418125 0.1446546046875 0.5162646203125 0.13867872812499998 0.5078435671875 0.1436266453125 0.5094481 0.15 0.51796418125 0.1446546046875
0 0.5155244890625 0.1373656796875 0.513687865625 0.1310855265625 0.5028326015625 0.13739035156249998 0.5046052624999999 0.14424342031249998 0.5155244890625 0.1373656796875
0 0.5126461984375 0.130893640625 0.5113486843749999 0.1236842109375 0.49987573125000007 0.12889254375 0.5012792390625 0.136321271875 0.5126461984375 0.130893640625
0 0.47962353750000003 0.1674067984375 0.4811769 0.17417763125000002 0.4908442984375 0.1693256578125 0.48912646249999997 0.1623629390625 0.47962353750000003 0.1674067984375
0 0.476206140625 0.1615405703125 0.47783260156249996 0.1677083328125 0.48605628593750005 0.16263706093750002 0.4843019 0.1564692984375 0.476206140625 0.1615405703125
0 0.47344663750000004 0.1510416671875 0.475438596875 0.15866228124999998 0.486293859375 0.1517269734375 0.48402777812500003 0.14457236874999999 0.47344663750000004 0.1510416671875
0 0.5736842109375 0.23048245625 0.5780957609375 0.2270559203125 0.5736750734375 0.21256853125 0.5690423984375 0.21551535156249998 0.5736842109375 0.23048245625
0 0.8094261703125 0.161844846875 0.8089144734374999 0.1547697375 0.7972733921875 0.1562253296875 0.79773391875 0.1635142546875 0.8094261703125 0.161844846875
0 0.7700511703124999 0.1308004390625 0.774524853125 0.12631578906250002 0.7684064328125 0.11287280625 0.7636915203125 0.11718201718750001 0.7700511703124999 0.1308004390625
0 0.787481725 0.11757127187500001 0.7821637421875 0.12053179843749999 0.786421784375 0.13514254375 0.791867690625 0.13209978125 0.787481725 0.11757127187500001
1 0.71058845 0.0334758765625 0.7035087718749999 0.0403508765625 0.7248355265625 0.08207236875 0.7317068718749999 0.074698465625 0.71058845 0.0334758765625
0 0.732419590625 0.11922149062500001 0.730687134375 0.11395833281250001 0.7214985375 0.1196820171875 0.7228618421874999 0.125301534375 0.732419590625 0.11922149062500001
1 0.7161366953125 0.110526315625 0.718731725 0.1203125 0.7355793125 0.1105180921875 0.7327302625 0.10074013125 0.7161366953125 0.110526315625
0 0.7986842109375 0.13643092031249998 0.7940058484375 0.1392543859375 0.7984247078125 0.1535581140625 0.8031067249999999 0.15076754375 0.7986842109375 0.13643092031249998
0 0.7939236109375 0.1211184203125 0.7895668859375 0.12386513125000001 0.7943347953125001 0.13867872812499998 0.7989400578125 0.1354166671875 0.7939236109375 0.1211184203125
0 0.7986659359375 0.1338267546875 0.8026133046874999 0.13050986874999998 0.796454678125 0.1153782890625 0.7925822375 0.1185032890625 0.7986659359375 0.1338267546875
0 0.802796053125 0.1307565796875 0.797953215625 0.1334703953125 0.8025584796875 0.14912280625000002 0.8076388890624999 0.14629934218750001 0.802796053125 0.1307565796875
0 0.8078417390625001 0.1295641453125 0.802998903125 0.1322779609375 0.8076041671875 0.14793037343749998 0.8126845765624999 0.1451069078125 0.8078417390625001 0.1295641453125
1 0.7952485375 0.104846490625 0.7942616953125 0.0951480265625 0.7786366953125 0.097971490625 0.7794590640625 0.107757675 0.7952485375 0.104846490625
0 0.8048245609375 0.1138157890625 0.7992690062500001 0.11614583281249999 0.8025127921875 0.1318695171875 0.8078581874999999 0.129358553125 0.8048245609375 0.1138157890625
0 0.8092288015625 0.1291118421875 0.813651315625 0.1259868421875 0.80862573125 0.111348684375 0.8041849421875 0.11417214843750001 0.8092288015625 0.1291118421875
0 0.8137792390625 0.11110197343749999 0.81295504375 0.10459978125 0.8018274859375 0.1072642546875 0.8026315796875 0.11395285156249998 0.8137792390625 0.11110197343749999
0 0.8154605265624999 0.11145833281249999 0.810508040625 0.11403508749999999 0.8149853796875 0.1293530703125 0.8200292390625 0.126233553125 0.8154605265624999 0.11145833281249999
0 0.8129422515625 0.1281195171875 0.8086074562500001 0.13040021875000002 0.8121783625000001 0.143278509375 0.81641081875 0.140679825 0.8129422515625 0.1281195171875
0 0.8206871343750001 0.126864034375 0.815935671875 0.128453946875 0.8186769 0.145614034375 0.8234466375 0.144161184375 0.8206871343750001 0.126864034375
0 0.8247989765625 0.1400767546875 0.83053728125 0.1375822375 0.8258004390625 0.11820449531249999 0.8203874265625 0.120866228125 0.8247989765625 0.1400767546875
0 0.8320120609374999 0.12610197343750001 0.8362024859374999 0.123053728125 0.8306743421875 0.1078453953125 0.826507675 0.1105756578125 0.8320120609374999 0.12610197343750001
0 0.8346308484374999 0.121875 0.838260234375 0.11893914531250001 0.833903509375 0.1060553734375 0.8301443718750001 0.10870614062499999 0.8346308484374999 0.121875
1 0.8197733921875001 0.09306469375000001 0.8134557750000001 0.0959895828125 0.8192470765625 0.1202494515625 0.8261878656249999 0.11694078906250001 0.8197733921875001 0.09306469375000001
0 0.8107090640625 0.101096490625 0.8096308484374999 0.092516446875 0.798793859375 0.094928728125 0.7995266812499999 0.103127740625 0.8107090640625 0.101096490625
0 0.8219115499999999 0.08832236875 0.8197002921875001 0.08278508749999999 0.810641446875 0.089372259375 0.8127923984375001 0.095010965625 0.8219115499999999 0.08832236875
0 0.819846490625 0.0810307015625 0.8177814328125 0.0748629390625 0.8089729531250001 0.0813322375 0.8109283625 0.08714364062499999 0.819846490625 0.0810307015625
0 0.855466009375 0.11222587656250001 0.8557182015624999 0.10459978125 0.8439692984375 0.1030427625 0.8437171046874999 0.11056743437500001 0.855466009375 0.11222587656250001
0 0.847507309375 0.09938870625 0.84930555625 0.1051809203125 0.8600127921875 0.099106359375 0.8581816515625 0.093135965625 0.847507309375 0.09938870625
0 0.852152778125 0.09243695156250001 0.8499415203125 0.087510965625 0.8414839187500001 0.095010965625 0.844097221875 0.10021929843749999 0.852152778125 0.09243695156250001
0 0.8623611109375 0.0844956140625 0.8597770468749999 0.0787554828125 0.8508040937500001 0.086348684375 0.853179825 0.0924067984375 0.8623611109375 0.0844956140625
1 0.85993969375 0.0773190796875 0.8564875734375 0.0690241234375 0.83962719375 0.0803892546875 0.8429093562500001 0.08983004375 0.85993969375 0.0773190796875
0 0.8419864765625 0.0962006578125 0.8403508765625001 0.089391446875 0.8293238296875 0.0942132671875 0.8308077484374999 0.10150767499999999 0.8419864765625 0.0962006578125
1 0.82108918125 0.08845942968750001 0.82421418125 0.0977796046875 0.8415204671875 0.08651315781249999 0.8386147656249999 0.07760416718749999 0.82108918125 0.08845942968750001
1 0.8115131578125 0.06669407968749999 0.8150584796875 0.07576754375 0.8316885968750001 0.0631304828125 0.828114034375 0.0542516453125 0.8115131578125 0.06669407968749999